2.834652308859708647e-02
2.201762203774595278e-02
1.770454751992814671e-02
2.158060755307574310e-02
2.609767914998054397e-02
3.109246516849724362e-02
3.468729653338439162e-02
3.343238283760310153e-02
3.123277501941358267e-02
2.747765605536018133e-02
2.787778264929341443e-02
3.282775865095063916e-02
4.334858909521625836e-02
5.674889638980357143e-02
6.352160995820455014e-02
6.193222065744553861e-02
5.336280119081336648e-02
5.507755790321322564e-02
6.452723165853577192e-02
6.597542210898402204e-02
5.492712141839417583e-02
8.031163442156392940e-02
1.286676788349676026e-01
1.528935402088408002e-01
1.159358919923865194e-01
6.662793266412489479e-02
6.702024253377855678e-02
1.099655018922180011e-01
1.108164985657979495e-01
9.020935965078036300e-02
8.041885539688702067e-02
1.204351173548887932e-01
1.457128334226765742e-01
1.456580984131646272e-01
1.172763334796313450e-01
1.156593706379440006e-01
1.182121461626012421e-01
9.793531513973344205e-02
1.006255980032825376e-01
1.047823290707979998e-01
9.543847156467429038e-02
5.581066797305877375e-02
1.259854455763833037e-01
1.548183256443632361e-01
1.152332347013351882e-01
3.897839302614151263e-02
1.252303791475645189e-01
1.399067936588785088e-01
1.213980353559749453e-01
1.032672282684367893e-01
1.196767696685779730e-01
1.130172425373712625e-01
1.138006263218340058e-01
1.000836210457648617e-01
7.955833006581047862e-02
6.622575045688817996e-02
6.460489798429705499e-02
6.277329926570611451e-02
5.342771442712574564e-02
5.098567724932856482e-02
6.230276303329010390e-02
7.539729667174611960e-02
7.363448603292684080e-02
6.988373693054200642e-02
6.941331160567089376e-02
6.756612842084092074e-02
5.175943086392491982e-02
4.431349049521656619e-02
7.456476986943769147e-02
1.027528352929475280e-01
1.139764034197438686e-01
9.333985792570932694e-02
6.918017137818466278e-02
5.270174484698714190e-02
5.303577525285765870e-02
7.829832487953558573e-02
1.043553916452475416e-01
1.175249439462686951e-01
1.146614127466668714e-01
8.702152590093958917e-02
6.023947788259789021e-02
4.687341482780969099e-02
5.229063707704732084e-02
7.999259856770563060e-02
1.095123768030449585e-01
1.340098624407912720e-01
1.316057898256394187e-01
1.095360929841264624e-01
6.982148522871237106e-02
5.338107424268829365e-02
7.191729771419112793e-02
1.066352816642761048e-01
1.454623814657112491e-01
1.606584171723078602e-01
1.317313601347644136e-01
9.791968148031629515e-02
7.866537565751910432e-02
9.298874756098501893e-02
1.454435589542792395e-01
1.822070899831886581e-01
1.738038611298405589e-01
1.420602133046906523e-01
1.057513955821463431e-01
1.270340623179302963e-01
1.620229919058613077e-01
1.776627810846193867e-01
1.698376202214992303e-01
1.389068564993197197e-01
1.208461480586985742e-01
1.039993470186813124e-01
1.248030748032178811e-01
1.892963256772843550e-01
2.303898748688450737e-01
2.169475920601713070e-01
1.833026287868652071e-01
1.466270063008850988e-01
1.308473021289254523e-01
1.451385262252355979e-01
1.666283146358943368e-01
1.801737467118128821e-01
1.788075482685977102e-01
1.766833234229317484e-01
1.849043179456612840e-01
2.023618519903919721e-01
2.161123517649615744e-01
2.150429923601466786e-01
1.916774774740897802e-01
1.776750507019345116e-01
1.930242189108087314e-01
2.219708854362783257e-01
2.458556774064607209e-01
2.531675241827839318e-01
2.379190829751854919e-01
2.257265290695814886e-01
2.236394685126268100e-01
2.310701527425597646e-01
2.504017131524090001e-01
2.614881980016648955e-01
2.586629853443809246e-01
2.405410618129601164e-01
2.288861934247572727e-01
2.359114205587389546e-01
2.519183898418793643e-01
2.669756308092841590e-01
2.703222257847742727e-01
2.619155547591570654e-01
2.554667807020008508e-01
2.516797088861358334e-01
2.603154032126114847e-01
2.850870833185604192e-01
3.053340832556089013e-01
2.993242321555296126e-01
2.791313781528135252e-01
2.573211809881765788e-01
2.604889528614756644e-01
2.827326570302100550e-01
3.273543147148650356e-01
3.737647360754011161e-01
3.953160324100580825e-01
3.857787914341269664e-01
3.355453904069996551e-01
2.947664748640962951e-01
2.808860037081531424e-01
2.914196457185062594e-01
3.296644344877907584e-01
3.736870044122987955e-01
4.022715158291569892e-01
4.114125814979867068e-01
3.949735552461142718e-01
3.803739866357621069e-01
3.692551625754712519e-01
3.624028975496649818e-01
3.577850266048362426e-01
3.599177254640852364e-01
3.702464805071244425e-01
3.945431094774453640e-01
4.207707208970002388e-01
4.369225044534195135e-01
4.395123825607989421e-01
4.224960494248456988e-01
4.072291824524001402e-01
3.971001668142647989e-01
4.003504636286825957e-01
4.240209926980150756e-01
4.524327094843379471e-01
4.740741626967583389e-01
4.680063407749580628e-01
4.497147378990108413e-01
4.254945790187348309e-01
4.173477252544459670e-01
4.455827658506554823e-01
4.888136094930459197e-01
5.284297134685747022e-01
5.416901442402842770e-01
5.164560694076698599e-01
4.867013807361903477e-01
4.655182859645095039e-01
4.641375377455407847e-01
4.873216356550876815e-01
5.083481265762076484e-01
5.153999160926396872e-01
5.134537844116060512e-01
5.073977454083334893e-01
5.148181172202663802e-01
5.296520065792444942e-01
5.505583886691128859e-01
5.643052839475986016e-01
5.578246747088998481e-01
5.398447225795395266e-01
5.259327771881930902e-01
5.234754589271845004e-01
5.459382361097910863e-01
5.699865413536973069e-01
5.892054989717340208e-01
5.993279330451733999e-01
6.048140000792475712e-01
6.096978026081938395e-01
6.075758373961887004e-01
6.033346172519608031e-01
5.989139558291657339e-01
5.983733183565339564e-01
5.994761018515785134e-01
5.989708720126044605e-01
6.043183984605384751e-01
6.217908535913824197e-01
6.454379942980889018e-01
6.629351598367821952e-01
6.688110791123828003e-01
6.569241741953252278e-01
6.441888331687689595e-01
6.362082861659851263e-01
6.388056282978571421e-01
6.615640448715830457e-01
6.875989311343640997e-01
7.052975743365419437e-01
7.091428589286434825e-01
6.954552440212454778e-01
6.894404648019798465e-01
6.956809094630526102e-01
7.199686696186230472e-01
7.410313367324826705e-01
7.463102040189789621e-01
7.370764076110698504e-01
7.137897551561873666e-01
6.970068083990857977e-01
7.021065541768571894e-01
7.263506980662234325e-01
7.635360759294941291e-01
7.880384047455492036e-01
7.853216195871027816e-01
7.675168157197403973e-01
7.462559769132439680e-01
7.436148542453074883e-01
7.519950997189076558e-01
7.746049243331790679e-01
7.938299026831250327e-01
8.021577621978421835e-01
8.046188251503129107e-01
8.051119741890007120e-01
8.094150324082570735e-01
8.181843811882196782e-01
8.261835716111705086e-01
8.241292774116267816e-01
8.170416231631655313e-01
8.092283556539155986e-01
8.082632223519143899e-01
8.142850722042066502e-01
8.249812726260093987e-01
8.338674461583267528e-01
8.352978414030172161e-01
8.353538064395290563e-01
8.363904513639847105e-01
8.445680214521384954e-01
8.643467969887201896e-01
8.816885592232384106e-01
8.862691862590845737e-01
8.815645612881453097e-01
8.703189621885645266e-01
8.638532638614327963e-01
8.728887818574885271e-01
8.896470353494524419e-01
9.072878231318329822e-01
9.212467928598394584e-01
9.277805177860655172e-01
9.329084043259391335e-01
9.408574220748752159e-01
9.467013810962356946e-01
9.447094653563601341e-01
9.311944204472824005e-01
9.145345436033075481e-01
9.065261573156893071e-01
9.135824930850853232e-01
9.397307590795676013e-01
9.683002877380187945e-01
9.818817735056599716e-01
9.810947446920964543e-01
9.657824252464993764e-01
9.542645850851743106e-01
9.600495183291536394e-01
9.735818108583788044e-01
9.959839387054241211e-01
1.009310574832236629e+00
1.004200098862363388e+00
9.823698734998645987e-01
9.682877494240851313e-01
9.769082438564073989e-01
9.987197184120026883e-01
1.026636007700533648e+00
1.042790210050760891e+00
1.037420180096714661e+00
1.027741947830884239e+00
1.026956915752428534e+00
1.035596862362164527e+00
1.056003248293744479e+00
1.071030103549325929e+00
1.071451754075651186e+00
1.063435985631899561e+00
1.052361352175259057e+00
1.054033332914065646e+00
1.063114318961725591e+00
1.072967149316069291e+00
1.078596680820847808e+00
1.076936601684263417e+00
1.075949090520912810e+00
1.083099009261969448e+00
1.093791849620927792e+00
1.108870667138111221e+00
1.117798463843701962e+00
1.117625644045093347e+00
1.114843309939607785e+00
1.109840676908861568e+00
1.110730495775446913e+00
1.118384977954127057e+00
1.125425978383013836e+00
1.125700458801438320e+00
1.123905998327792810e+00
1.125460474452679493e+00
1.133543519133191513e+00
1.140604129118345744e+00
1.142513626514716885e+00
1.141616130123768169e+00
1.134524649023311627e+00
1.132057009176739459e+00
1.132280048639255021e+00
1.135871307187982238e+00
1.143550811479976170e+00
1.150970946363403469e+00
1.157786753001162294e+00
1.161744827560390547e+00
1.166193036256657711e+00
1.171212021487431976e+00
1.177084299538902812e+00
1.181045319110299419e+00
1.184849452614786358e+00
1.190768855358291134e+00
1.194236081139978367e+00
1.194866673479583641e+00
1.193491180671912621e+00
1.193941654927921592e+00
1.197265733727724601e+00
1.203804029688626542e+00
1.211739615360523326e+00
1.212021849770997584e+00
1.213001317059315021e+00
1.218937374653309869e+00
1.226572777052499452e+00
1.238768352247769045e+00
1.246210122399786568e+00
1.246802675143568573e+00
1.246949231980132966e+00
1.251341499677428359e+00
1.256870664969722107e+00
1.258347561146296201e+00
1.252855960527089696e+00
1.246955165999523940e+00
1.247669357945817792e+00
1.253672478574276328e+00
1.262138881456241535e+00
1.264864033207958149e+00
1.260078890599368062e+00
1.255347475657347500e+00
1.254397921369223567e+00
1.257971697990393878e+00
1.263571190648236309e+00
1.267916431117858345e+00
1.271691059484882258e+00
1.279331381344671392e+00
1.289371175642021417e+00
1.294925857736076269e+00
1.292408011555321146e+00
1.280590071141523234e+00
1.267980156335760666e+00
1.265166989568781597e+00
1.273686204848895276e+00
1.292597124075331338e+00
1.307436964275093594e+00
1.314127341425553874e+00
1.315396548037452096e+00
1.312587421442536151e+00
1.313775091372934911e+00
1.315832240480664828e+00
1.314978712496017499e+00
1.316657924842740357e+00
1.318510058662824003e+00
1.323505795269949159e+00
1.329581590429715687e+00
1.337589481157201332e+00
1.345596439941595834e+00
1.352295845528898255e+00
1.351102202431231802e+00
1.346151175975605740e+00
1.336023977744123847e+00
1.328876946143790816e+00
1.326774177466865545e+00
1.330533054351645150e+00
1.338828461273767090e+00
1.347905108144772157e+00
1.352610605600129690e+00
1.353512611276249666e+00
1.351715441954741248e+00
1.348142588083523608e+00
1.344501333059483716e+00
1.340728741091797627e+00
1.341469588813115399e+00
1.347005083926981817e+00
1.354967130764229699e+00
1.360948590483221921e+00
1.361942368199753561e+00
1.360414327060613271e+00
1.358171016733012326e+00
1.357329073942100006e+00
1.358934195154416491e+00
1.360608949688866254e+00
1.358554438711438328e+00
1.356679088874827466e+00
1.362555460335454383e+00
1.374628524609534663e+00
1.393451709854782061e+00
1.406278714475202918e+00
1.401353334239417325e+00
1.384935282235116860e+00
1.354790752633153517e+00
1.332884635470138912e+00
1.329425135198396113e+00
1.338464998985275489e+00
1.361082663774066503e+00
1.378446001303906154e+00
1.388700912757715678e+00
1.391121841502139578e+00
1.388828575101034968e+00
1.385097143615467985e+00
1.382049622260144828e+00
1.379403411685538039e+00
1.379074690098845091e+00
1.382457249525264276e+00
1.387751412520345617e+00
1.392592652969414591e+00
1.396384402355041132e+00
1.395804816488961153e+00
1.395000159824082653e+00
1.393637644621704474e+00
1.394185782426944353e+00
1.393726398099017549e+00
1.396423411600041131e+00
1.395225606270738217e+00
1.393915228594078792e+00
1.394349502569421251e+00
1.399179702274301773e+00
1.408890448868551637e+00
1.413482028400009582e+00
1.411580694621542786e+00
1.395884953927810868e+00
1.378461937749604571e+00
1.367539164720637856e+00
1.366558167831616544e+00
1.379533960756559985e+00
1.392697095582218658e+00
1.401804255859557591e+00
1.403518843153532814e+00
1.400452810049242380e+00
1.399618665975416842e+00
1.407868739990113527e+00
1.419774896574436784e+00
1.425841920412211250e+00
1.423513833663060391e+00
1.409330709334965182e+00
1.401778209328956359e+00
1.399127339046986940e+00
1.407636293048341258e+00
1.415778587117891396e+00
1.417300697687976507e+00
1.412188156125867566e+00
1.405397379223237042e+00
1.404489500156598014e+00
1.418096889153508622e+00
1.438055534013103598e+00
1.457712873444006796e+00
1.462383114616256474e+00
1.441192027721600155e+00
1.418364560403159613e+00
1.398810797238855708e+00
1.388815429281972769e+00
1.395332228350105730e+00
1.416633782909508144e+00
1.435412247267679575e+00
1.439516351602089239e+00
1.434029162429138138e+00
1.420954245115540804e+00
1.409753330230758106e+00
1.407397592219555627e+00
1.414098972478514238e+00
1.428200491418589291e+00
1.438671258004190490e+00
1.438117548713553129e+00
1.431498496483241345e+00
1.417414033448777255e+00
1.406485312429347267e+00
1.405846836134132083e+00
1.416198377226561167e+00
1.424590811741353047e+00
1.424338608760524316e+00
1.416532950382834333e+00
1.405534162010433796e+00
1.398891472681944359e+00
1.402867141684910113e+00
1.410797880329311527e+00
1.418770928358075389e+00
1.420503197754463320e+00
1.415617191497411831e+00
1.407412455234513082e+00
1.401524674972481677e+00
1.402982451417071896e+00
1.408531302252530315e+00
1.415304497441956189e+00
1.417537033247409317e+00
1.408874856867276204e+00
1.400919885959436284e+00
1.392657639672774783e+00
1.390070083456495187e+00
1.393340733783619223e+00
1.397433239720158982e+00
1.398817238114960171e+00
1.396429286519197177e+00
1.394829556354175049e+00
1.394764617674219220e+00
1.398090981818422840e+00
1.403493024938753386e+00
1.404227963895924081e+00
1.403815737726127111e+00
1.401449493199810492e+00
1.399386862866907721e+00
1.401522859641369356e+00
1.407367347154591553e+00
1.412804262345545459e+00
1.412281612405921649e+00
1.409128036371915194e+00
1.402257386111369186e+00
1.395912521242955506e+00
1.393711299565239203e+00
1.395578533498768703e+00
1.404277500007694357e+00
1.413148197176036458e+00
1.417464806263336374e+00
1.416729350636120488e+00
1.407291567093012175e+00
1.397805564459317251e+00
1.391530875235972298e+00
1.395836659384868561e+00
1.404206772897647060e+00
1.415289553018169721e+00
1.420667639839440000e+00
1.416774224241923896e+00
1.409464877665081994e+00
1.396535057790005752e+00
1.386136483735641356e+00
1.384424800184500759e+00
1.391404631325577457e+00
1.406652838006916317e+00
1.420145548750274100e+00
1.426035869075736651e+00
1.423965999643506786e+00
1.415808152179582891e+00
1.409096918742797300e+00
1.400890604592973210e+00
1.392149770905328543e+00
1.386383754788083733e+00
1.385271832422345417e+00
1.390433613272206825e+00
1.404829119701515472e+00
1.417569340678862977e+00
1.422610471373826790e+00
1.420384101862431026e+00
1.408599149213776602e+00
1.400867896741989194e+00
1.399856024407541311e+00
1.404390990021579855e+00
1.415207627633909393e+00
1.421058927086253698e+00
1.418940935232249290e+00
1.413909750722335934e+00
1.405340427669433456e+00
1.399977813870687315e+00
1.399477646365098416e+00
1.400828372195467519e+00
1.404087447926059884e+00
1.409131933911263124e+00
1.410312309025910205e+00
1.409450960799958574e+00
1.404963061382882739e+00
1.397329214219870552e+00
1.392003875684062919e+00
1.392270312138324861e+00
1.396674491976645838e+00
1.403148753712866625e+00
1.410081142976669755e+00
1.410276097815423180e+00
1.407522733505484069e+00
1.401997473607023981e+00
1.394682810222411806e+00
1.392695475272510919e+00
1.396422458154616297e+00
1.401062336265383124e+00
1.403714042098065384e+00
1.405520160830586951e+00
1.404818611125019823e+00
1.402803556663912765e+00
1.399414226972412134e+00
1.395752849583912214e+00
1.394698373509984712e+00
1.395505117912874349e+00
1.403574541303199474e+00
1.412489761974085267e+00
1.418009440176682512e+00
1.414179740085126813e+00
1.407873765407757327e+00
1.398680914092047312e+00
1.389897704140359291e+00
1.387109854315917046e+00
1.387970306151202982e+00
1.389686810657872806e+00
1.390664790627267777e+00
1.389178043405771446e+00
1.391902047018656496e+00
1.401280188710049446e+00
1.412881751033675970e+00
1.423861261761225405e+00
1.427128719563791392e+00
1.416816460934680277e+00
1.402634661632744084e+00
1.386923326739147644e+00
1.379430042788659216e+00
1.378208203638130680e+00
1.381576035678371284e+00
1.383414373524820551e+00
1.384180097010080601e+00
1.386202249180459090e+00
1.392997556222778543e+00
1.401919249112640653e+00
1.404628693151322549e+00
1.404417483125587340e+00
1.400414627133326873e+00
1.397067746700300539e+00
1.398368683219382458e+00
1.396202001954437000e+00
1.391982674815186227e+00
1.384967907740582094e+00
1.381675181405716435e+00
1.386506699268148290e+00
1.392654891181321020e+00
1.398647234201995770e+00
1.395813410025511514e+00
1.386444063987566144e+00
1.378946970547925810e+00
1.378411364883639356e+00
1.382289725955239135e+00
1.393414825365593135e+00
1.401992168320738141e+00
1.409524034873239628e+00
1.412139896270546258e+00
1.415173188056615849e+00
1.419358182582936667e+00
1.421841370688589512e+00
1.415993148189006900e+00
1.406787370445381491e+00
1.396677358447015349e+00
1.389851054996264379e+00
1.397151292684204682e+00
1.407811565431363654e+00
1.423087494068107084e+00
1.429746317229452446e+00
1.420622278086906665e+00
1.408647157187573828e+00
1.400325637940136758e+00
1.400827399591545896e+00
1.408288333575485884e+00
1.414091874889313205e+00
1.409026130991991588e+00
1.397943727666000946e+00
1.380822060020989950e+00
1.368426802346304871e+00
1.364001130227989744e+00
1.374077670182957123e+00
1.393300888606858967e+00
1.419802041787698421e+00
1.440958418503214489e+00
1.445159158582350889e+00
1.438094185029596739e+00
1.416685761415594769e+00
1.396581853286782637e+00
1.382677512995297064e+00
1.378111704661595605e+00
1.387031108475524022e+00
1.400419446418396552e+00
1.419742184902772264e+00
1.434566607181258169e+00
1.442593693753402073e+00
1.435372978080087458e+00
1.422069976510538236e+00
1.404338109409955404e+00
1.391802837176262297e+00
1.390389266688031311e+00
1.390217174027753133e+00
1.369014335437869878e+00
1.317317160521282338e+00
1.175856067616850131e+00
9.933230168019829831e-01
7.900071494733713617e-01
8.868306293615596525e-01
1.501021901236850642e+00
2.357524891546920909e+00
3.760779246961797107e+00
4.992955705566613389e+00
6.164072052258232404e+00
7.196762444469070985e+00
8.083489017142888144e+00
8.812522099732758463e+00
9.376805689267223798e+00
9.856788480593523971e+00
1.028515462619258081e+01
1.069582939143881717e+01
1.111882997552039321e+01
1.152536546666969386e+01
1.194131442661810460e+01
1.232481552651695544e+01
1.267578493054124777e+01
1.295727573306316671e+01
1.313934336618412857e+01
1.326351778427318528e+01
1.334815637295072399e+01
1.345163807151892321e+01
1.362747187244266911e+01
1.384466050955150962e+01
1.412535012289873926e+01
1.441346963444167706e+01
1.473451968173031368e+01
1.510414806169265667e+01
1.550508455475713987e+01
1.599687891327035771e+01
1.651238069884751880e+01
1.710148338660414424e+01
1.768601715526796880e+01
1.831076420140846750e+01
1.891071593441671794e+01
1.953488970093767918e+01
2.012645291599929465e+01
2.072657052506347597e+01
2.128731413605386535e+01
2.184521692807526705e+01
2.235862869220268934e+01
2.284372557765252054e+01
2.327353850199353502e+01
2.365692657178551883e+01
2.397928077296405291e+01
2.423312041441126397e+01
2.442184025342163167e+01
2.451853645261386205e+01
2.456425653416235377e+01
2.453553261030155497e+01
2.444495431161663035e+01
2.432641824087075832e+01
2.414065845184685699e+01
2.393552531592859367e+01
2.368486661295841600e+01
2.343972935132836355e+01
2.317442139600277784e+01
2.292058940268960399e+01
2.262915324200142209e+01
2.234804988081103971e+01
2.205140964109588353e+01
2.179535111690967142e+01
2.156671183908265022e+01
2.137696930912437310e+01
2.119800781716559257e+01
2.103326664194713658e+01
2.085530963859818243e+01
2.068816119988558810e+01
2.051940120413773272e+01
2.036535443768645948e+01
2.020595651632564227e+01
2.005511162338411424e+01
1.990978310939414087e+01
1.978939860272148010e+01
1.969600875182377564e+01
1.962871736619450047e+01
1.957316939941719980e+01
1.951430114737611632e+01
1.945350785176664488e+01
1.938233208848450673e+01
1.931751285284731523e+01
1.927124954996454775e+01
1.924310006630366843e+01
1.923296189473288109e+01
1.923098825698133751e+01
1.922224709604636672e+01
1.920641222766133183e+01
1.916966694690392714e+01
1.913922298037600100e+01
1.911804783472906166e+01
1.912041563587407822e+01
1.916537456439532860e+01
1.923480576565836486e+01
1.933768527813759874e+01
1.944728000499596732e+01
1.956680136775838719e+01
1.969377005867072938e+01
1.981168337118830536e+01
1.992235033812317013e+01
2.002353372029914524e+01
2.011930923109081348e+01
2.021084696205087283e+01
2.030333719935028114e+01
2.038686299556773562e+01
2.046238330218853463e+01
2.051728746755157573e+01
2.054178555292567765e+01
2.055004788426382234e+01
2.054602449184513091e+01
2.055028099485549831e+01
2.056757450982040325e+01
2.057992162002931380e+01
2.055796885799399476e+01
2.050360735406248125e+01
2.038445243208963475e+01
2.024990735013147969e+01
2.009768943457294554e+01
1.996709947875913116e+01
1.985794973767848148e+01
1.975540614084940572e+01
1.965276744111416463e+01
1.953668540717764657e+01
1.942669802086679098e+01
1.932191150103744448e+01
1.922948136709862865e+01
1.914353660354980846e+01
1.907205434225054930e+01
1.901716744663092129e+01
1.897953108254898424e+01
1.896754232251158001e+01
1.896731255716746034e+01
1.897417405252885203e+01
1.897526805836130492e+01
1.895996188508448199e+01
1.893783320407656845e+01
1.891246744674042901e+01
1.889816218211698384e+01
1.890292808525147095e+01
1.891461054751564319e+01
1.893940086193354233e+01
1.896806815886354158e+01
1.901045247753143386e+01
1.906332998638532672e+01
1.912532091359195974e+01
1.920542107354769712e+01
1.929294449113726984e+01
1.940534295236108164e+01
1.951799835863659993e+01
1.962665027377802218e+01
1.971341788735804101e+01
1.976002458480871837e+01
1.978495368651385178e+01
1.979004390234627664e+01
1.980351353634283740e+01
1.984096984838377509e+01
1.988737067216619181e+01
1.993457876508340121e+01
1.996926158960000208e+01
1.997340226599549595e+01
1.996787215761872147e+01
1.995757134220376727e+01
1.995289636887331852e+01
1.995206879194245175e+01
1.994513308327843859e+01
1.992128034066475806e+01
1.988258266218151604e+01
1.984273150432827748e+01
1.981117121271486070e+01
1.979061441414606648e+01
1.977853843439393344e+01
1.976288377267510299e+01
1.972599515272976234e+01
1.968157229839506428e+01
1.962482225448786366e+01
1.958607780707954760e+01
1.958666679314377390e+01
1.961471684885397693e+01
1.966398979761543586e+01
1.969842464641916280e+01
1.969577679976598006e+01
1.966307317602741733e+01
1.958501911585633337e+01
1.950352266211529795e+01
1.943527821528598665e+01
1.939580103288136925e+01
1.939694155974412837e+01
1.940784655434636363e+01
1.941903278000027200e+01
1.941500569694245470e+01
1.939740882523830834e+01
1.938625126316044600e+01
1.938820289717915202e+01
1.940898539667707468e+01
1.943379158329277345e+01
1.946107936885960754e+01
1.948635736198348667e+01
1.951045223166187981e+01
1.953707658644017897e+01
1.957188748932381372e+01
1.960490389631586794e+01
1.962997279520784133e+01
1.964568339668549157e+01
1.964346758845598728e+01
1.963216381195226390e+01
1.961989645522029591e+01
1.962123094544091018e+01
1.965403938613133761e+01
1.970835376571044506e+01
1.979316946798498478e+01
1.987565365319958488e+01
1.994481148541544968e+01
1.998688188256532428e+01
1.998681389090767624e+01
1.995225355844794990e+01
1.990890149018596844e+01
1.984877595948699991e+01
1.978159204611026922e+01
1.968151954832395845e+01
1.956361326951338242e+01
1.940425230158724901e+01
1.924247512816742756e+01
1.908585234821492094e+01
1.895277641553688142e+01
1.884588854973291205e+01
1.875711822785670080e+01
1.867804892479094292e+01
1.860590848637241379e+01
1.853849233728363544e+01
1.847740758065075539e+01
1.842566846725551244e+01
1.838023828407099458e+01
1.833097687542922571e+01
1.827818587607733392e+01
1.821421165054897529e+01
1.815537616884271799e+01
1.810739202615972943e+01
1.808519931060788721e+01
1.808415601292606567e+01
1.811645393809610738e+01
1.816009132038839624e+01
1.821842401428109426e+01
1.827239077581743132e+01
1.832968332759104158e+01
1.838462505795465063e+01
1.844105861844964522e+01
1.848453415110029141e+01
1.849699171237423201e+01
1.849262999104513483e+01
1.847942645162219577e+01
1.848107655181997089e+01
1.851026224759046812e+01
1.854626908276260266e+01
1.857458478415108516e+01
1.858869223809878335e+01
1.857648434647538593e+01
1.856478472414880798e+01
1.856548802192075343e+01
1.857894654409011537e+01
1.861268108416221878e+01
1.865735075397150311e+01
1.870093898068655847e+01
1.874548789172584051e+01
1.878822145830017121e+01
1.883467871320514675e+01
1.888542909071438203e+01
1.895219751734410352e+01
1.902196440591975346e+01
1.908478874755143906e+01
1.912526866451883478e+01
1.912167884966380527e+01
1.909541780384930476e+01
1.904091759624871472e+01
1.898962085457358739e+01
1.894611118952762752e+01
1.891545796627660181e+01
1.889001567084402922e+01
1.886377694858718002e+01
1.882129339064085016e+01
1.877036569935700427e+01
1.869768673897541333e+01
1.861989315989624316e+01
1.852831227466554509e+01
1.844013574723499715e+01
1.836425248667881505e+01
1.830638998935685891e+01
1.825708929355788612e+01
1.821935760412833716e+01
1.818425819052140824e+01
1.815310762275861833e+01
1.812728252161371145e+01
1.811201623195352539e+01
1.809763395728170821e+01
1.808718556340817329e+01
1.808105424601037825e+01
1.809088722551224038e+01
1.811571234805269626e+01
1.816221115461490498e+01
1.820919709532757125e+01
1.825027390951327888e+01
1.828048125933031898e+01
1.829895194523899704e+01
1.831595044836434738e+01
1.833970419435354415e+01
1.836545226902346073e+01
1.839421325143122132e+01
1.841129333822982517e+01
1.842230944238069412e+01
1.843770188937897458e+01
1.845912727526361508e+01
1.848748629572095226e+01
1.850580473661475267e+01
1.849218367842376054e+01
1.845763001731809538e+01
1.838759073142302825e+01
1.832179866012433678e+01
1.826173224918518656e+01
1.820806040240110235e+01
1.815289372778676835e+01
1.808992276662797494e+01
1.801400366527519736e+01
1.794859321810827524e+01
1.791428792702019024e+01
1.790510888155925429e+01
1.792083721705618160e+01
1.793392861342611155e+01
1.792197926394869256e+01
1.789635261784821552e+01
1.784538823274182207e+01
1.778652736170253235e+01
1.773640344180067530e+01
1.769495355067898856e+01
1.765763301189269541e+01
1.761063907888678415e+01
1.755357648479992250e+01
1.747996815265080173e+01
1.740880438343277348e+01
1.734313816626915283e+01
1.729013623983669135e+01
1.724901462737402014e+01
1.720911669312554437e+01
1.716679325579081095e+01
1.713367662309051909e+01
1.713279421683097681e+01
1.715116875562873133e+01
1.718323726969408582e+01
1.720083016669063269e+01
1.717052121562454658e+01
1.711613998033952910e+01
1.704603339292714992e+01
1.699632255615659560e+01
1.699461954015030685e+01
1.701844129505376912e+01
1.706116283162736735e+01
1.708378654065773006e+01
1.708674817056796869e+01
1.707100670237876727e+01
1.706106644677524287e+01
1.707044918379986953e+01
1.708753553334011244e+01
1.710982413311324279e+01
1.712447963759428049e+01
1.712930813161068855e+01
1.713511249249712520e+01
1.714983369824048154e+01
1.716706577265304290e+01
1.717645099396815311e+01
1.717198751381556932e+01
1.715035324790703086e+01
1.712937032502107471e+01
1.712013711911000868e+01
1.712514158462003167e+01
1.713861518692876729e+01
1.714551099903924580e+01
1.714208688819580217e+01
1.711712379983009669e+01
1.707334236934098470e+01
1.696841923933161311e+01
1.681097623877224123e+01
1.654296454382928871e+01
1.625548881841693571e+01
1.594890395673190930e+01
1.569260462421337543e+01
1.550012916680682196e+01
1.535830010934135714e+01
1.525953387351041357e+01
1.517560526742597027e+01
1.510503262781278977e+01
1.505167767289450964e+01
1.503869414805046389e+01
1.505815604629573556e+01
1.512977037913355893e+01
1.521355487660872718e+01
1.530174980184075118e+01
1.537861068008528065e+01
1.544925814450303925e+01
1.551951878609055946e+01
1.561379298709688968e+01
1.573521456716958866e+01
1.585747329158945718e+01
1.598445530936522019e+01
1.609932357763036492e+01
1.622127222069064700e+01
1.634283462476295767e+01
1.648941264346189328e+01
1.663731567940135037e+01
1.679557919979061253e+01
1.693779770409851793e+01
1.706464191743210890e+01
1.717733430853055765e+01
1.728520187739483660e+01
1.739253396096546567e+01
1.750639626142516647e+01
1.760206055862159502e+01
1.766731705465252489e+01
1.770558770284720040e+01
1.769784218868913683e+01
1.766110961875801877e+01
1.761194213405452302e+01
1.754860304682768657e+01
1.749097631398218766e+01
1.744298578137610534e+01
1.741446822836715214e+01
1.739999500648284680e+01
1.739053980240202435e+01
1.737674475671139618e+01
1.736112049900627596e+01
1.733470276088900519e+01
1.730324390933763468e+01
1.726273623348896891e+01
1.722151376522946364e+01
1.717803920942046858e+01
1.713627946070199215e+01
1.709853562753457012e+01
1.706717181399677585e+01
1.704121160408933733e+01
1.702070488118388525e+01
1.699875850955819345e+01
1.696805684750926346e+01
1.693338175497546416e+01
1.688655407861358171e+01
1.684671501407126115e+01
1.681932380041111941e+01
1.680461010115066856e+01
1.680780578818677995e+01
1.680845205900150674e+01
1.680224653548349067e+01
1.678925711944641108e+01
1.676749910934150023e+01
1.674088882235886544e+01
1.669840253025543220e+01
1.664995660019869206e+01
1.658086308456438829e+01
1.651695784251958088e+01
1.646947446412626093e+01
1.644191656881669417e+01
1.644052224728861589e+01
1.643532149580351032e+01
1.641299599743916460e+01
1.636690051212629626e+01
1.632193300584492945e+01
1.629437842386158763e+01
1.629099708716474026e+01
1.631969001876429815e+01
1.635417675229340162e+01
1.638298883061857580e+01
1.640543504058524249e+01
1.642438528382946927e+01
1.644882541148498234e+01
1.649312086320045623e+01
1.654187673829184746e+01
1.659450671926473575e+01
1.663292373793948187e+01
1.665659851432075911e+01
1.667577255793681346e+01
1.668810276524533265e+01
1.670288892399618419e+01
1.671883627138227268e+01
1.673649098973916338e+01
1.676026670467179613e+01
1.680212332381618978e+01
1.684680228533423119e+01
1.689575231405340361e+01
1.693434332211361948e+01
1.694864810741262673e+01
1.694858351211649961e+01
1.692612633146993062e+01
1.690614879190813724e+01
1.689601239422296430e+01
1.689359299850823959e+01
1.690266190524309309e+01
1.691102662696946979e+01
1.690923599976213154e+01
1.689541406223089481e+01
1.686747623991600875e+01
1.683335886666210257e+01
1.679063403466346927e+01
1.674601414934239685e+01
1.671394728243347672e+01
1.669052418300616125e+01
1.667474713429972866e+01
1.665572038998557503e+01
1.663704980426076574e+01
1.662264869278305923e+01
1.661389824517838321e+01
1.661085661301159178e+01
1.660489430884630835e+01
1.660144982223248178e+01
1.660172286735695479e+01
1.661363766356393157e+01
1.663102779887719507e+01
1.665729677791945917e+01
1.668305778853544652e+01
1.671162529647653017e+01
1.674196673160977156e+01
1.679108606170063567e+01
1.685123266147566667e+01
1.692803617923530979e+01
1.699360471076528611e+01
1.703966657949395369e+01
1.704143438329773730e+01
1.701996668214284014e+01
1.695475683433067360e+01
1.688652485400238845e+01
1.682492394289089788e+01
1.678233414312528993e+01
1.677631563321234509e+01
1.678437697838048237e+01
1.679780675249701005e+01
1.680160773677535246e+01
1.678015065617266544e+01
1.674842921958443753e+01
1.671281896584381599e+01
1.668708957560517092e+01
1.667328356481049312e+01
1.666016277725877615e+01
1.664035901212550428e+01
1.661397565190800307e+01
1.657904765626904009e+01
1.653670968826192933e+01
1.649185492108474449e+01
1.643144961224293965e+01
1.636796628962633804e+01
1.629255787393114474e+01
1.622119595351194832e+01
1.615725761551668072e+01
1.610601092375317478e+01
1.607073850850637342e+01
1.604546644481239071e+01
1.602627838281598827e+01
1.600813417490244106e+01
1.598653454940270535e+01
1.596721897481177521e+01
1.594959383559338484e+01
1.593508726239211448e+01
1.591082400877375669e+01
1.587778797722699231e+01
1.582075832670681415e+01
1.576365208322939182e+01
1.571138730250158488e+01
1.568033159620523165e+01
1.565669714196174844e+01
1.563412154471142124e+01
1.560643380196398589e+01
1.557402270799361865e+01
1.554834675149140288e+01
1.552746821358994112e+01
1.551291629235591074e+01
1.550148640219398466e+01
1.549600369480962669e+01
1.551037812657721737e+01
1.554147864728070871e+01
1.560136816168921214e+01
1.565918038414515046e+01
1.570427296770851022e+01
1.572623380483344313e+01
1.571030075145542959e+01
1.568754780823085859e+01
1.566628733724180833e+01
1.565501615057240059e+01
1.565874260551420605e+01
1.566969546620280695e+01
1.568817713841097827e+01
1.571936191768793201e+01
1.576170406905558252e+01
1.581365497481465354e+01
1.586141014469708388e+01
1.588872060260647245e+01
1.589610216978862489e+01
1.587924162866073452e+01
1.585771422710361911e+01
1.581501264228814563e+01
1.576460115015851926e+01
1.568662904741508513e+01
1.561058248682318528e+01
1.554029822120179283e+01
1.549540984973435798e+01
1.549088765738943607e+01
1.549930047485955953e+01
1.550634129683082207e+01
1.550405631546034080e+01
1.549317281800634838e+01
1.549230141073229916e+01
1.549689702855208218e+01
1.550335519432467812e+01
1.549923440172902822e+01
1.547081838573159196e+01
1.543791596170165370e+01
1.541994076687703341e+01
1.543049062782988656e+01
1.548283621420079292e+01
1.554383439153621183e+01
1.560143878011474605e+01
1.564631535657415462e+01
1.567306256693566269e+01
1.569586936678633649e+01
1.572321367082865073e+01
1.575451722420078404e+01
1.579218160799207737e+01
1.582308434654236429e+01
1.585432349735805602e+01
1.588750467364103969e+01
1.591347521221317152e+01
1.593550633134438677e+01
1.595217212310148192e+01
1.597366167302047835e+01
1.599988288948234683e+01
1.604522007496642644e+01
1.609104223088533203e+01
1.612133371226159184e+01
1.612983951285194806e+01
1.610009781786780891e+01
1.605457069312693719e+01
1.598756148233301566e+01
1.592534773769215484e+01
1.586254038678942813e+01
1.580938376640881771e+01
1.576293464441235592e+01
1.572723177271481099e+01
1.570729564663302469e+01
1.569315793915174062e+01
1.568788516194123517e+01
1.568450205125949637e+01
1.568007364657021618e+01
1.568408456263634676e+01
1.569480276451215239e+01
1.571613217810509511e+01
1.573815029521236220e+01
1.575298437100542692e+01
1.575410954971016508e+01
1.573270476452246136e+01
1.570305718251295879e+01
1.565080329140855753e+01
1.559613211999421978e+01
1.553668109794423913e+01
1.547879293962372138e+01
1.543101684795729867e+01
1.539219369995906916e+01
1.536195398840327364e+01
1.534610343776000185e+01
1.534821431710068573e+01
1.535901226307125889e+01
1.538323073213157244e+01
1.541590741710028389e+01
1.544541391947121589e+01
1.546685744187642797e+01
1.547779730108759999e+01
1.547029369700326740e+01
1.545543063314376298e+01
1.542735949581779309e+01
1.540007672224021817e+01
1.537044642454405974e+01
1.534257888600346398e+01
1.531203791477699561e+01
1.528995560970064638e+01
1.527546073246332270e+01
1.526483750843666876e+01
1.526129141076799733e+01
1.526377885647764465e+01
1.526654314058246875e+01
1.527331740894109835e+01
1.528414664156720981e+01
1.529515698194751039e+01
1.530841044257138961e+01
1.532006499098988250e+01
1.532639287189160449e+01
1.532102744355449531e+01
1.530868213246557374e+01
1.528304282776466572e+01
1.525491112948146899e+01
1.522692003684684892e+01
1.520708662809646228e+01
1.520353671067955759e+01
1.521446738657557773e+01
1.523766664765357781e+01
1.526606004232065139e+01
1.529845728741644351e+01
1.532496092943092592e+01
1.534826399288253107e+01
1.536720724702101570e+01
1.537533567929648726e+01
1.537794071944527019e+01
1.537830653635767497e+01
1.538282064342446276e+01
1.539543737025817194e+01
1.542501102731057294e+01
1.545460828873274117e+01
1.548227626398920975e+01
1.550002862302519624e+01
1.550478692020803884e+01
1.550788415996300351e+01
1.552543832407166136e+01
1.555635521157627998e+01
1.561693026376743632e+01
1.568371792441327628e+01
1.574933318102311652e+01
1.579433875078215088e+01
1.580834618678788317e+01
1.580504080406214840e+01
1.578511162466195472e+01
1.576646361116078054e+01
1.573969004200662170e+01
1.571167900885679458e+01
1.567209201692522136e+01
1.562032928568999424e+01
1.557282932036254763e+01
1.552098033575150637e+01
1.547564318298377728e+01
1.544156054684784785e+01
1.541561782182989937e+01
1.539994876313402017e+01
1.537667684832790016e+01
1.533787149108898618e+01
1.529449104827830652e+01
1.524330448377586400e+01
1.519899767520338862e+01
1.514932672147724091e+01
1.509905919545084707e+01
1.503749521309879711e+01
1.497080634592070147e+01
1.490894416165110137e+01
1.486399772712439038e+01
1.484926791546377878e+01
1.484517472743083921e+01
1.483004701617144683e+01
1.478407747697344377e+01
1.472521855197889629e+01
1.465447344503094840e+01
1.460549550690683240e+01
1.458387876424190388e+01
1.457980309602996627e+01
1.458801099273086699e+01
1.459456596621848590e+01
1.459759590450001454e+01
1.459977225712043492e+01
1.461933221998591925e+01
1.465137602863844357e+01
1.470167406521787079e+01
1.475033514086023168e+01
1.479268101452669448e+01
1.482916880322048314e+01
1.486846377936665498e+01
1.491373245688331117e+01
1.497671469930294741e+01
1.504272744947933305e+01
1.509242103006318736e+01
1.511783991472290722e+01
1.513127092984605504e+01
1.513073272370268363e+01
1.513690549161525212e+01
1.514887396066563241e+01
1.516201139601006886e+01
1.517038357530724646e+01
1.517580524909047135e+01
1.518483391300060603e+01
1.519617770395548639e+01
1.521716304881358184e+01
1.524634324624971349e+01
1.529187387744030424e+01
1.533977849697124540e+01
1.539212892721437775e+01
1.543405526619871360e+01
1.545908670170246424e+01
1.546730323318981171e+01
1.545437495126429717e+01
1.542696176354828097e+01
1.540091398368143416e+01
1.537419044045991612e+01
1.534979298449098017e+01
1.532472865948487417e+01
1.530071177302576757e+01
1.527122838542518757e+01
1.523943765875714185e+01
1.520213744992575755e+01
1.516455448093984693e+01
1.513465599248888260e+01
1.511568417582753732e+01
1.509716796698349484e+01
1.507342318281416738e+01
1.502787493815033315e+01
1.497255879312571025e+01
1.490230723275452185e+01
1.484161511457991800e+01
1.479757001738914290e+01
1.477807258904457655e+01
1.476784925330960796e+01
1.475774619376380770e+01
1.474743826141222591e+01
1.474212462922705313e+01
1.474649231291163431e+01
1.478138250295429046e+01
1.482803913107966309e+01
1.487637086712668300e+01
1.490183530640338283e+01
1.488491769726329395e+01
1.485286685779718496e+01
1.483347592266259696e+01
1.484447376205977243e+01
1.489613104789307307e+01
1.494995408943054294e+01
1.499626066688752957e+01
1.502721027609928761e+01
1.505445103688972175e+01
1.509163982268785631e+01
1.516661417695890890e+01
1.526575405715895251e+01
1.535642936923994029e+01
1.542456088841377770e+01
1.546905695078397613e+01
1.550153315836446488e+01
1.553987443904280674e+01
1.559609127180259236e+01
1.565538368922154611e+01
1.571841307475462024e+01
1.577551269079233442e+01
1.583182255822588580e+01
1.589066068560030232e+01
1.596034233565984728e+01
1.603458417964763072e+01
1.611791351025274821e+01
1.619439234706045028e+01
1.624848575358051761e+01
1.627815913668965564e+01
1.627005174035058133e+01
1.625511747911453853e+01
1.626583417883983174e+01
1.632451491159905643e+01
1.638827149189694055e+01
1.644127917926856242e+01
1.645775155878767038e+01
1.641893140769045445e+01
1.635894955464283385e+01
1.628482085065592599e+01
1.622496754691993459e+01
1.618070202025551652e+01
1.615205055349255048e+01
1.614087192622709566e+01
1.613670985107556177e+01
1.613953512336892260e+01
1.613777968993383283e+01
1.613032683642864029e+01
1.612141862670680226e+01
1.611552053686938635e+01
1.611309046933591915e+01
1.611956347960372327e+01
1.611921041588529846e+01
1.612091170673488705e+01
1.612730895772574513e+01
1.613493491973416738e+01
1.615356531038835541e+01
1.616469757653984018e+01
1.614930285735436755e+01
1.612029039096150740e+01
1.607520446945782666e+01
1.603646430213162688e+01
1.601109102285893471e+01
1.600060837978650241e+01
1.599772276907450852e+01
1.599646783224434188e+01
1.598919855320165873e+01
1.598444692226671826e+01
1.597747160404552069e+01
1.597053956940885477e+01
1.596127718308256327e+01
1.595047446143248671e+01
1.593847489042063437e+01
1.593118445197763577e+01
1.592456166386594774e+01
1.591186105739335055e+01
1.589460612675730822e+01
1.586870227291967517e+01
1.584201919424774729e+01
1.581201568272577873e+01
1.578008390213772039e+01
1.574367509405377064e+01
1.570664231385549670e+01
1.566551391278520988e+01
1.562472942662448183e+01
1.557581790705210523e+01
1.552304364570949780e+01
1.544028756422188486e+01
1.536279242638974196e+01
1.534157485445210156e+01
1.547640966555554165e+01
1.593614385159640889e+01
1.679336880448110492e+01
1.790563892117432943e+01
1.942409740580259481e+01
2.112801670011524990e+01
2.328725000900155351e+01
2.556202327617859282e+01
2.819825184676165364e+01
3.079637327314320672e+01
3.356654678199866737e+01
3.621397356652898480e+01
3.896392068187400781e+01
4.156323952616944695e+01
4.418935777032706369e+01
4.661573631885980262e+01
4.897640562589584334e+01
5.111624223326472816e+01
5.314697630506642412e+01
5.495283478039976188e+01
5.660069799022975445e+01
5.806289550067186411e+01
5.934205000071185054e+01
6.049082197666233185e+01
6.148832156510155045e+01
6.232509897492928275e+01
6.296876998789649349e+01
6.329089553834728576e+01
6.337404551015139731e+01
6.304389139693135036e+01
6.253938093275856858e+01
6.169599288756045752e+01
6.078089549930512447e+01
5.961499823666950704e+01
5.843113292707022310e+01
5.702564263812357837e+01
5.563496696730213387e+01
5.408248123732440860e+01
5.248146560237027813e+01
5.099636063036018641e+01
4.946380386685898856e+01
4.802561587916311936e+01
4.649491819106317081e+01
4.503885304625573838e+01
4.351374739059647112e+01
4.211919466620874175e+01
4.075351183106057107e+01
3.953314909108012642e+01
3.835245422782521985e+01
3.728645530437622568e+01
3.626272607582513530e+01
3.535881877157755326e+01
3.455525463496996963e+01
3.387763144616864253e+01
3.330464384197058081e+01
3.281166714915891447e+01
3.235981902355398176e+01
3.193904967230562164e+01
3.149142448573739728e+01
3.101988160065028310e+01
3.056751230964811228e+01
3.012150488424949302e+01
2.973523610724053512e+01
2.940955948774838191e+01
2.917188230120145676e+01
2.904481175763805822e+01
2.902246875418171612e+01
2.914881056786986591e+01
2.938429222038021393e+01
2.980626658644344928e+01
3.033156363991815496e+01
3.105080790765422094e+01
3.185302208255533429e+01
3.283897041021717911e+01
3.397012944713323890e+01
3.511813463814998926e+01
3.638597520049897582e+01
3.762299475845306063e+01
3.891882457212548729e+01
4.015245283949154498e+01
4.140804032094641940e+01
4.257623415781336718e+01
4.371775634908640740e+01
4.475421406831740967e+01
4.572623840316105515e+01
4.659494903952256806e+01
4.741065734650422314e+01
4.814810858526054460e+01
4.883666883452823271e+01
4.944772851403727287e+01
4.998858760593525830e+01
5.044020736580997522e+01
5.081126857640570904e+01
5.109235948148757700e+01
5.130151590227939806e+01
5.139262483920351343e+01
5.139404483915826205e+01
5.122108540080078853e+01
5.096542855121839466e+01
5.053956079033297755e+01
5.008202153632108633e+01
4.952878969327311154e+01
4.898827699728190055e+01
4.836914696118243739e+01
4.775637514365271130e+01
4.705072426052052492e+01
4.636863315507630290e+01
4.563904006647858580e+01
4.496474774784758921e+01
4.429689322959875852e+01
4.365883042015057214e+01
4.308373791282160425e+01
4.251975707165874496e+01
4.199786533171288028e+01
4.147313841999553574e+01
4.098292418516690105e+01
4.049085786965880374e+01
4.004105911105378368e+01
3.960983523734257972e+01
3.922216444475829888e+01
3.885270966006399362e+01
3.852241436638411187e+01
3.820666295174518012e+01
3.791577322980538867e+01
3.763467722776209712e+01
3.738173023020135588e+01
3.714302457557210602e+01
3.693048082762928885e+01
3.673380158486143898e+01
3.654881192690974245e+01
3.638536762727758855e+01
3.622340868924428747e+01
3.607602028930985227e+01
3.594703559257299474e+01
3.584893440383094543e+01
3.581059821169466062e+01
3.581577105054216048e+01
3.589396967112117665e+01
3.599647995239009646e+01
3.615087872514314427e+01
3.632993555452590329e+01
3.655702202140545154e+01
3.680929003892843099e+01
3.711657924291764488e+01
3.743365502104968101e+01
3.780075935410775401e+01
3.821037347908921333e+01
3.861903681074676342e+01
3.907091802234310762e+01
3.950377759381657228e+01
3.994463990496092265e+01
4.034972745721096743e+01
4.074624616765364493e+01
4.111555424905770906e+01
4.148091126958338037e+01
4.182292060063997496e+01
4.214815255293200380e+01
4.244087039275089523e+01
4.270198656986718078e+01
4.293113933126684145e+01
4.314419092175818093e+01
4.333722348092931043e+01
4.350862670567642709e+01
4.365039417963500057e+01
4.375834520463236288e+01
4.384019781302404084e+01
4.391181632806538460e+01
4.397884243220666889e+01
4.404349882026856022e+01
4.410982738367872003e+01
4.416359065185405797e+01
4.420169138409304566e+01
4.421902607882124414e+01
4.419021513511838606e+01
4.413056232575855375e+01
4.400324252800665903e+01
4.385219686306351150e+01
4.365920720134219124e+01
4.344059866787701907e+01
4.322760760762928811e+01
4.298218596269798297e+01
4.273748694980234575e+01
4.245877814059271316e+01
4.219559604343204740e+01
4.191758536544236335e+01
4.165738428195430032e+01
4.139222212609588780e+01
4.114655696409072760e+01
4.089862227852852072e+01
4.067148310385557863e+01
4.046276299316874514e+01
4.028318632800461074e+01
4.013538804428256412e+01
4.001230370232847378e+01
3.989570018251034611e+01
3.978142957242020117e+01
3.965957232528874243e+01
3.953681090458028535e+01
3.943203029852953279e+01
3.934362268865163514e+01
3.927336083205911166e+01
3.921235646049112233e+01
3.915527564519585013e+01
3.910151173737205710e+01
3.905578792668604393e+01
3.902008002352585692e+01
3.898771043575028017e+01
3.896788244099048626e+01
3.895237370051472681e+01
3.894898077152281957e+01
3.894558634772903360e+01
3.894698115929129045e+01
3.894400204501975793e+01
3.893758954870460798e+01
3.893876299993236501e+01
3.895595391557061760e+01
3.900250968038750443e+01
3.906311055342627014e+01
3.915150034109689159e+01
3.923897980731361912e+01
3.933983565777377578e+01
3.944658708297433947e+01
3.957857118871916668e+01
3.971444665005523689e+01
3.986669406517814451e+01
4.001141021568070499e+01
4.015387149222034679e+01
4.028900371272624881e+01
4.042940991926156613e+01
4.057197832138218274e+01
4.072743290675301608e+01
4.089144582827477592e+01
4.104129653234078035e+01
4.118247059040619718e+01
4.130524318272231454e+01
4.140974833492929719e+01
4.150496819354832212e+01
4.159793847931228328e+01
4.168758722381215165e+01
4.178958224340838967e+01
4.188244842339249630e+01
4.196916234112336497e+01
4.204068985468268238e+01
4.209104101542706644e+01
4.212637006690174246e+01
4.215406839959987906e+01
4.217909276916620342e+01
4.220046647852332455e+01
4.221664769015711727e+01
4.222392984573235708e+01
4.221352709825207228e+01
4.219649654775796677e+01
4.217179671250355710e+01
4.214152452247968483e+01
4.209475207699293264e+01
4.204177515061800108e+01
4.197053959526906652e+01
4.189313375582924692e+01
4.180855533455049056e+01
4.172951862916055887e+01
4.164228061772883649e+01
4.155574702805196807e+01
4.144725214248976641e+01
4.132418856576492061e+01
4.119526175154331327e+01
4.105963692463909354e+01
4.092964890521070487e+01
4.079168535483393754e+01
4.066494335076122013e+01
4.052957628047309413e+01
4.040067339969997562e+01
4.027494876506188604e+01
4.015736063155389246e+01
4.003518592764039141e+01
3.992136637829761980e+01
3.979755836951610348e+01
3.968341071640087137e+01
3.957451272475407222e+01
3.947982055789766775e+01
3.940021488506570080e+01
3.932733467024878138e+01
3.926132521541131126e+01
3.919632664884895235e+01
3.913800538284802855e+01
3.908926525987151024e+01
3.905261981435376129e+01
3.903000763744530843e+01
3.901840858196917594e+01
3.901148974584584295e+01
3.900460655557410661e+01
3.899378092134733720e+01
3.898539670291005876e+01
3.897808636065994392e+01
3.897653668145066774e+01
3.897399431433978378e+01
3.896683721748232898e+01
3.896145589992431013e+01
3.895663649620509972e+01
3.895742664220626494e+01
3.897160500341373535e+01
3.899571719375984458e+01
3.903791532295171862e+01
3.908902330842550299e+01
3.914833386612609445e+01
3.921009472003689922e+01
3.927985549391239317e+01
3.934580580029153651e+01
3.941553848534133664e+01
3.948749838285225167e+01
3.957132339037158175e+01
3.965852583088502570e+01
3.976470912380160172e+01
3.989420045314199115e+01
4.002653623415201878e+01
4.017958532298087704e+01
4.033207161351310788e+01
4.049253104145404336e+01
4.063343527115635823e+01
4.075780494629515971e+01
4.086345966001920260e+01
4.095890566581684311e+01
4.104480424905621305e+01
4.113260405620028592e+01
4.121995624658034529e+01
4.131239456251015696e+01
4.139268522705843623e+01
4.146538907873247126e+01
4.153109118761621232e+01
4.159552407550692266e+01
4.166278954129932544e+01
4.172709922061591925e+01
4.179898753237477393e+01
4.187077197618089031e+01
4.195225608830186559e+01
4.203058867135522547e+01
4.211731671579069314e+01
4.219576860089406267e+01
4.226476846037648016e+01
4.231294923190808532e+01
4.234093033302562503e+01
4.235277115176414497e+01
4.235031240860912760e+01
4.234562167580898517e+01
4.234676354278111177e+01
4.235147441875135144e+01
4.235411296810329418e+01
4.234609679539631344e+01
4.232610429132721208e+01
4.228150427182541193e+01
4.222946910194995240e+01
4.216877100228482078e+01
4.210620152303656027e+01
4.203578416617505553e+01
4.196469023431871648e+01
4.187712082761991894e+01
4.179344928895018541e+01
4.171001613186896151e+01
4.163204159513058045e+01
4.155741884018040366e+01
4.148083683422489543e+01
4.139371162614212096e+01
4.129447516508389526e+01
4.119582036000637260e+01
4.109042101336482489e+01
4.099035022986376475e+01
4.089288249898562810e+01
4.080278475191902743e+01
4.071787585462789139e+01
4.063752829775069131e+01
4.054603437486063910e+01
