1.080587932855998391e-02
1.303855941151698013e-02
1.539245650122828858e-02
1.810386965223250225e-02
1.940052022199585322e-02
2.142166338907560211e-02
2.682745086946894397e-02
3.570792825880499816e-02
4.730856468531347003e-02
5.639179477038254451e-02
5.937295714863161100e-02
5.762710728825658213e-02
5.175963614507143179e-02
4.788716140268226701e-02
4.975057403929042388e-02
5.524726896916032359e-02
6.424766144742678764e-02
7.706436342683348206e-02
8.308646188862869875e-02
8.367216151357104170e-02
5.989319480518114774e-02
3.812021273407952687e-02
3.174358779734206409e-02
3.092439330814873016e-02
2.285952085348214383e-02
6.552291072690681617e-02
1.122237461270425424e-01
1.235314566618834764e-01
1.039836747754357693e-01
5.714069528434270739e-02
3.020926420530854403e-02
2.984157551377683570e-02
2.711206598299546397e-02
4.526806070736187626e-02
9.199729619982688344e-02
1.300280399483207672e-01
1.442944974471961628e-01
1.031399559301194452e-01
8.165046014919222217e-02
1.171277477263235750e-01
1.494665003303549677e-01
1.196229338823793509e-01
1.383399669019680089e-01
1.518856770866510164e-01
1.368459454894108140e-01
1.160166371511224259e-01
1.649212135276875157e-01
1.263683982107864645e-01
2.297070532083705582e-02
8.896443369679707391e-02
1.069520278918127676e-01
9.255498954025560832e-02
8.321619435684567134e-02
1.101227338110061238e-01
1.242226311401461863e-01
1.247814038800677955e-01
1.023634269825278026e-01
7.316037861826751865e-02
4.741017481804934292e-02
4.875905411709911819e-02
6.480110820838407004e-02
7.405700590689175133e-02
5.480462438156107757e-02
3.701916713397210984e-02
3.822814476410724138e-02
4.596609824590131704e-02
4.426637596717252626e-02
5.659687259764994982e-02
8.492866943860832851e-02
1.015522596617948192e-01
1.016309667217433488e-01
7.152448403948817590e-02
5.610875895440123329e-02
4.951298016511023609e-02
4.038826758544491330e-02
3.161866791927751136e-02
5.727200153644700781e-02
8.116548485050094353e-02
9.048640651855562045e-02
8.049383328291115358e-02
7.023344662979652542e-02
6.347014262798482409e-02
6.337247454941194458e-02
6.778718550393651732e-02
6.327138767183571044e-02
5.482609860126887169e-02
5.998339930282044208e-02
6.610155836136165364e-02
7.304417778999362787e-02
9.032199856210906819e-02
1.106114058705258557e-01
1.186265717301924622e-01
1.054953080981770458e-01
8.850634651022357136e-02
7.279098163013945910e-02
6.910446938522359084e-02
8.384392233712337217e-02
1.050144176914593053e-01
1.291964953308676334e-01
1.468227462938183348e-01
1.514367857011348351e-01
1.496156749336903236e-01
1.449533666361053907e-01
1.406030984769519321e-01
1.306049534449881533e-01
1.160703571614187385e-01
1.040117610310511836e-01
1.080209177547094279e-01
1.172070199464409213e-01
1.432428749453927563e-01
1.792195729782222469e-01
2.074620614663302554e-01
2.150159529617246823e-01
1.920116601206338092e-01
1.602016591877827856e-01
1.271549005813983613e-01
1.156811810064324320e-01
1.393095585285317184e-01
1.726659525704927201e-01
2.044309536475151790e-01
2.215661092495921636e-01
2.171578512591458288e-01
2.017328742436547140e-01
1.801019796291662145e-01
1.610644221838547219e-01
1.533956387291623980e-01
1.585379849989506373e-01
1.714099200724100436e-01
1.913146453183106055e-01
2.122525925321782914e-01
2.348292680446968927e-01
2.496221164076784793e-01
2.467635949295438613e-01
2.404153223548777807e-01
2.273840713705298222e-01
2.207850492424686117e-01
2.290746568438931652e-01
2.447004862030010275e-01
2.573253944414629624e-01
2.620920802146125550e-01
2.570462776952844863e-01
2.521323336348898492e-01
2.493802920787825950e-01
2.471051253310452833e-01
2.418663387875379656e-01
2.326832299502708257e-01
2.291072718372570427e-01
2.405733685904141994e-01
2.603743404976644471e-01
2.842800229036134274e-01
3.004597223580173782e-01
2.960327141560631370e-01
2.805132746599413029e-01
2.589555288767024788e-01
2.491352960927644411e-01
2.559693706961098103e-01
2.815235516364535395e-01
3.364431712670530317e-01
3.816664908466814721e-01
3.848484092902643705e-01
3.562378064645337905e-01
3.041299950513199901e-01
2.708326972790469633e-01
2.717355558724139919e-01
2.969071130932495750e-01
3.483626646204905919e-01
3.963297174074551510e-01
4.260218816656576868e-01
4.286110920704583327e-01
4.172612306309614327e-01
3.894186824996526131e-01
3.578914957150306497e-01
3.253384444462170677e-01
3.080896677561054120e-01
3.198017937583544912e-01
3.518322733555006021e-01
4.038456491470131526e-01
4.446470700444365987e-01
4.470440544313501463e-01
4.263392103163635150e-01
3.863069646486060327e-01
3.617231425502464015e-01
3.542693941077512676e-01
3.581780424133388929e-01
3.841543622009940817e-01
4.165944642937063902e-01
4.468680524814591104e-01
4.580736528050510792e-01
4.624115216499827263e-01
4.672115123064606856e-01
4.770417469340497707e-01
4.875256497967465630e-01
4.926093795613923909e-01
4.864809864528890637e-01
4.798925117479489466e-01
4.746141074054871511e-01
4.798642292073916349e-01
4.937140773342295619e-01
5.038051549626005876e-01
5.004780548499804249e-01
4.881734163926892967e-01
4.696873128718124790e-01
4.575328972304554265e-01
4.706008546317713148e-01
4.978798218995322822e-01
5.417050669986851474e-01
5.662244211712084141e-01
5.677235601602129700e-01
5.346217913380089115e-01
5.013644010023217135e-01
4.809859548293236031e-01
4.815379132618859970e-01
5.015037797042909418e-01
5.236275631156842580e-01
5.504247124028862626e-01
5.817770370734961505e-01
6.035809536175127388e-01
6.100192408491913465e-01
5.916330407105910849e-01
5.732108090397807221e-01
5.565625900483134325e-01
5.440371396440588647e-01
5.290680922551803667e-01
5.265873682872938000e-01
5.668825864851644303e-01
6.335712731572700207e-01
6.812786853221375338e-01
6.828774506202590633e-01
6.555216456670901470e-01
6.071298011647426884e-01
5.775267898996279126e-01
5.886916976335550000e-01
6.272074297130815212e-01
6.873015818296651647e-01
7.279680627534699244e-01
7.199684526918802563e-01
6.904655699746222730e-01
6.517052842454862382e-01
6.310705631091028112e-01
6.253722846315724615e-01
6.193421689283929998e-01
6.121433821520351204e-01
6.154879032803995953e-01
6.470197545860713051e-01
7.018812510192159460e-01
7.497964776786097962e-01
7.726552633552883353e-01
7.703331553123297093e-01
7.400877194955330918e-01
7.142573450298850268e-01
7.045199738908614062e-01
7.053928849079070806e-01
7.124317447988263163e-01
7.176739095802007196e-01
7.189427606155096573e-01
7.260959929083689035e-01
7.429224530203943910e-01
7.647887269846359581e-01
7.825180734580128306e-01
7.913784357440755146e-01
7.850662661383051022e-01
7.768475918570771910e-01
7.789753304450596216e-01
7.970097914925449167e-01
8.164104135121563743e-01
8.234698073577622068e-01
8.184236620251945649e-01
7.992945166684555236e-01
7.817295877304504259e-01
7.775523626484907025e-01
7.824304709238643074e-01
7.937901383832443036e-01
8.021778664918585156e-01
8.084576357204440455e-01
8.149178153473207731e-01
8.201059367346574813e-01
8.321919068541222542e-01
8.502627647315093018e-01
8.653473234299623451e-01
8.671052782003175752e-01
8.642321146146155764e-01
8.687481585720858712e-01
8.940692990359471182e-01
9.217427183606226038e-01
9.355594336612825801e-01
9.318361752492225758e-01
8.970750298558867186e-01
8.615085027232233239e-01
8.361380611470168311e-01
8.326309627704547855e-01
8.600860279510706974e-01
8.932876827976471423e-01
9.237041708905886495e-01
9.414454850572813172e-01
9.404294457651993788e-01
9.334493678012107942e-01
9.238314538783467533e-01
9.190724493388918726e-01
9.197651959713958325e-01
9.229465408689768724e-01
9.256154071058129151e-01
9.294076873439717223e-01
9.355617118871848437e-01
9.479680487385057086e-01
9.622953688255130311e-01
9.727838077073754919e-01
9.803249721823881213e-01
9.799597703093376744e-01
9.780285643186142908e-01
9.783378495618474391e-01
9.832151837151162921e-01
9.876856593797949113e-01
9.934888126983865142e-01
9.993424049244883367e-01
1.006120805297002985e+00
1.013354817825074639e+00
1.018675315407892690e+00
1.015772917245980622e+00
1.012817082076768793e+00
1.010830182717332715e+00
1.013202927331438019e+00
1.018466312630624149e+00
1.025114228245696424e+00
1.034709088746175176e+00
1.047872149893005922e+00
1.061509949165404754e+00
1.072804472904890449e+00
1.072886560435486913e+00
1.063457777366133561e+00
1.053814374777878760e+00
1.055390925829265303e+00
1.064863593777208850e+00
1.079561280807296297e+00
1.086218788581439387e+00
1.081045145976263111e+00
1.073946852711380906e+00
1.075617375900066897e+00
1.085930689057372334e+00
1.099009992818095860e+00
1.101586391843094814e+00
1.095922835664006945e+00
1.080376431768485634e+00
1.071120452574531257e+00
1.072827709829731413e+00
1.079798252174155593e+00
1.094090151978628134e+00
1.101057632285723731e+00
1.098520848998313149e+00
1.095353371355836103e+00
1.096217592525174034e+00
1.099613379349037023e+00
1.110487042713241168e+00
1.125016840661064776e+00
1.140213157353725748e+00
1.150993686798540638e+00
1.143215008796363730e+00
1.130031428391554238e+00
1.113316644666294764e+00
1.114700209352708304e+00
1.126550811888747283e+00
1.146970656625234231e+00
1.155977173673391034e+00
1.144607670189398796e+00
1.135303682432422301e+00
1.136777376762779790e+00
1.148806791643434799e+00
1.167134199470466926e+00
1.178850897814566201e+00
1.176177454012750978e+00
1.173797600828895948e+00
1.180154713376825315e+00
1.190908381918660552e+00
1.204914375190956122e+00
1.213652096911204126e+00
1.213029797140065869e+00
1.206800618929443791e+00
1.204977368565210982e+00
1.211421299320329936e+00
1.219572137678188284e+00
1.221173745415231382e+00
1.215501998398422989e+00
1.210527785776170706e+00
1.205289848466282399e+00
1.205060166121126208e+00
1.206426344019245089e+00
1.215190546292808982e+00
1.227141705542857730e+00
1.242480405245569353e+00
1.251488192179739167e+00
1.246098892274336123e+00
1.235027874751565724e+00
1.220786238663346346e+00
1.217492762339120738e+00
1.231171803368876549e+00
1.244946443217878951e+00
1.249911347218079394e+00
1.247747975820242106e+00
1.244448743639151367e+00
1.251729739926082496e+00
1.272765542364243219e+00
1.289702916940455912e+00
1.292806372599648368e+00
1.276023809465029357e+00
1.257118039535453979e+00
1.245764010590524329e+00
1.242701018768081811e+00
1.246605152674122863e+00
1.251264611048520159e+00
1.257771881443399131e+00
1.264852263141241773e+00
1.276263124283409711e+00
1.288515221472663841e+00
1.296653714024327275e+00
1.301574580543747306e+00
1.301204802092129631e+00
1.298578919386674801e+00
1.292060742902505943e+00
1.287371915647912202e+00
1.284744972338644597e+00
1.276818202380251011e+00
1.269782403882825150e+00
1.266142180048420496e+00
1.269266114194453010e+00
1.284373263340618188e+00
1.296699145219548210e+00
1.302344500969851548e+00
1.301124896312419343e+00
1.297968059160332643e+00
1.298297327252896594e+00
1.308130584303498933e+00
1.319122293572476012e+00
1.327225208798892941e+00
1.327806021091751942e+00
1.316954748579123091e+00
1.307081373579122685e+00
1.309860768346434945e+00
1.318871495223358226e+00
1.332779031088599853e+00
1.332185012934180124e+00
1.320363492294194252e+00
1.297540844539383675e+00
1.282321114995027322e+00
1.284693775478524591e+00
1.296975122288005267e+00
1.319878757724267215e+00
1.338315114197539568e+00
1.348398069733030002e+00
1.353263267228305144e+00
1.349636436383018889e+00
1.345461277803120081e+00
1.341571947029213341e+00
1.337424328555507635e+00
1.333203053121292836e+00
1.331940829723669451e+00
1.334900794268487401e+00
1.341138486442247313e+00
1.342799807073521867e+00
1.341506234730349023e+00
1.339112365126587711e+00
1.340884624499446787e+00
1.348227796996710026e+00
1.361406636499147060e+00
1.371364005322045498e+00
1.369603852882772310e+00
1.361999825600020975e+00
1.350178538508408188e+00
1.344696022134684421e+00
1.351893436148275285e+00
1.360691236362239875e+00
1.368213046186461890e+00
1.365562775351894853e+00
1.351327087402081517e+00
1.341148370853891381e+00
1.337497561476950203e+00
1.341035604201122666e+00
1.352528417592951948e+00
1.362296244482347873e+00
1.365322350627873105e+00
1.355774918330798551e+00
1.345962984715856514e+00
1.344660535857411965e+00
1.352640881909396686e+00
1.368644238950376346e+00
1.380890323153551646e+00
1.380464937107478640e+00
1.371835474526380771e+00
1.363608228514827658e+00
1.358570991486799828e+00
1.360862256840986051e+00
1.361614658616667306e+00
1.356126108265471197e+00
1.346640890388456357e+00
1.338192169733197989e+00
1.338059167412714023e+00
1.354142061712600542e+00
1.375924833597609975e+00
1.395522032817666735e+00
1.390125754669836455e+00
1.374011281564012421e+00
1.347530615390877484e+00
1.332236108437083733e+00
1.333711081753838679e+00
1.345152063137641907e+00
1.369730052461293424e+00
1.388286829774401099e+00
1.388811738576749777e+00
1.381124391819942065e+00
1.368850518543010431e+00
1.360737250787793506e+00
1.360938965443516002e+00
1.367170312189124770e+00
1.376320586704645743e+00
1.382543804938867638e+00
1.376640424950235753e+00
1.367917689294960049e+00
1.356486541025028192e+00
1.350145595541415000e+00
1.350947999789968934e+00
1.359462576160237912e+00
1.365786430257240669e+00
1.364588512665795728e+00
1.362102214699266067e+00
1.354495224215023663e+00
1.349220491291014401e+00
1.349877181221401656e+00
1.352966057002575440e+00
1.358453213038318008e+00
1.360327902257552513e+00
1.354685258138892179e+00
1.348864009730476266e+00
1.342292210287466370e+00
1.339038415201261767e+00
1.343962975132435789e+00
1.350839616950250566e+00
1.355958298280811825e+00
1.357410906598065070e+00
1.355136142279082856e+00
1.351921447586273306e+00
1.350950351616963863e+00
1.355360588783661946e+00
1.359501128579612805e+00
1.362810246427536898e+00
1.364310073504716669e+00
1.361507814162431718e+00
1.357140219142509041e+00
1.354038497803935259e+00
1.350866131185504582e+00
1.351659105490726320e+00
1.354306673144642925e+00
1.360125913582607815e+00
1.365752276935453535e+00
1.368861296518183002e+00
1.366985284559245395e+00
1.359447880250313379e+00
1.348974966248316587e+00
1.337168772519295112e+00
1.325939976822247512e+00
1.319108254931322888e+00
1.315707359117771480e+00
1.316490522412388842e+00
1.321593310872207327e+00
1.330919719158475178e+00
1.347055412590815182e+00
1.362768125514898898e+00
1.374885472976856704e+00
1.381589771797152588e+00
1.375929127790787687e+00
1.364785329743630093e+00
1.348915585794255856e+00
1.333204681935966418e+00
1.327780205069952757e+00
1.327998704053833023e+00
1.342159290144965933e+00
1.359414270424557092e+00
1.374729073477928498e+00
1.383375834118317105e+00
1.384904854148232722e+00
1.372361357324745956e+00
1.360466766604576216e+00
1.350022239905927401e+00
1.346796017374709775e+00
1.347902218032084098e+00
1.346705423748576935e+00
1.344507990225404459e+00
1.342026262757988198e+00
1.342117436301411892e+00
1.344642179489407230e+00
1.350349659693238946e+00
1.359510946628775585e+00
1.368800389428037168e+00
1.372101406718238881e+00
1.363332239301309423e+00
1.341098824815375234e+00
1.319550689508952823e+00
1.304692662404304482e+00
1.300441999167806895e+00
1.309769165909037580e+00
1.320917786755328116e+00
1.337695093602183638e+00
1.354148756068198844e+00
1.367155532032670040e+00
1.377549670528608106e+00
1.382760071730895435e+00
1.384927703867417259e+00
1.381513751240550203e+00
1.376625968731175709e+00
1.366630072647459615e+00
1.357912881334250921e+00
1.349379285711428844e+00
1.341970565231578316e+00
1.338714172016902237e+00
1.341152655091701451e+00
1.349509196920619436e+00
1.360861330354854237e+00
1.368871722413986580e+00
1.369920187155220015e+00
1.368350724264313589e+00
1.366819787691971211e+00
1.365227936765740946e+00
1.366614464865179457e+00
1.366674703265015278e+00
1.364029883770976781e+00
1.360252375702686756e+00
1.352227497954976654e+00
1.343843031278419975e+00
1.340778653278901000e+00
1.343064224804537021e+00
1.349177361912603068e+00
1.353177393993298727e+00
1.352505230859686325e+00
1.348191585333256448e+00
1.346319557969732461e+00
1.349303723722512061e+00
1.353318919210735993e+00
1.358139437054032728e+00
1.360099459442348779e+00
1.357792041186671739e+00
1.355213781639938331e+00
1.352953489293614808e+00
1.354446653993839345e+00
1.356313154919714714e+00
1.357686121440355498e+00
1.358080283893356777e+00
1.355280882229773276e+00
1.348243155660373338e+00
1.341040552301304034e+00
1.337368731787667464e+00
1.339381630816843805e+00
1.347857345140031304e+00
1.358500013376808147e+00
1.364789650937466181e+00
1.361523869673024745e+00
1.355992233767403965e+00
1.347433729390487667e+00
1.338682796516595497e+00
1.333447611994259763e+00
1.334060081869215209e+00
1.343048359850320894e+00
1.349779880494781814e+00
1.348920861820309236e+00
1.345558874764098078e+00
1.343152891375763103e+00
1.345419981748329885e+00
1.355391525873884895e+00
1.359449582055275885e+00
1.334306086670148161e+00
1.274584233987008819e+00
1.159465394012332284e+00
1.143471816163188048e+00
1.385211825469896185e+00
1.864845466937341101e+00
2.444784070552853628e+00
3.013004908573051033e+00
3.698471151816016267e+00
4.450074050648669122e+00
5.390719007796845652e+00
6.322760281874810318e+00
7.274587970061197062e+00
8.102165136582922145e+00
8.814266356838736272e+00
9.416165038411413946e+00
9.961832840197670791e+00
1.047658262202183366e+01
1.100803169272720261e+01
1.150425207062826338e+01
1.196207692651396748e+01
1.233475014078506149e+01
1.261209791000993796e+01
1.282158170147275555e+01
1.298043207642664854e+01
1.312406887309761494e+01
1.328309223856109433e+01
1.344977179365097975e+01
1.359759690917424457e+01
1.369971716632201719e+01
1.375331190412924798e+01
1.373084189784823828e+01
1.367103854316997413e+01
1.352148635328836335e+01
1.331548555587768234e+01
1.297903325592747059e+01
1.263139683816685022e+01
1.228000155755126244e+01
1.201009893232785508e+01
1.182512549100083277e+01
1.167195800536827122e+01
1.149207739558969443e+01
1.127995268347811653e+01
1.100784155950828591e+01
1.074719742022116975e+01
1.048930635958356028e+01
1.025679097103621906e+01
1.001055615627546125e+01
9.724759869758303310e+00
9.431559774167686427e+00
9.113366106793092669e+00
8.818130886656097900e+00
8.550056968679912828e+00
8.311552981105000626e+00
8.080616097919037344e+00
7.858758338118402520e+00
7.625049151129334568e+00
7.415321289565916629e+00
7.220379394308631404e+00
7.052543436373280628e+00
6.899650981246173487e+00
6.756010276228411549e+00
6.611476578364540835e+00
6.488375925525122767e+00
6.389640621924833397e+00
6.324375324011946020e+00
6.299650805916799712e+00
6.296623824469070207e+00
6.318979240777872874e+00
6.347027847675716039e+00
6.397926995580879073e+00
6.480404662006688632e+00
6.576998531235762613e+00
6.707858509069883013e+00
6.838853203589506435e+00
6.965019209345632234e+00
7.073710408177732667e+00
7.174942035572475341e+00
7.274205740709464685e+00
7.391079373135313269e+00
7.514524070254527288e+00
7.670018993776700711e+00
7.832604750792860671e+00
8.024528203333236576e+00
8.217034965792272772e+00
8.424730246941212641e+00
8.623189043800007170e+00
8.818542843719141544e+00
9.005170678451268174e+00
9.205732184776982407e+00
9.399092080091376644e+00
9.605073945819578185e+00
9.799386084592869750e+00
9.956895801323453199e+00
1.006996593927552652e+01
1.015787110368488833e+01
1.023766945997284239e+01
1.032175643634161410e+01
1.042290126222144586e+01
1.051489315533804891e+01
1.059392378736606055e+01
1.064717166145707949e+01
1.066664509698231633e+01
1.067911268521400459e+01
1.068586498566490661e+01
1.070041590493625172e+01
1.070370814022169981e+01
1.068033713656740247e+01
1.059410095166855825e+01
1.047619079072062398e+01
1.032881182358867456e+01
1.020989371072173668e+01
1.013291458814049584e+01
1.008731727464371986e+01
1.004603207446927193e+01
9.974528250433438714e+00
9.889621053401597806e+00
9.773986218747193533e+00
9.666964543807287313e+00
9.554215097864464212e+00
9.451491876285748717e+00
9.356475469012613289e+00
9.272785949658960192e+00
9.206925660725836735e+00
9.148652488034974439e+00
9.102813039611252321e+00
9.063209903212030127e+00
9.026935617931364675e+00
9.006112843327327866e+00
9.005823880576471652e+00
9.024524560020907415e+00
9.054890609526589529e+00
9.080132966422583607e+00
9.092185886553188823e+00
9.093855805375548940e+00
9.086956697426339602e+00
9.089603070415909869e+00
9.118367141163478351e+00
9.168064831943045334e+00
9.214024364356038888e+00
9.238016906743016676e+00
9.246956633748332877e+00
9.232671452501334031e+00
9.209835823420684520e+00
9.150547978658684301e+00
9.043923316239661503e+00
8.787002240422490118e+00
8.445961224217288787e+00
7.955558944513970054e+00
7.506383631598100514e+00
7.167799890059462165e+00
6.975996645480440961e+00
6.972524654026114987e+00
7.025173630764543375e+00
7.102015103721884159e+00
7.153432498189912003e+00
7.203384567361948321e+00
7.281197322866197474e+00
7.440239079888240070e+00
7.643743791082448169e+00
7.934251494420443862e+00
8.236030134449862317e+00
8.579101558320822107e+00
8.912011327883597289e+00
9.271050964443629638e+00
9.662132234142724485e+00
1.005944539540444005e+01
1.052351718106721457e+01
1.098595476350380196e+01
1.148909630599267828e+01
1.196471251999321694e+01
1.243742307906758349e+01
1.286938285328586495e+01
1.329047769207807761e+01
1.367910055116652224e+01
1.407269803034966138e+01
1.444232675851639947e+01
1.480556941058671327e+01
1.513051739753665181e+01
1.543728387113336353e+01
1.571599859783415276e+01
1.598685623192190342e+01
1.623289520292302512e+01
1.645680010483446054e+01
1.664232306765843816e+01
1.678100208796474035e+01
1.688508208233375996e+01
1.695029492806575533e+01
1.699295522040449313e+01
1.700634012570377962e+01
1.700097281035139218e+01
1.694951305862135982e+01
1.688182562846120405e+01
1.675490131762943591e+01
1.659076353914218060e+01
1.642420241210711751e+01
1.623350173474303304e+01
1.604302328864572047e+01
1.580842058685339957e+01
1.556439313105380862e+01
1.526896722406500650e+01
1.498376660604746213e+01
1.468534953474993188e+01
1.441501870314447409e+01
1.415374032696944084e+01
1.391223968561956781e+01
1.367125096801121664e+01
1.344580545085088374e+01
1.323466069211976581e+01
1.305614266417368086e+01
1.293086177777405510e+01
1.284842385173492119e+01
1.281302841379667079e+01
1.279562836527769143e+01
1.279099509095299503e+01
1.279312229845044513e+01
1.281866623716789988e+01
1.286479120550492361e+01
1.295772379355253889e+01
1.307416914297799693e+01
1.323179540885557870e+01
1.341396328225770951e+01
1.359524074547396211e+01
1.380594773663213815e+01
1.401907661101387959e+01
1.426844920516079007e+01
1.451921644432384717e+01
1.478287399607966002e+01
1.502436734858071077e+01
1.525797308179289580e+01
1.546808851926982697e+01
1.566367993115418145e+01
1.583990240403286975e+01
1.600106704500015553e+01
1.613934730229248871e+01
1.626121712721135282e+01
1.637170039974254365e+01
1.648205526454913183e+01
1.658390407463392435e+01
1.668298229507848518e+01
1.676823623535843311e+01
1.682453890759597215e+01
1.686164875147465736e+01
1.686309130463623518e+01
1.685022638694062280e+01
1.681893129423333733e+01
1.678644416496653591e+01
1.675014103222719086e+01
1.670789908818500891e+01
1.664354096409622130e+01
1.654419893476000780e+01
1.643436194302064024e+01
1.629520342979053638e+01
1.615828388207383881e+01
1.601044780178397886e+01
1.587614062944335203e+01
1.575101093683743692e+01
1.564149191230963076e+01
1.554811087823763849e+01
1.546692608777173739e+01
1.538099008745871465e+01
1.528921939640631500e+01
1.519165233588168640e+01
1.511173966090652421e+01
1.506486715382848196e+01
1.503903050859644352e+01
1.502573576141112177e+01
1.500970735070358053e+01
1.499455843908729591e+01
1.499742260435056274e+01
1.504243539560373044e+01
1.510550961236902445e+01
1.518910877869089759e+01
1.526530913527190947e+01
1.533956895476131166e+01
1.541465827696670665e+01
1.550762933596013049e+01
1.560833353345491936e+01
1.572639216263473649e+01
1.584846424812496757e+01
1.596775312170319339e+01
1.609336011752635187e+01
1.621558314541496770e+01
1.633440682324574311e+01
1.643790028046974072e+01
1.652502797114104993e+01
1.660816073759355049e+01
1.670065031682824142e+01
1.679923680717867285e+01
1.691022892554260437e+01
1.701235680102574577e+01
1.709743408365875794e+01
1.716318771586766090e+01
1.722647516980494231e+01
1.728698953475716493e+01
1.735471979701445733e+01
1.741067835196328772e+01
1.745147208735535571e+01
1.747468021052785758e+01
1.747636174545162291e+01
1.746859551389421839e+01
1.744348370533736059e+01
1.741516194780999172e+01
1.737302953595368038e+01
1.733877086728889338e+01
1.730581205162692626e+01
1.727425336474525963e+01
1.723043289146486501e+01
1.717311874492995827e+01
1.711012483200821421e+01
1.704573942300233469e+01
1.698697568177635375e+01
1.693528004288210909e+01
1.687911985495577127e+01
1.680964433089044263e+01
1.673879552726801734e+01
1.666073382315854090e+01
1.659084440513267111e+01
1.652895142147007945e+01
1.647139287569797972e+01
1.640874511034832040e+01
1.634344639538354826e+01
1.627263191246806429e+01
1.621009988002991875e+01
1.617114790718712669e+01
1.614950565966316987e+01
1.615769450831697895e+01
1.617144558175561997e+01
1.618864790442998469e+01
1.620342655638829399e+01
1.622740347402893235e+01
1.625882416857120916e+01
1.631310538668528665e+01
1.637962068420146977e+01
1.646995168629343809e+01
1.656319050770443013e+01
1.666869182865557164e+01
1.677160884647599204e+01
1.686432439220136104e+01
1.694909949913147429e+01
1.703053667375040092e+01
1.712074924227965411e+01
1.721577231643240680e+01
1.731587095403882159e+01
1.740042116773290104e+01
1.746296811467414045e+01
1.750308787368047447e+01
1.752185312267019768e+01
1.753576252365520816e+01
1.755216126396218002e+01
1.757082470217880044e+01
1.759538033721608485e+01
1.762018264403110379e+01
1.763771186958145876e+01
1.763795020830079707e+01
1.759531737488181946e+01
1.752752237878791775e+01
1.741440780683764444e+01
1.730076831264553761e+01
1.719237855654624170e+01
1.711759483836225826e+01
1.708441294074940942e+01
1.707302516610094045e+01
1.708642245979962837e+01
1.710314236112167663e+01
1.711359519041928579e+01
1.710330485152764624e+01
1.707952847364619586e+01
1.703092236047712760e+01
1.697741833152170798e+01
1.692551156740863405e+01
1.689138993861162064e+01
1.688750992376256832e+01
1.690000941435835813e+01
1.693233032488376821e+01
1.697074935574294940e+01
1.701362054691706049e+01
1.705365896757285427e+01
1.709522856581824968e+01
1.713027140299250561e+01
1.715475132605336128e+01
1.716951234773575052e+01
1.717661430436021064e+01
1.718885682428977901e+01
1.722198834528640177e+01
1.726636016808460283e+01
1.732504539809840693e+01
1.737868229439429157e+01
1.741135201436310709e+01
1.742424274836095321e+01
1.741281400058294793e+01
1.739897644150977740e+01
1.739685340056347940e+01
1.741059956970194733e+01
1.742428785257335022e+01
1.742912137916689019e+01
1.742307813046967624e+01
1.739637321258057767e+01
1.737293146321346171e+01
1.735171144801160636e+01
1.733971340412418982e+01
1.733199439200694059e+01
1.732062193017780416e+01
1.729117345264213412e+01
1.726164753814345687e+01
1.723556165116104566e+01
1.722423643919509573e+01
1.723461501610894331e+01
1.725035649694693163e+01
1.726405776506129897e+01
1.726783969956091980e+01
1.725871346005641627e+01
1.724744434806087057e+01
1.723130132200227038e+01
1.721454274258643835e+01
1.718363936220745103e+01
1.714811396597883331e+01
1.710761585124183881e+01
1.707396325232669199e+01
1.705825273997993463e+01
1.704989079102483629e+01
1.704082203964078346e+01
1.702447375345569114e+01
1.700712454808964935e+01
1.700180392284770647e+01
1.700707126559099081e+01
1.702183123431545653e+01
1.703454197012339932e+01
1.703564514339124258e+01
1.703437992704345660e+01
1.703389126080277904e+01
1.704249576346972361e+01
1.706184003018157114e+01
1.708195632295879918e+01
1.710158072309276633e+01
1.712074317818219527e+01
1.714983115351413545e+01
1.718550822779369724e+01
1.723143813752211173e+01
1.727713594502503014e+01
1.731134260334922104e+01
1.733468339102480726e+01
1.735130635283134026e+01
1.737051655996164712e+01
1.739608242447514996e+01
1.742275459920142211e+01
1.744909911448189987e+01
1.746846630490720642e+01
1.748262163134356939e+01
1.749504532458318451e+01
1.751553598443967630e+01
1.754750386126055517e+01
1.758217573380443000e+01
1.761619056133355343e+01
1.764102955301294884e+01
1.765400595810169904e+01
1.766317959563888706e+01
1.767008038748329568e+01
1.767568260345428044e+01
1.768624833718212841e+01
1.770028183968982916e+01
1.772007076934900383e+01
1.774940145227988353e+01
1.779054049945294835e+01
1.783477042181878858e+01
1.788377845265807409e+01
1.792780981545913832e+01
1.796216927179285250e+01
1.798899406917872312e+01
1.801209291636368803e+01
1.803726742354761114e+01
1.807081816504358684e+01
1.810717452654204251e+01
1.814234249807283206e+01
1.816941936176475281e+01
1.818320543075301998e+01
1.818826931531329194e+01
1.817656270968339527e+01
1.816234998126243028e+01
1.815510251741510572e+01
1.816272638437634157e+01
1.817239327900242074e+01
1.817248931116484556e+01
1.816576566801469639e+01
1.814589693506292534e+01
1.812449192677289389e+01
1.810507000883623263e+01
1.808743435730541194e+01
1.807211928397736145e+01
1.806256583153376383e+01
1.805122985572667460e+01
1.803590606710041655e+01
1.800952736122231457e+01
1.797394488800678403e+01
1.791758483254236012e+01
1.785778263387749831e+01
1.778499506685331610e+01
1.771278675703823069e+01
1.764395958130200981e+01
1.759310941753971846e+01
1.755984005262742187e+01
1.753684322472047441e+01
1.751326848499463296e+01
1.747930596967813699e+01
1.742067617485538378e+01
1.735926192921133548e+01
1.729136192382190274e+01
1.723499591257765573e+01
1.719059472440936531e+01
1.715992697981231174e+01
1.713065204179051548e+01
1.709117833099121242e+01
1.704682774004204049e+01
1.699218434226986574e+01
1.694348051568908886e+01
1.689921634690714924e+01
1.686332354710540926e+01
1.683122898176689830e+01
1.680257914091194849e+01
1.678063746958710212e+01
1.676756566495152612e+01
1.676617191846685628e+01
1.677209476135476862e+01
1.677712111848543586e+01
1.677798225905505802e+01
1.676375082446858400e+01
1.674605823558985307e+01
1.672622281761986685e+01
1.671960693175431345e+01
1.673718035399429027e+01
1.676598544859619011e+01
1.681573883029913219e+01
1.686172764866764240e+01
1.690735800902807640e+01
1.694708933287687103e+01
1.699772572782524449e+01
1.705177554773743154e+01
1.709389460114397963e+01
1.710499621904788015e+01
1.710068922911493416e+01
1.708099076742436040e+01
1.707333673183079981e+01
1.709614323076919007e+01
1.713030405580573046e+01
1.716231807783247376e+01
1.716861606560022580e+01
1.713799196627761035e+01
1.709108315112516863e+01
1.703363399842972470e+01
1.699382459471572560e+01
1.698735554633698186e+01
1.699771420700906432e+01
1.702280987262915346e+01
1.703161940677382802e+01
1.700444285111555587e+01
1.696190786934728223e+01
1.691873760146178540e+01
1.689772509620842555e+01
1.691281149286345098e+01
1.693014273472211784e+01
1.692968891533198672e+01
1.690068505797550102e+01
1.683080366210698386e+01
1.676221504389216932e+01
1.671090391272826992e+01
1.669075222923576263e+01
1.668266558145742806e+01
1.667588756466248867e+01
1.665846060124668782e+01
1.663304844348855838e+01
1.661361395331407209e+01
1.660848166913208956e+01
1.661179668670517984e+01
1.662440895724892798e+01
1.663154971720035391e+01
1.662579730059069405e+01
1.662114983632570997e+01
1.663471043984285913e+01
1.665964460557860249e+01
1.669600706746610186e+01
1.671875025966106065e+01
1.671454853525753848e+01
1.669555274609003703e+01
1.666266637401223605e+01
1.663600686160696540e+01
1.661656500478644460e+01
1.660073610171924585e+01
1.659262394218815118e+01
1.658569477891636268e+01
1.657963293503767588e+01
1.656964804293922455e+01
1.654621394703445603e+01
1.649227658081122527e+01
1.642810338324179043e+01
1.635132222424417847e+01
1.628525342209648485e+01
1.623521888810752500e+01
1.619713300212784191e+01
1.616721750753806575e+01
1.613765090076170239e+01
1.610155619716597286e+01
1.606379446602973005e+01
1.602785979233788893e+01
1.599757104916997541e+01
1.596622097078129698e+01
1.592952088046938464e+01
1.587112890487725281e+01
1.580331736590499681e+01
1.571782401026259279e+01
1.564084552760452418e+01
1.558496775675923729e+01
1.555292432988987095e+01
1.555095448721343487e+01
1.554660929939613112e+01
1.552356703703118690e+01
1.548786232451453593e+01
1.543466031536010163e+01
1.539557148390253971e+01
1.540121614092630331e+01
1.543337475220758037e+01
1.549712207604336456e+01
1.555263641021019616e+01
1.559040627229621023e+01
1.560960038633592362e+01
1.563746601660410640e+01
1.569022764908274858e+01
1.575724137516290213e+01
1.583945403240033478e+01
1.590668597214735946e+01
1.595712933609267026e+01
1.599618094769005694e+01
1.603887508682494456e+01
1.608172431432249283e+01
1.613729641829231198e+01
1.619290714912945717e+01
1.625078329757405982e+01
1.630789851815518787e+01
1.636372128626869227e+01
1.641208045337937449e+01
1.644507578582143026e+01
1.646604812372289217e+01
1.648090150005788601e+01
1.649926016095399461e+01
1.653435142092570942e+01
1.657243649925273843e+01
1.661399829565727870e+01
1.664341255890919413e+01
1.665935294584716431e+01
1.666716873794025489e+01
1.666725186315276375e+01
1.666388001715642275e+01
1.666148398197544722e+01
1.665962082347879658e+01
1.665432290188139319e+01
1.663334170810999169e+01
1.660055803825695619e+01
1.654765969512126844e+01
1.649443291135997924e+01
1.644111863817273189e+01
1.639456764712705095e+01
1.634501555099146941e+01
1.629091256009654032e+01
1.621825124882122182e+01
1.614457100504978726e+01
1.607023136604326652e+01
1.600794010689187274e+01
1.595424491584081927e+01
1.589752346590520382e+01
1.581958555781680253e+01
1.574009962001534291e+01
1.565813548922787213e+01
1.559090751498858118e+01
1.554885628529348374e+01
1.552028948207678383e+01
1.549592558634842554e+01
1.546693983389033988e+01
1.542547228587895169e+01
1.539423242884080700e+01
1.537787115444152697e+01
1.537876100173289551e+01
1.538257289250699245e+01
1.536919219851348117e+01
1.534020461150295667e+01
1.528797964940004661e+01
1.524016185496131293e+01
1.521814950513317832e+01
1.522178369676561793e+01
1.525943537432660158e+01
1.529915415470048146e+01
1.533616265745606810e+01
1.535830864149130903e+01
1.537215247076980518e+01
1.538509691480871844e+01
1.541118315313649312e+01
1.544239719423636359e+01
1.547050196292313196e+01
1.548578945111984773e+01
1.547983558723978170e+01
1.546535094584062442e+01
1.545459957400705697e+01
1.545671674342578150e+01
1.547545971545637933e+01
1.549296485678985036e+01
1.549833014993336100e+01
1.549498308744452935e+01
1.548151286624498368e+01
1.547307937486870344e+01
1.547881884758928805e+01
1.550661455922123722e+01
1.553185482016852781e+01
1.553365678406249195e+01
1.551477977218706528e+01
1.547515469533033183e+01
1.544359117735226583e+01
1.543834060419578691e+01
1.544601039983621149e+01
1.545755358954943226e+01
1.544739605167734098e+01
1.540451835998998042e+01
1.535312161848448298e+01
1.531722171371868768e+01
1.530133377128083616e+01
1.530695606604223968e+01
1.530398750251222850e+01
1.526825663477871409e+01
1.522172515421589623e+01
1.518214813408601493e+01
1.516380874097266762e+01
1.517597409306687517e+01
1.518632574953092096e+01
1.517533260935725892e+01
1.515422423714544387e+01
1.514314551192166824e+01
1.514912514003900057e+01
1.516684117507145402e+01
1.515263083808828171e+01
1.511245084650259507e+01
1.504589056769159860e+01
1.499390392996170718e+01
1.498154950478365599e+01
1.498503384075722877e+01
1.499116515706654695e+01
1.497495446403098818e+01
1.492907736572054667e+01
1.487805372277238902e+01
1.483824992176866076e+01
1.481311329898522899e+01
1.480167413537528276e+01
1.478976572296631531e+01
1.477333433340387536e+01
1.476274574171885767e+01
1.477290614309370653e+01
1.479457046015594379e+01
1.482449523341606046e+01
1.484095263735924952e+01
1.483903489073793125e+01
1.483504975846948426e+01
1.483861397072999466e+01
1.485743317909564176e+01
1.489749954608934068e+01
1.493913987757515827e+01
1.497233983250410461e+01
1.498520994199380851e+01
1.498741855724933281e+01
1.496846584231025545e+01
1.495183689308993280e+01
1.493962239348421228e+01
1.494132965502739552e+01
1.496134013639468385e+01
1.498028350105346895e+01
1.498455159062239161e+01
1.497398815443157005e+01
1.494690800250535112e+01
1.492098226518785786e+01
1.489218228730514859e+01
1.486446686197823297e+01
1.482197358858745595e+01
1.477188064613972074e+01
1.471206782220969522e+01
1.465571974337730232e+01
1.460258037719609447e+01
1.455411569565559837e+01
1.450926797095147158e+01
1.446082672118385481e+01
1.440684332823020775e+01
1.435551229295492170e+01
1.432231649457614076e+01
1.430534258997164443e+01
1.430416712340569951e+01
1.429939427734341528e+01
1.427217300653595267e+01
1.422492075204815620e+01
1.418916580034902175e+01
1.419000188378421612e+01
1.421612487014137116e+01
1.426637584011164606e+01
1.431137118799934349e+01
1.434697201624477181e+01
1.437885902865702548e+01
1.442430662445676326e+01
1.447802916392783956e+01
1.454350060834199354e+01
1.460920831931273867e+01
1.467915991354271732e+01
1.474459140558890269e+01
1.481361182923333786e+01
1.487873001751794888e+01
1.494623489479057454e+01
1.500757879076197732e+01
1.505488627885033637e+01
1.509263795855335211e+01
1.512108328350647923e+01
1.514919858960205445e+01
1.517757074072859602e+01
1.520818359008538323e+01
1.524205666120987068e+01
1.527781853053265415e+01
1.530367200373514969e+01
1.531579905084694992e+01
1.531366245491932609e+01
1.530523942925792902e+01
1.530000059802287282e+01
1.529554609366458706e+01
1.528736853298931209e+01
1.526466750703635888e+01
1.523336236063456894e+01
1.518335162886999434e+01
1.513496560945944758e+01
1.509485039047947730e+01
1.506628784001971155e+01
1.505606332576845929e+01
1.504578259519668926e+01
1.501918755332740041e+01
1.498076118600437212e+01
1.492532842469393728e+01
1.488097146391398518e+01
1.484943543552790501e+01
1.482699604427471662e+01
1.480036671290004868e+01
1.476766749358694497e+01
1.472036770616394286e+01
1.467769121568841584e+01
1.464518881468978861e+01
1.462668550276348256e+01
1.460542150613670920e+01
1.457838197575745376e+01
1.452968423461139658e+01
1.447860847046624677e+01
1.443860300108609884e+01
1.442715043632589733e+01
1.442633075822962319e+01
1.442982071044918335e+01
1.442769908461778350e+01
1.441770887656321065e+01
1.440642493755140308e+01
1.439841235231525118e+01
1.439001356611757032e+01
1.438551033265978063e+01
1.438515786558479093e+01
1.438554239909259991e+01
1.438693156355668101e+01
1.438537249746345559e+01
1.438531154794125655e+01
1.439900472934550990e+01
1.441819405129523268e+01
1.443660340303253875e+01
1.444575701145121727e+01
1.443228886485993101e+01
1.441707706274907075e+01
1.440867673246573233e+01
1.440822981270392411e+01
1.441153865764130160e+01
1.440692121835008876e+01
1.438771210082201435e+01
1.436575999314035990e+01
1.434378661753372164e+01
1.433785542993607010e+01
1.434289311921882693e+01
1.434955273326952074e+01
1.434318566339472412e+01
1.431156201358955293e+01
1.426783532748026850e+01
1.422310664482380105e+01
1.419310751154403150e+01
1.418088304376332864e+01
1.416648509360695130e+01
1.414148612243186420e+01
1.412208460664946763e+01
1.411585434962292318e+01
1.412522118807553362e+01
1.415389045613875396e+01
1.417873922007993137e+01
1.419579439340173543e+01
1.420722519762683334e+01
1.422393202987823813e+01
1.425547552390444217e+01
1.430555871582734895e+01
1.435100242157202821e+01
1.437579578930691859e+01
1.438408270545130208e+01
1.438828274319225642e+01
1.444224221987447265e+01
1.468100374914215500e+01
1.524135178480869612e+01
1.601403666950181659e+01
1.721606945737400451e+01
1.853909012786161270e+01
2.013088811751259755e+01
2.175157705205509728e+01
2.364353586235290905e+01
2.562676274855395420e+01
2.802503834134263627e+01
3.048106434093736894e+01
3.323625734504615536e+01
3.589700999017015448e+01
3.866527535254316916e+01
4.127467504320900105e+01
4.394262187872179481e+01
4.643894241671249290e+01
4.892853410568023520e+01
5.119430407081613055e+01
5.333674200065673432e+01
5.523386506284432329e+01
5.696219645012168087e+01
5.849789288134531517e+01
5.983315296190403387e+01
6.099566327269035781e+01
6.198766006306954779e+01
6.281416315494752212e+01
6.349429939834792691e+01
6.401159776147599700e+01
6.439265785994864189e+01
6.454917150687744254e+01
6.453540576573321630e+01
6.415272759456425433e+01
6.354945367462815398e+01
6.247527337828861249e+01
6.123707450139406205e+01
5.958528010684222664e+01
5.786527441060285781e+01
5.583199286493601221e+01
5.379515933834220931e+01
5.148861984816873161e+01
4.921889478473121926e+01
4.675873972932477329e+01
4.425516601490098623e+01
4.193427118459565861e+01
3.965765188384522588e+01
3.759067364456555538e+01
3.560814436756187007e+01
3.380544298583800611e+01
3.207935545761150564e+01
3.051850072960213822e+01
2.905598167112048813e+01
2.776554073082559881e+01
2.660515321277864942e+01
2.559074643455532794e+01
2.469893384857790153e+01
2.392545341337499920e+01
2.325963024771277787e+01
2.270809771921126696e+01
2.227360357272659996e+01
2.193408109119389238e+01
2.171865597751704158e+01
2.160007089625027277e+01
2.168386585426219426e+01
2.203827758969742590e+01
2.255344005283033582e+01
2.340090167710768299e+01
2.434229024513990325e+01
2.552286786594248724e+01
2.672663762479864147e+01
2.813882213890207140e+01
2.957515713345202713e+01
3.125866947327293133e+01
3.295034389936951413e+01
3.480967629150863019e+01
3.657949498293483970e+01
3.838328868175914010e+01
4.005903707457154894e+01
4.174771967860449706e+01
4.332970026522668405e+01
4.492910528300286188e+01
4.641189826384991335e+01
4.784229011823622102e+01
4.912399533892531167e+01
5.030341267511202830e+01
5.136441395330674453e+01
5.230033117860154590e+01
5.314465718174094633e+01
5.387925030398792359e+01
5.451098627745701464e+01
5.504335136570339415e+01
5.545924308246235057e+01
5.578747510853865066e+01
5.599014773797583899e+01
5.610522857121922158e+01
5.605912731399499904e+01
5.590706329493244908e+01
5.552255484343701397e+01
5.502703448278808196e+01
5.425625279751525198e+01
5.338854299040001194e+01
5.226392133557950359e+01
5.110417825072852338e+01
4.975542029669033184e+01
4.841454590005852765e+01
4.692835052499086146e+01
4.535773359149598605e+01
4.385049564213284867e+01
4.228092165887576925e+01
4.080407957838652777e+01
3.929648524608266058e+01
3.789313528069001791e+01
3.651188647412596566e+01
3.526724178204683824e+01
3.411241912717287050e+01
3.308941967938211803e+01
3.215294653961625215e+01
3.131835183764054165e+01
3.054624753414956473e+01
2.986608481219458966e+01
2.925788633302688879e+01
2.874042592850802436e+01
2.830939638087211563e+01
2.795430300996400419e+01
2.768298488714922101e+01
2.747423235415730858e+01
2.735941619578295558e+01
2.735573198693110442e+01
2.743413149039791676e+01
2.768650584127713543e+01
2.803287745838074585e+01
2.859418639166309362e+01
2.923057490127664693e+01
3.005625270723398401e+01
3.091406782726892999e+01
3.191465502968060619e+01
3.291506492461099498e+01
3.403472558013444171e+01
3.513297228072931944e+01
3.634213568307301045e+01
3.752096179615678295e+01
3.876374121456497335e+01
3.993860239047091909e+01
4.113639071578077733e+01
4.225797689636332422e+01
4.339074068682379703e+01
4.444179793611694862e+01
4.547354803231348797e+01
4.644209393080494408e+01
4.731000251930898770e+01
4.810775144061219066e+01
4.881974206497264390e+01
4.947811599099986068e+01
5.005804053351756266e+01
5.057670833781604358e+01
5.101848396316236744e+01
5.137476562232576072e+01
5.164818335444549291e+01
5.182918761098019189e+01
5.195105872398647762e+01
5.198968707510088194e+01
5.197796549602878002e+01
5.186086149094324327e+01
5.168053665033468747e+01
5.134413652704922271e+01
5.093402330891411367e+01
5.033908046474041953e+01
4.968831067231479182e+01
4.887014836728289424e+01
4.792513843229485815e+01
4.698661839904156068e+01
4.594712885110306644e+01
4.494194899134942744e+01
4.386650826803328584e+01
4.283050086504072596e+01
4.171772918490805893e+01
4.065187631391096801e+01
3.954836562596979377e+01
3.852300174312705394e+01
3.753000672429200790e+01
3.663173669200126881e+01
3.577654693811432196e+01
3.500760748991498161e+01
3.428366508645148514e+01
3.363680980740288362e+01
3.305367320173181866e+01
3.254382525452512454e+01
3.208274205114350508e+01
3.167515061808003551e+01
3.129666971441097800e+01
3.097059116441741011e+01
3.070418368642337015e+01
3.051915361631638035e+01
3.039662282439984153e+01
3.037636670358894619e+01
3.041395012658810160e+01
3.056853098690245929e+01
3.078600962740358327e+01
3.114520100638776512e+01
3.156024185820196948e+01
3.212609889650394734e+01
3.272399421743038772e+01
3.343369999915977075e+01
3.414686241004192624e+01
3.496239500350446860e+01
3.577495390936157094e+01
3.669860949153954266e+01
3.760880122780055501e+01
3.858943018916183121e+01
3.951883013199888950e+01
4.046832839663478865e+01
4.141144203482438968e+01
4.229759032512934880e+01
4.320498850913489264e+01
4.404965674397094233e+01
4.487409087966054955e+01
4.560814211395909012e+01
4.626388157739051366e+01
4.683086346174749082e+01
4.733175740954514765e+01
4.777530199494305663e+01
4.819417178852735617e+01
4.857256851959208888e+01
4.891426347868796398e+01
4.920111505377126093e+01
4.941631457747088518e+01
4.957621021608220246e+01
4.966916253988018326e+01
4.972358915209049002e+01
4.972243074138630448e+01
4.967788390434715495e+01
4.954680993998884020e+01
4.931704558076283007e+01
4.903951021292485990e+01
4.864601193621317776e+01
4.821172086007677393e+01
4.765967876541897397e+01
4.708094201363508802e+01
4.638362471564482803e+01
4.567122813817297100e+01
4.484789943968516468e+01
4.402606567201269172e+01
4.312555885451892834e+01
4.225946280025588209e+01
4.135584034850374735e+01
4.051376706608690625e+01
3.965346841925169485e+01
3.885248890907010377e+01
3.804501312652687517e+01
3.730000503501872799e+01
3.657677021153823915e+01
3.592547267090139229e+01
3.531576930047269514e+01
3.477335566181974258e+01
3.430218737447783894e+01
3.388787515300575848e+01
3.352719597731850598e+01
3.319149675415345513e+01
3.288606582911117471e+01
3.260556046832156341e+01
3.237082897873260379e+01
3.219033168268893519e+01
3.206185668126622090e+01
3.200070238506232556e+01
3.198215537960130561e+01
3.203609589851215844e+01
3.213034557899341337e+01
3.232561460092242811e+01
3.257002319255620648e+01
3.292043397476668076e+01
3.330565655168678063e+01
3.379819085791517352e+01
3.431012116684976121e+01
3.491945712323897055e+01
3.560847787045435808e+01
3.629935390846858212e+01
3.706397056670282097e+01
3.781068493895019600e+01
3.860507723295818749e+01
3.936630452196643404e+01
4.015628409581898239e+01
4.090282071051073842e+01
4.165343084117615291e+01
4.234723986023311681e+01
4.302324682162269198e+01
4.363540814208401741e+01
4.423148954239794506e+01
4.477838803560549508e+01
4.531347800436777362e+01
4.580416391870227955e+01
4.626751975409444384e+01
4.668180702687606498e+01
4.705414816793280863e+01
4.737703962126111890e+01
4.765067438507489328e+01
4.786940441651137235e+01
4.804419603163168517e+01
4.816174032674381067e+01
4.824419922107913550e+01
4.827998280618519544e+01
4.829364726438358701e+01
4.825579587758985411e+01
4.818501078728656495e+01
4.803045738270868270e+01
4.783518686615595072e+01
4.753213588383771082e+01
4.719502326203038223e+01
4.676579940984984063e+01
4.632293821607920847e+01
4.579832196050152504e+01
4.526514500011295894e+01
4.463579421840775296e+01
4.399907470815122679e+01
4.328018545674859752e+01
4.257801635653043348e+01
4.183092693143701268e+01
4.105939854992165294e+01
4.033518437166031845e+01
3.959313813266368243e+01
3.890383586100889346e+01
3.823286958823729265e+01
3.762999358868152910e+01
3.705578749573796671e+01
3.653966738009658854e+01
3.605251795208013021e+01
3.561749139796090446e+01
3.522201637244340588e+01
3.488019351698512338e+01
3.457030078490516445e+01
3.428983547873557569e+01
3.401964810026569097e+01
3.377113732086818487e+01
3.354911409023686986e+01
3.337242704669185400e+01
3.324438692526243244e+01
3.315478765189849497e+01
3.311774223408067996e+01
3.313142558282176964e+01
3.318144250412963459e+01
3.331288196297425941e+01
3.348428624311775792e+01
3.374779411844444610e+01
3.404495461443195836e+01
3.443666816564723376e+01
3.484363869512331036e+01
3.533338977653157542e+01
3.582324951904328714e+01
3.637425986189315097e+01
3.691348667606760614e+01
3.750274953765933361e+01
3.808542966416714393e+01
3.873456093393514266e+01
3.936835190027974818e+01
4.004543812669422920e+01
4.068639889130271570e+01
4.132408654403024428e+01
4.194109266900706956e+01
4.250887462714926102e+01
4.307097705981340852e+01
4.358294085536208939e+01
4.406455453824006696e+01
4.448485153899773792e+01
4.486929477102199826e+01
4.521638428853997738e+01
4.555221415026298359e+01
4.586964451363333239e+01
4.618210721769382587e+01
4.645873964217113183e+01
4.668104045375331879e+01
4.685296996834060934e+01
4.695922818920630704e+01
4.703412306590495007e+01
4.707828696595276341e+01
4.710605376360029339e+01
4.709808692613383130e+01
4.706855056693303396e+01
4.698994084885578815e+01
4.685560625421725689e+01
4.669234790672300051e+01
4.646197080534619062e+01
4.621176216214541199e+01
4.589430015780808958e+01
4.556280163721766030e+01
4.516317048922956445e+01
4.475451199714597550e+01
4.427624993160531375e+01
4.379842872094405237e+01
4.326667679194689953e+01
4.274723454512636778e+01
4.218881472309792713e+01
4.164952802418344646e+01
4.107809609343056678e+01
4.053162110154514153e+01
3.995794761516773264e+01
3.941337719735949463e+01
3.885519868238182539e+01
3.834568549503159574e+01
3.786211640455198335e+01
3.742625374665775695e+01
3.701627566981449036e+01
3.662540755743245313e+01
3.627165122801229558e+01
3.593072132865589907e+01
3.562368133131437276e+01
3.532692086258530395e+01
3.505177048324959799e+01
3.478804031047105383e+01
3.454991614435566305e+01
3.434571727037255329e+01
3.417713855837911296e+01
3.405205674993452192e+01
3.395119227074329160e+01
3.387795022438065473e+01
3.382242411016994765e+01
3.379290478384246654e+01
3.379342162271724703e+01
3.384727160325767414e+01
3.393094117547516220e+01
3.408655209988985035e+01
3.429964226395200200e+01
3.454108895633742549e+01
3.485520685394135398e+01
3.519295236691193196e+01
3.560608937888257230e+01
3.602434614731701856e+01
3.649161605721860013e+01
3.694925370579360191e+01
3.744735744577015168e+01
3.793744713153018466e+01
3.847730214564413842e+01
3.899997815837172510e+01
3.954750185742283008e+01
4.005579560149637075e+01
