5.484905993634257154e-02
5.487253738547543530e-02
3.391224123595973361e-02
4.482434180352010133e-02
4.938165977241752713e-02
4.319844313038145173e-02
3.394261199261282280e-02
2.938201521426268142e-02
1.215514377719835969e-02
4.935562307591809944e-02
7.278507753859458917e-02
7.567695165686860737e-02
7.567695165686860737e-02
5.984029764789693812e-02
4.318651547950082270e-02
3.595318085540087638e-02
3.593167961602825033e-02
4.480709790094979106e-02
6.447811803053342394e-02
6.452604190948797724e-02
4.950671804124567171e-02
4.328780962286033623e-02
5.491005206469667943e-02
8.709710017177986485e-02
8.952784275127151359e-02
9.034355455966629200e-02
1.044035849044985115e-01
1.295775010995694476e-01
1.761475537181378670e-01
1.716628886224695894e-01
1.628825026994934755e-01
1.605962515468197516e-01
2.172505554510802961e-01
2.569224274733959423e-01
2.897981344293156791e-01
2.570203850336746920e-01
1.994991655024702659e-01
2.379402518685144463e-01
3.086561743317324247e-01
3.080867201049032333e-01
1.605698840197532229e-01
2.513487698852314156e-01
4.519506606543865490e-01
3.816561855157676320e-01
1.052165730990028136e-01
2.959118888056821994e-01
3.887419356290880423e-01
2.336871849805718382e-01
3.114285220426430412e-01
3.049476241453751846e-01
1.884979941087941702e-01
2.132221305238325704e-01
1.715160593820826695e-01
9.645863066347562520e-02
2.258407956335121425e-01
2.581358938393890079e-01
1.519094484193410366e-01
8.973476986575418257e-02
1.562509245350647558e-01
1.629063173926815489e-01
2.090139972466785179e-01
2.558432876760449726e-01
1.518653183963540598e-01
1.250344365174958505e-01
2.339832262890667314e-01
2.171924310291042659e-01
1.597680672557380277e-01
2.073351047036914585e-01
2.405474538203940527e-01
1.799063324315980650e-01
8.115212464813245652e-02
5.491008058042985002e-02
8.033295032962060878e-02
1.196874545325487815e-01
1.518296932343821681e-01
1.243567980990625266e-01
5.875526211961072665e-02
2.955683917410594289e-02
9.867725512013814093e-02
1.569348061868294508e-01
2.289410592996774796e-01
2.513039106834164538e-01
1.597003349874344946e-01
8.466346706951824452e-02
1.395750306405179608e-01
2.006337073013478023e-01
1.846509203422417034e-01
1.294485772208338881e-01
1.083689556307584900e-01
1.519450131781382163e-01
1.624663686099180326e-01
1.317698303866713383e-01
1.518788773043757423e-01
1.842448144715799208e-01
1.842308326751318781e-01
1.272041111807480085e-01
1.077067344958398121e-01
1.294740842221856481e-01
1.504564739050071598e-01
1.918953860783122189e-01
1.963006076859452886e-01
1.988008706509573342e-01
2.058887655564066999e-01
2.197220347005896524e-01
2.467495613055605830e-01
2.711056904447383675e-01
2.589665309056132791e-01
2.211488797683987817e-01
1.886800443334039901e-01
7.782686396372077986e-02
1.446161965795450810e-01
2.982947617585493538e-01
4.297542382103099468e-01
3.949986291661098936e-01
1.758619980882635825e-01
7.190284078756693786e-02
1.340304836167433289e-01
1.339304654988799081e-01
3.438617211079012526e-01
4.948974892290002314e-01
5.493184414703098373e-01
4.191308288736795840e-01
1.485766138097616706e-01
1.250240492335533138e-01
3.123588656996367230e-01
3.501812511192811117e-01
2.770781417543415892e-01
3.102376823317576915e-01
4.474220246997531181e-01
4.759988127589254159e-01
3.789230443588962882e-01
2.535996702091840027e-01
2.238847303999502991e-01
1.605324867850850268e-01
1.070498723731303642e-01
1.978956136223833373e-01
2.754160795338176926e-01
3.824955923251588952e-01
3.993298812155761102e-01
3.485327932487461977e-01
2.731615551697008093e-01
2.066174497095318030e-01
1.823509355312897817e-01
1.973857095907241566e-01
2.351243958447079008e-01
2.872185095495676799e-01
2.965195829418311724e-01
2.791352265797361065e-01
3.037723190219592806e-01
3.369208273016343069e-01
3.240887414439363456e-01
2.999746658404182642e-01
3.513833189252504319e-01
4.222838285381342871e-01
4.154794629150496132e-01
3.412762578265761682e-01
3.402803354292912030e-01
4.104194854994168140e-01
3.982156907226174214e-01
3.149434933901655853e-01
4.556768720797060301e-01
6.353596575851652162e-01
7.388020218075069812e-01
6.512872498735408078e-01
4.244417343010418731e-01
3.089752036416981151e-01
2.468487144233619535e-01
2.131249739320012493e-01
2.710401014494984162e-01
4.232079233838474952e-01
6.047855090821756541e-01
5.470178051785068440e-01
3.965979174279972153e-01
2.130537954406118983e-01
1.952105840590252495e-01
2.765872821047156149e-01
4.385478119554829246e-01
5.969481896877902871e-01
5.762792135925433046e-01
3.853128317475935094e-01
2.753056926792069592e-01
2.659844854315472906e-01
3.242220787689603090e-01
4.807289263943069213e-01
5.430466374151533548e-01
5.304908104625455367e-01
4.902112872209758443e-01
4.557114386067597223e-01
4.259929671097152371e-01
3.687342181080959791e-01
3.963509935480891699e-01
4.473013034371258190e-01
5.251805436543194316e-01
5.763442133892523467e-01
5.646995756828249169e-01
4.800630382770700311e-01
3.269968377193462894e-01
2.895626493739818508e-01
3.504705856151938415e-01
4.338364849360966113e-01
5.599976186108741594e-01
5.748839014947265680e-01
4.913285091614991162e-01
4.426171965387269980e-01
4.216952891489025301e-01
4.296404280788902463e-01
5.123984246721616787e-01
6.000750306467518280e-01
6.336837669576916854e-01
5.818871856572545020e-01
4.251387034183894409e-01
3.811371718157465782e-01
4.007306431452227757e-01
4.532478629393751346e-01
4.811939409535598289e-01
6.784391300547676362e-01
5.581062353417762800e-01
4.488566933925036140e-01
4.587161558808732775e-01
6.054883938532873433e-01
1.125524230091218270e+00
1.497242049391967811e+00
1.597682670286596718e+00
1.155899985766090321e+00
2.662026521476046903e-01
1.373690274401424105e+00
2.552810099977232738e+00
2.747410199508239614e+00
5.994527654599081101e-01
5.994763999335099847e-01
6.001042475743706417e-01
6.020389705991561202e-01
6.033829477079474257e-01
5.953917864349420608e-01
5.842389232021447665e-01
6.524535587729560770e-01
8.629823256816059329e-01
1.371228042368598521e+00
1.692834656299006202e+00
1.899992261195762255e+00
1.773914641901565892e+00
1.329382867195173290e+00
1.107870286126521275e+00
1.209732499768977787e+00
1.356147942295064857e+00
1.249600646050546660e+00
9.486452120453574555e-01
5.150828755448771945e-01
6.924694401085458306e-01
1.096406162509833804e+00
7.843087689022671949e-01
6.826885404199646290e-01
6.321568769414286360e-01
6.337100589617912227e-01
6.624767139128368010e-01
7.330432024071774633e-01
7.519594783505557656e-01
6.897046089457778972e-01
7.287374000539686980e-01
1.203506773125436080e+00
1.632306320750256612e+00
1.973054526094152106e+00
1.390324505279860734e+00
1.050780538008089238e+00
7.601976636329196291e-01
8.483720463420815205e-01
8.014647252328058746e-01
7.450102184111905279e-01
9.587016996111042966e-01
1.241249980076197135e+00
1.358717246967590997e+00
1.522692926935891089e+00
1.591096882753384456e+00
1.583169495608431898e+00
1.873923228659681861e+00
1.760369394506268836e+00
1.352952937117539944e+00
9.108555331549812450e-01
5.533921233045486776e-01
1.356907277363272879e+00
1.663385856539465024e+00
1.490507180575715962e+00
1.150342314057640980e+00
9.842365123012027928e-01
1.131567224614233869e+00
1.486561243830992529e+00
1.950524800947122106e+00
1.755395640805107682e+00
1.499651604257849158e+00
1.311928341063264059e+00
7.441213051954767010e-01
1.108289290082594025e+00
1.650119117578924710e+00
1.778957507080675127e+00
1.459695996669566842e+00
1.155844060940981688e+00
1.243676961546996917e+00
1.331405681144183895e+00
1.827865776568875944e+00
1.751364467959904525e+00
1.580290307697129304e+00
1.291396800969667025e+00
6.478125066007436317e-01
1.000858108660380719e+00
1.796686675855297732e+00
1.715821740084453095e+00
1.307801165325706672e+00
9.558855158950312347e-01
9.655002477091603197e-01
1.103069056607995257e+00
1.635772653450374703e+00
1.899801932508428548e+00
1.870149658055147102e+00
1.676318522445688020e+00
1.364277186527415253e+00
7.291973483355586039e-01
1.011268709537030519e+00
1.768386771399096169e+00
1.864585267514685230e+00
1.643498559680479643e+00
1.293458711430803154e+00
1.158915968665784613e+00
1.175589757566352977e+00
1.277583048976515645e+00
1.372034553139307667e+00
1.380655653523536142e+00
1.300388032186087450e+00
1.122887609227035233e+00
7.978669712089579980e-01
8.950771231578580345e-01
1.257377983370891572e+00
1.318888582263539666e+00
1.098457689303517171e+00
9.147601978191383099e-01
8.762502688390070293e-01
9.537117816544955495e-01
1.035400392926973279e+00
1.020650611696267474e+00
9.540561944784583526e-01
9.746963577238408893e-01
1.047434038473293416e+00
1.093595574336803322e+00
1.061586715208207909e+00
1.765001676808444442e+00
1.878393117501733878e+00
1.807492287664832498e+00
1.328511582731325857e+00
9.336595582663147486e-01
1.288500349675856249e+00
1.704219577786835416e+00
1.673636354094947931e+00
1.001326338548488515e+00
7.819061970078251544e-01
8.254608120469680843e-01
9.802845856326513063e-01
1.657925146709262387e+00
1.487018858145164879e+00
1.548268537025881519e+00
1.368590634980706877e+00
1.005480143483430844e+00
1.165446366589000915e+00
1.514139394846792275e+00
1.504795767110032267e+00
1.126458012703660527e+00
1.030658943575972541e+00
1.021971717291090043e+00
1.221563498802599845e+00
1.746259729614323408e+00
1.639004710230780315e+00
1.526149074476169210e+00
1.206835475330273910e+00
9.186686084454013246e-01
1.122603615973773783e+00
1.455798518652004159e+00
1.455270201299656341e+00
1.045364841800765499e+00
9.682211900198013366e-01
1.065426613163562797e+00
1.253198731270145361e+00
1.670642093333880362e+00
1.729143871067719829e+00
1.526625197860494110e+00
1.396475293765277348e+00
1.218672708081156575e+00
1.023803803363930731e+00
9.728261678115457389e-01
1.258787744989009250e+00
1.355238275077094379e+00
1.307068910785000648e+00
1.308369243525392411e+00
1.332647968516302184e+00
1.703355743697537950e+00
1.675945851287465871e+00
1.373709826090011799e+00
1.080315154672617517e+00
9.612918805719375959e-01
1.185335233579127179e+00
1.405476695397442466e+00
1.201597164722134403e+00
9.869277559222305873e-01
8.392545368274990647e-01
8.207384867644139659e-01
1.137231932970152126e+00
1.469468651581829377e+00
1.542698424012067582e+00
1.582447018235816572e+00
1.423975203630154507e+00
1.027946611284015210e+00
1.045613349460230435e+00
1.375691874348339061e+00
1.313591784989615707e+00
1.082195485158551795e+00
8.773718630796693008e-01
9.072977546502470902e-01
1.104677626182075656e+00
1.434267403055651480e+00
1.466054659827038531e+00
1.545203427497208848e+00
1.428953841369764222e+00
1.055955310884859388e+00
1.078777927240313073e+00
1.399032432389326619e+00
1.306894670921201262e+00
1.073351536023397612e+00
9.268088821514013365e-01
9.602786901557016641e-01
1.116545912497561188e+00
1.299015177616912320e+00
1.392465850554005957e+00
1.406955745066051922e+00
1.414109469338319158e+00
1.359258228728525975e+00
1.095101539683813963e+00
9.373042170048646593e-01
1.048609859331786520e+00
1.196605859712504438e+00
1.212339188768629450e+00
1.199978183073972637e+00
1.232176212786031622e+00
1.282031446223628190e+00
1.388080391744371145e+00
1.466344709590069240e+00
1.420209780552131873e+00
1.282717828624398981e+00
1.182135739355142157e+00
1.021742987679514325e+00
9.505922472552676972e-01
1.056231558974849882e+00
1.208707158603737231e+00
1.242927805250769735e+00
1.223799453448208396e+00
1.228512611166673540e+00
1.255634710366390960e+00
1.095040923809581956e+00
1.081558685408858800e+00
1.117902335785692314e+00
1.167372331062672242e+00
1.269077910663304998e+00
1.326491244456423413e+00
1.321840593997461566e+00
1.268872063096024849e+00
1.126552623493931593e+00
9.834336336566591452e-01
9.452597019530230016e-01
1.183334347633264727e+00
1.527843699601083571e+00
1.516787761313187266e+00
1.372750982406032216e+00
1.265056494734069004e+00
1.235897879819101375e+00
1.317371396554956497e+00
1.223512048239876027e+00
1.161821006354366137e+00
1.078709062953912889e+00
1.081056127645056986e+00
1.180471975674023177e+00
1.233086747310460529e+00
1.197620547695505078e+00
1.050655920012607547e+00
9.939813588365674635e-01
1.064206105678464409e+00
1.179216248802637201e+00
1.256079315970543453e+00
1.171530437676605141e+00
1.119989585407851873e+00
1.137259903556803620e+00
1.173152797215933907e+00
1.199216218448400983e+00
1.186873619646086064e+00
1.126546574797248734e+00
1.059782945927549846e+00
1.061554994014918263e+00
1.135504618387600306e+00
1.201369245166885147e+00
1.250332295355746748e+00
1.277331309833823036e+00
1.233440888098225940e+00
1.154266217220845325e+00
1.135070040955741710e+00
1.126655796523304831e+00
1.144747493965012630e+00
1.190853546459804013e+00
1.218809429680272061e+00
1.206992818282735191e+00
1.153265506177620026e+00
1.125843370979588087e+00
1.131437979673541649e+00
1.155714514136605864e+00
1.194646062849421098e+00
1.203091967728460387e+00
1.182873450761462442e+00
1.156239869346396443e+00
1.135276398772606443e+00
1.139885580664822262e+00
1.159517824595666546e+00
1.186940756808886777e+00
1.194888390316723337e+00
1.159239849575323333e+00
1.121558844278552902e+00
1.138439042805941437e+00
1.159496538421958434e+00
1.194667037594524084e+00
1.219169072198771353e+00
1.211651110844672141e+00
1.184397887698568352e+00
1.143563683385874219e+00
1.135278439401778305e+00
1.135062834999692072e+00
1.152391071422682378e+00
1.158508054275092070e+00
1.162991550916696148e+00
1.153313681617008424e+00
1.208762897692884142e+00
1.232199068911711715e+00
1.240712187089528795e+00
1.226079846860017142e+00
1.185234605337651459e+00
1.144608172569444138e+00
1.120151663677402043e+00
1.105488658437425942e+00
1.098939904508671850e+00
1.084870143437237422e+00
1.088349670393187418e+00
1.094104523582998478e+00
1.103813532821156462e+00
1.163857737359993871e+00
1.187610598167099241e+00
1.212464762563310927e+00
1.199224671079069271e+00
1.175513743702625957e+00
1.147518104399308125e+00
1.134876712423863898e+00
1.136707153734934916e+00
1.163452042760536376e+00
1.176952880943505253e+00
1.176769862643963105e+00
1.170887212845106440e+00
1.140520590148012881e+00
1.135407493101151744e+00
1.144629306942536173e+00
1.160400020035551316e+00
1.190004791060603084e+00
1.192932460385661475e+00
1.175685633401561958e+00
1.156271263624959245e+00
1.154810409135967220e+00
1.355635187581166079e+00
1.369740177880804710e+00
1.290487662243349876e+00
1.206897994803080465e+00
1.110162193478689163e+00
1.080088600222659290e+00
1.102974864968391699e+00
1.112889569307919269e+00
1.070051717363775579e+00
1.016738364349330626e+00
9.530807765380522323e-01
9.673656683997423622e-01
1.086795707631647456e+00
1.238841071691337392e+00
1.301998283907837228e+00
1.286442870927940962e+00
1.218898980385725528e+00
1.106706065716688281e+00
1.072697056060692544e+00
1.082441754383124177e+00
1.104957371344127637e+00
1.177515829918476253e+00
1.197877234805554636e+00
1.199309966910699687e+00
1.167170120023544921e+00
1.139807468524600464e+00
1.133069328422183331e+00
1.156523808853880064e+00
1.185698762722573463e+00
1.215922770249217688e+00
1.207654645190528564e+00
1.174125454602073626e+00
1.128113185986333367e+00
1.372382644726370282e+00
1.419364837140481228e+00
1.387454989578514875e+00
1.244306492093095073e+00
1.137282722778236721e+00
1.051736054994606651e+00
1.035233059412908219e+00
1.017194457655468121e+00
1.002866612562964832e+00
9.672547343736643821e-01
9.441967647975946232e-01
9.662379525555326865e-01
1.063501128632418302e+00
1.433720767048420219e+00
1.455963715370079070e+00
1.385216958797335085e+00
1.202898755362815209e+00
1.110480493051079431e+00
1.050362825339801409e+00
1.062919353926306654e+00
1.052418367996373005e+00
9.990690627440265148e-01
9.039083114670746211e-01
8.641500373293704573e-01
9.307194619962566584e-01
1.052451025014390584e+00
1.416710861726744319e+00
1.459337563979461017e+00
1.408884659211000256e+00
1.259145423626386595e+00
1.178162678496433191e+00
1.102470422355330104e+00
1.049095792839366936e+00
9.943474274433475868e-01
9.677987580640224907e-01
9.155584608986804263e-01
9.147160133894334244e-01
1.017109994002815876e+00
1.131441903528980442e+00
1.428823341169522143e+00
1.476453472822250257e+00
1.424123063125669608e+00
1.276837222595982091e+00
1.203688438925036852e+00
1.126967413415778330e+00
1.059171462512902284e+00
9.953778243831201689e-01
9.871506097275128955e-01
9.449986089273461065e-01
9.147394138074000924e-01
9.701971289219981642e-01
1.069615924325147516e+00
1.177081281760185005e+00
1.165243731939758609e+00
1.147886454922413701e+00
1.103533907032769878e+00
1.041422095115919433e+00
1.042135467077183852e+00
1.016148890845081976e+00
8.730328974003270792e-01
4.632777322388160202e-01
2.427212480839994191e-01
5.730614350148305336e-01
9.683654161841644958e-01
1.646796912201213159e+00
3.497333662294134449e+00
3.377168544992535715e+00
3.226719142559776543e+00
3.202323156708753782e+00
3.246566244239981192e+00
3.300593393723938007e+00
3.421057411730414000e+00
3.550818308328474782e+00
3.862742390581851648e+00
4.159937178453890994e+00
4.718553058190559923e+00
5.223769210895806481e+00
6.214168770124145702e+00
1.176787210027275776e+01
1.193277674423157819e+01
1.188078524125644719e+01
1.172491324112016464e+01
1.145505870608348609e+01
1.136617118805119908e+01
1.149216595330095636e+01
1.177708212959081102e+01
1.248295248483366571e+01
1.308542869919644147e+01
1.419086760567094352e+01
1.505668047982785041e+01
1.645937933597065950e+01
2.689831646227038320e+01
2.747657453674598926e+01
2.791052646607693433e+01
2.794179023556345243e+01
2.774667734548390996e+01
2.757481427909917926e+01
2.752092531058906744e+01
2.774079235100447249e+01
2.859133468070495354e+01
2.951558002026924399e+01
3.142358499689702711e+01
3.298190456510651103e+01
3.559876505606099073e+01
5.143644329719422359e+01
5.174330703143201760e+01
5.146894015351551133e+01
5.107243973879138110e+01
5.063922413986247761e+01
5.062048511254304373e+01
5.101583068998217385e+01
5.153489522183719629e+01
5.262669073940015352e+01
5.358826598912335015e+01
5.534360140318900534e+01
5.668002841249591484e+01
5.875029393035987368e+01
6.002784905059237275e+01
6.163212106228967002e+01
6.243058792570265325e+01
6.326013318950303699e+01
6.346781828361903166e+01
5.506001668630113954e+01
3.996837218781691803e+01
3.537912296696782022e+01
3.349818222247459687e+01
3.673929701684784277e+01
4.115538415376094861e+01
4.495438353679067944e+01
4.516865748072741837e+01
4.282509641850541016e+01
4.085565882253384729e+01
3.916318051538372913e+01
3.899680201326567186e+01
3.906769689788272615e+01
3.855166751390324009e+01
3.651179203798790951e+01
3.469450454477678392e+01
3.221172223313434557e+01
3.103736267329331255e+01
2.984976646364565767e+01
2.909872391331286678e+01
2.756819253764491862e+01
2.630288532527671208e+01
2.449081838586144144e+01
2.362783869675982373e+01
2.290727922444184017e+01
2.265490422137193605e+01
2.217147505816335951e+01
2.165322260326762560e+01
2.069081789797372650e+01
1.980946616021729412e+01
1.938391295028475625e+01
1.895365330672314030e+01
1.867822523053381545e+01
1.815966334106307301e+01
1.774019407321273079e+01
1.712222678379684382e+01
1.680504134973077157e+01
1.648337698968645881e+01
1.637089855976174135e+01
1.628622038506138736e+01
1.629176679970143482e+01
1.697367076069310343e+01
1.697075553993793307e+01
1.696424335803746075e+01
1.696423258486952790e+01
1.694541879173052479e+01
1.692666299591074264e+01
1.690795384548848901e+01
1.696280045698474837e+01
1.706398328701797951e+01
1.748575257871968347e+01
1.800087212136473269e+01
1.907827596076935706e+01
1.987047191939587876e+01
2.078506214886176195e+01
2.102828523885366252e+01
2.087633577539428487e+01
2.056455149583610975e+01
2.046381602249759624e+01
2.058876649052271190e+01
2.074866005719577444e+01
2.086056581721107506e+01
2.078457886111301178e+01
2.044030922485697843e+01
2.014898583829048206e+01
1.971215809844742139e+01
1.944042739889514593e+01
1.900021274085429468e+01
1.867002693945683589e+01
1.811831784841501047e+01
1.776251987622575612e+01
1.721156343301122149e+01
1.284560891991555209e+01
1.287815067028620497e+01
1.290395391848052675e+01
1.294570637287197279e+01
1.292889302512082850e+01
1.289000193231242264e+01
1.282899076349725753e+01
1.270012797282050876e+01
1.260456755851873645e+01
1.240239617579647380e+01
1.214827674261354140e+01
1.199143757834668378e+01
1.179168063434809888e+01
1.170944547411490433e+01
1.168297384347722634e+01
1.172883326034392937e+01
1.175476915023829783e+01
1.176884565405265270e+01
1.174700859739657233e+01
1.177018338574845480e+01
1.195436540589612129e+01
1.218869535520295067e+01
1.389189634445921229e+01
1.387063242369554672e+01
1.385189083322829973e+01
1.383066012912301268e+01
1.380702313798716574e+01
1.379962230946065560e+01
1.382095167355964982e+01
1.390385621343751410e+01
1.402486328283683648e+01
1.436925504534857723e+01
1.470807692332991223e+01
1.527669861386608119e+01
1.560619827098438073e+01
1.593167043882769285e+01
1.597803743283320799e+01
1.596606915073538602e+01
1.594822212282231888e+01
1.602563956366170217e+01
1.614231925526825506e+01
1.620936559092660190e+01
1.623594295027800882e+01
1.617296518533744987e+01
1.478852113107725685e+01
1.478239353404984158e+01
1.477628214083165048e+01
1.479237880030857433e+01
1.483685184894484976e+01
1.488124214421915248e+01
1.490344245374098797e+01
1.488346270316427855e+01
1.483906778432636386e+01
1.475473585234633411e+01
1.467609680314648202e+01
1.459383192227717707e+01
1.449202024779631337e+01
1.440379016361844755e+01
1.418289462767573461e+01
1.400468881395585363e+01
1.369751244514900534e+01
1.352903681314792905e+01
1.332535198912643715e+01
1.320683759354677100e+01
1.302969712807823655e+01
1.289070786965602800e+01
1.138872374319707603e+01
1.137245631465661155e+01
1.136752805992459514e+01
1.137005864758330276e+01
1.137005250759504449e+01
1.134625469107177764e+01
1.132258379498517264e+01
1.132258664142380589e+01
1.134881101524013580e+01
1.142889084917750786e+01
1.163969357823019379e+01
1.182519238190412203e+01
1.208614205421799781e+01
1.218482699179995876e+01
1.227509201157697305e+01
1.232719100742569118e+01
1.248721263546183913e+01
1.268049001390719788e+01
1.302700233862791990e+01
1.324390254137068368e+01
1.349762808756102572e+01
1.423677526236053481e+01
1.421416448446057679e+01
1.419362580483020331e+01
1.419213279218485724e+01
1.423926753156245795e+01
1.426178882502555645e+01
1.425979627764968605e+01
1.425979576400408355e+01
1.428430280594204582e+01
1.437509128554702365e+01
1.462288681933673118e+01
1.478530344660779150e+01
1.492446549427102553e+01
1.490183285397992385e+01
1.476871432893775093e+01
1.463633601928665406e+01
1.445911250881551346e+01
1.430129714134914742e+01
1.419224098899889164e+01
1.403839729664103331e+01
1.390735894137996453e+01
1.370932650150835386e+01
1.357524574555290542e+01
1.335584819729252537e+01
1.320766569694156800e+01
1.295378554679449046e+01
1.278497217722343571e+01
1.257115014670776176e+01
1.245713455268125536e+01
1.235635653554166424e+01
1.232794429953909976e+01
1.225972011406452289e+01
1.141009904068506309e+01
1.141244347261842407e+01
1.140578684343898530e+01
1.142749947880628447e+01
1.144711761176245624e+01
1.144499155890607156e+01
1.140605919384107736e+01
1.141058197573793898e+01
1.152112767638381996e+01
1.167562260058911328e+01
1.200148868761758969e+01
1.226327287531261945e+01
1.259053468395664410e+01
1.276384603039123888e+01
1.289911516154203319e+01
1.296791478966936140e+01
1.312617326955456853e+01
1.330873094280690694e+01
1.362736168460323505e+01
1.384946908235489893e+01
1.407053587699544117e+01
1.413990123897904816e+01
1.420589169682478570e+01
1.425297215126972894e+01
1.437614677374491023e+01
1.451641726057005499e+01
1.473686767272921649e+01
1.490615631315294287e+01
1.494149030725286664e+01
1.492969847254901516e+01
1.488204053966452456e+01
1.482010843408479950e+01
1.478322402335391139e+01
1.474818524100710881e+01
1.472740079514456824e+01
1.468244590295272545e+01
1.461278881336373203e+01
1.448240877043480168e+01
1.437494146037183995e+01
1.422444787466693761e+01
1.413821570554733675e+01
1.215842698634068242e+01
1.215418425071940334e+01
1.215418683083490237e+01
1.215418942167825378e+01
1.215842908827618984e+01
1.216102298039439411e+01
1.213893998790156026e+01
1.212707275854794098e+01
1.211860025425331777e+01
1.210680504122386481e+01
1.215532323143072624e+01
1.234383962390504408e+01
1.248982472230476226e+01
1.267000356855793797e+01
1.273409813086819575e+01
1.272798720245612358e+01
1.272557417197455365e+01
1.281505599215845059e+01
1.294706802182250804e+01
1.315563393728364794e+01
1.325094614330376253e+01
1.327015068659191499e+01
1.350494471935476604e+01
1.352737855611844608e+01
1.353121052446399553e+01
1.355751505629749332e+01
1.355751149021162405e+01
1.353123047397853007e+01
1.351023570476271196e+01
1.349305661018092906e+01
1.349989823585015891e+01
1.360876521463438493e+01
1.375876525717661281e+01
1.409104787627914490e+01
1.432760423223575152e+01
1.463019117787926326e+01
1.470106428700269952e+01
1.463719021791937180e+01
1.455244739153011047e+01
1.442482329294205101e+01
1.440790469555266640e+01
1.446176066513802283e+01
1.450845158222161224e+01
1.453070031190722844e+01
1.450264525914324309e+01
1.436042889374660447e+01
1.426513553358348751e+01
1.410448893543375704e+01
1.398692085422210596e+01
1.384698837354521217e+01
1.370537324383401412e+01
1.358804700735456272e+01
1.340768611448112679e+01
1.329431160699060044e+01
1.207173286853158700e+01
1.204970879942684725e+01
1.202760081441784479e+01
1.200558806357168784e+01
1.198358665434414050e+01
1.198566553870819718e+01
1.199197718577941529e+01
1.200040886765150994e+01
1.204362153157703474e+01
1.208700110550194751e+01
1.220502761928951507e+01
1.231018215130447224e+01
1.245082380415398227e+01
1.253024179721295717e+01
1.259720035947394301e+01
1.266880975249760333e+01
1.277733355770382850e+01
1.288045282349110465e+01
1.300826944041217637e+01
1.309568623941148324e+01
1.314031169961143952e+01
1.322954668998243655e+01
1.359548322702901579e+01
1.359548847565692498e+01
1.359155587501740925e+01
1.358762550281083215e+01
1.358761210222025362e+01
1.359152007525380945e+01
1.359152007525380945e+01
1.361559639814816691e+01
1.364143564751024584e+01
1.373820743258283805e+01
1.383499648904447810e+01
1.402507541772016175e+01
1.424869051041267554e+01
1.437020898645434386e+01
1.446079644454368207e+01
1.446898902392277897e+01
1.441684233658196845e+01
1.437375147418421584e+01
1.435660436539218487e+01
1.437716492929698830e+01
1.442024996989033703e+01
1.368465385118879141e+01
1.366412022121948411e+01
1.364167530407164541e+01
1.359884337631115869e+01
1.355411732216576048e+01
1.355613907041744248e+01
1.353588565447400782e+01
1.352141805254506401e+01
1.350864684443555142e+01
1.348336005060100895e+01
1.349115072964537454e+01
1.359203537016689189e+01
1.366280609071291785e+01
1.370725229933873557e+01
1.365890103973694458e+01
1.349528206702463962e+01
1.335609382372094700e+01
1.318067256769115936e+01
1.312423099193911824e+01
1.312653960100815098e+01
1.315540085881487897e+01
1.318641628890915918e+01
1.302444131711279951e+01
1.302444131711279951e+01
1.302444131711279951e+01
1.302444131711279951e+01
1.300231678405486946e+01
1.298010601470245895e+01
1.296394611308049960e+01
1.295807042291941436e+01
1.295597499031064892e+01
1.295513149345347159e+01
1.300411465370783937e+01
1.319508205551015045e+01
1.337842050882009026e+01
1.368373754151799560e+01
1.382375995322897033e+01
1.389196421486386512e+01
1.385372213890921245e+01
1.374498347573296364e+01
1.370692351741805837e+01
1.373564833572763355e+01
1.379258447907234419e+01
1.384199222082521707e+01
1.374054668280796676e+01
1.374847163498496094e+01
1.373021174181742410e+01
1.368967435530096921e+01
1.366746711762827005e+01
1.364929739330332659e+01
1.365517576971534197e+01
1.365924056925720720e+01
1.366292207181070140e+01
1.370511170069496387e+01
1.381407103454857754e+01
1.389518833573078993e+01
1.397868249740310809e+01
1.401756659444584230e+01
1.401934684019695254e+01
1.404530229842103850e+01
1.405084234507579311e+01
1.404696402417725309e+01
1.404124051711305654e+01
1.401137170280826894e+01
1.399679706536027446e+01
1.401031962714016643e+01
1.402125814367766310e+01
1.404883993983247770e+01
1.405249203432321004e+01
1.403841113975012078e+01
1.396993800739900315e+01
1.393967489676123073e+01
1.393558301041855430e+01
1.393148880731111916e+01
1.394550582501957869e+01
1.395759501106422817e+01
1.395356473855745705e+01
1.393942150099870680e+01
1.390323974465498402e+01
1.381308760204127317e+01
1.375529522230530688e+01
1.365977064689778153e+01
1.362214182246691685e+01
1.361708481978686969e+01
1.362132524619910257e+01
1.363848363583370826e+01
1.359684745741908607e+01
1.350716278512974355e+01
1.343719193151581948e+01
1.335425130315784337e+01
1.330630293858791191e+01
1.326270845270238397e+01
1.323008663169985688e+01
1.316686470594766512e+01
1.314283108390581667e+01
1.310772608723518573e+01
1.309885837616285720e+01
1.311182957951928429e+01
1.313361378780318311e+01
1.313360173912980322e+01
1.319919109789691625e+01
1.321669037252251044e+01
1.326266932730551673e+01
1.323852934006373694e+01
1.314455956327992858e+01
1.311399270318394805e+01
1.333188711773081891e+01
1.335167975239171945e+01
1.332720992016911232e+01
1.331897541903043702e+01
1.331717589794885903e+01
1.332128678435821989e+01
1.330741444104620186e+01
1.330324587453092100e+01
1.329503380031506232e+01
1.331908823502930339e+01
1.340145051867428450e+01
1.364981779381438720e+01
1.387081269738555633e+01
1.411730671532500203e+01
1.419270912676647534e+01
1.419375963806797536e+01
1.410950496655826036e+01
1.410575599478542230e+01
1.416170899807149830e+01
1.424194367680143003e+01
1.432049720202550347e+01
1.384631540348038747e+01
1.384456319723588180e+01
1.381840572662212985e+01
1.379052019921686245e+01
1.376622231857829881e+01
1.374746770492213166e+01
1.373048055862055250e+01
1.372831166513858747e+01
1.372257494107655873e+01
1.374000949876019462e+01
1.376899722518174407e+01
1.382265613104587842e+01
1.385490634973150037e+01
1.385297121948104682e+01
1.381485282996638375e+01
1.374488810020020679e+01
1.370320040832597641e+01
1.367815716568262197e+01
1.359588808088825296e+01
1.352501592224253990e+01
1.338729482868910026e+01
1.330010993547425002e+01
1.323529798359898280e+01
1.325959301875124829e+01
1.327798091454909546e+01
1.329853290643817587e+01
1.328683182175577215e+01
1.325863380782063317e+01
1.318778009566602094e+01
1.314113543910517024e+01
1.311885388923572293e+01
1.247393984346970441e+01
1.247393375799190274e+01
1.246995732436859683e+01
1.246995126976966262e+01
1.247395672000628863e+01
1.247795341323608476e+01
1.247962271715014815e+01
1.246307334680134460e+01
1.248032703111481112e+01
1.249952553722016368e+01
1.261112514171602506e+01
1.275367469656494634e+01
1.304721080196098093e+01
1.325467368343480956e+01
1.348738120277792518e+01
1.358168261640092389e+01
1.360729102537735180e+01
1.355290896790170052e+01
1.352845701883645546e+01
1.358987476905300795e+01
1.367758474869633289e+01
1.365279154860459521e+01
1.367549447441111887e+01
1.369477024488870320e+01
1.369476914019182168e+01
1.369965173920687640e+01
1.370456887283763692e+01
1.368532559395898218e+01
1.366760120617569463e+01
1.366338170767702742e+01
1.366469305077750285e+01
1.374154967643027447e+01
1.384671835621960412e+01
1.405701243620699969e+01
1.416698554364000984e+01
1.426592311239468458e+01
1.424163820387008172e+01
1.410153605535353982e+01
1.401199485467379269e+01
1.388362540872755524e+01
1.386319260884268090e+01
1.385164540761452479e+01
1.322827039242462810e+01
1.316556369386230507e+01
1.311349040619503725e+01
1.304399657858780159e+01
1.302143150996730014e+01
1.299688786345482328e+01
1.299503018832081480e+01
1.299148005458186006e+01
1.297063516864094446e+01
1.294669731094092668e+01
1.291971382979846794e+01
1.294166984814696164e+01
1.299207623139959189e+01
1.303334094328956816e+01
1.306925439104833586e+01
1.312237596181722488e+01
1.313968447885654278e+01
1.313614913608823009e+01
1.308742902542556408e+01
1.305601670170946704e+01
1.297761215930259482e+01
1.294796408125236375e+01
1.292133352397878987e+01
1.289862718423546362e+01
1.287602898463928014e+01
1.287602011756342790e+01
1.290225116159917640e+01
1.292857726676014885e+01
1.293222530636020196e+01
1.291460418017719824e+01
1.288995786239722285e+01
1.288600885951398745e+01
1.296589320973908066e+01
1.310304461975395185e+01
1.335211196110270926e+01
1.351821757168170457e+01
1.367004947394708481e+01
1.370080571941197789e+01
1.369525405778107618e+01
1.369896882470998278e+01
1.370218524047346875e+01
1.371515975051803160e+01
1.370023886200886309e+01
1.341603390840338328e+01
1.339336084563651852e+01
1.339335279239524823e+01
1.341249688606224311e+01
1.340898055628189844e+01
1.343519457460817712e+01
1.343873031528518602e+01
1.342714387564081946e+01
1.343699736034772663e+01
1.347876872712918228e+01
1.354212485277399303e+01
1.374222598227572512e+01
1.395708916343336270e+01
1.406997360869507752e+01
1.408875770762485757e+01
1.401886050468503697e+01
1.386714434182669820e+01
1.380627844925671077e+01
1.383221394189946629e+01
1.389817029888408939e+01
1.395027927282948177e+01
1.391392192279774953e+01
1.373993062160361944e+01
1.361976039547890771e+01
1.350128133320017731e+01
1.350119551887991953e+01
1.354811366147952789e+01
1.354641332061694570e+01
1.346287558545425433e+01
1.338126144580682642e+01
1.323583342347927960e+01
1.317926942387487621e+01
1.320899770890096292e+01
1.230179645834774149e+01
1.227764382731043469e+01
1.223115365673859856e+01
1.220704353659664854e+01
1.222959559112001138e+01
1.225363101615488404e+01
1.227767518079338949e+01
1.224363347757711473e+01
1.219284672486220522e+01
1.216871964808385265e+01
1.222127373408160800e+01
1.232549256326310250e+01
1.262461041748529667e+01
1.284260511210813505e+01
1.311428336998777766e+01
1.323001925386562050e+01
1.336051799537110973e+01
1.339231972798746284e+01
1.348262503557727499e+01
1.353965655620481812e+01
1.366579637102108968e+01
1.378113047340898767e+01
1.378003473485904706e+01
1.378003473485904706e+01
1.378003473485904706e+01
1.378113047340898767e+01
1.378223651091222202e+01
1.378224314147069585e+01
1.376733378340661140e+01
1.377757740132804365e+01
1.379137853052074547e+01
1.390132696316413430e+01
1.402706496971229200e+01
1.422044051296199996e+01
1.432027976039083583e+01
1.441886225477556316e+01
1.444776173037395495e+01
1.441187995245896047e+01
1.434989559403694770e+01
1.423776231966610695e+01
1.414494917981054378e+01
1.402794200031551597e+01
1.397912543207965008e+01
1.265464807292917016e+01
1.267725713538232313e+01
1.269976208470906620e+01
1.269975064103945250e+01
1.272065400457342932e+01
1.272065969674379815e+01
1.267725599758370514e+01
1.264286010858745435e+01
1.263284809669561426e+01
1.265642947773336324e+01
1.271581274622246838e+01
1.288549655482886536e+01
1.304436026633117685e+01
1.323583226937653556e+01
1.333792875968372549e+01
1.333937441616562047e+01
1.328189974524082295e+01
1.322980210823602043e+01
1.322981604880709838e+01
1.335714959070841168e+01
1.345879790598227643e+01
1.355404380186418223e+01
1.356680653057296304e+01
1.347079327368524382e+01
1.338489418182306068e+01
1.335978016452902750e+01
1.337512170552077606e+01
1.343565211207606502e+01
1.346503308372965080e+01
1.346667329651625522e+01
1.340229781170214096e+01
1.340581204248836222e+01
1.343360964402527813e+01
1.346139829128226140e+01
1.348571396264628675e+01
1.344237036855527911e+01
1.334885199665626843e+01
1.328134295813875809e+01
1.328166135958913152e+01
1.332326170526909692e+01
1.334383635048189554e+01
1.264823203770756166e+01
1.264435882136919531e+01
1.264435304272243243e+01
1.264048372205715687e+01
1.266678945608917850e+01
1.268924365555465172e+01
1.269986912054958772e+01
1.268816921575295531e+01
1.270003342157460757e+01
1.275178470831867550e+01
1.291367258753655101e+01
1.309774524916063676e+01
1.341162735997779798e+01
1.361584796409760933e+01
1.380152560710428311e+01
1.385560616392784183e+01
1.388006666932959376e+01
1.387634530967491386e+01
1.388532402471119909e+01
1.391503789086235088e+01
1.401395871875486066e+01
1.410016191899789817e+01
1.424507373602285831e+01
1.432108102336499122e+01
1.439394406695175199e+01
1.442705788506937736e+01
1.442361678824734739e+01
1.444627748702015424e+01
1.445498326605784811e+01
1.447952646900319884e+01
1.450581554798747774e+01
1.444837521515299272e+01
1.439270343971200461e+01
1.426037179309292746e+01
1.416281603968673863e+01
1.401824373410495284e+01
1.394857988739623345e+01
1.385816086756620003e+01
1.236813399155692572e+01
1.231173440053652079e+01
1.229649661392582694e+01
1.232109130266100117e+01
1.234031457775142648e+01
1.231468047366598562e+01
1.226996375010848794e+01
1.221392788349310443e+01
1.222677141364106745e+01
1.231237797097987752e+01
1.243301294209172170e+01
1.267633030026522611e+01
1.284806849111472538e+01
1.302324717139796029e+01
1.307162134066138037e+01
1.305457061623387283e+01
1.300782916715167481e+01
1.294361185306932960e+01
1.297293322549184502e+01
1.311016827985784694e+01
1.323374760652914617e+01
1.349022531746041764e+01
1.349022621035918057e+01
1.351655238595370889e+01
1.351656063358895921e+01
1.353586970538853684e+01
1.351656623693493486e+01
1.352230345808518486e+01
1.353158770151527790e+01
1.355162121609955328e+01
1.363649405518840929e+01
1.383916946037345497e+01
1.403454136577520117e+01
1.433823067774250681e+01
1.449897738178356654e+01
1.458142726970057090e+01
1.457949086209705136e+01
1.448920375682435591e+01
1.447749699232212883e+01
1.454051620155846614e+01
1.459398089512204422e+01
1.463576273093688052e+01
1.316954953426072450e+01
1.319364052361107298e+01
1.323571322335911127e+01
1.325300581475490169e+01
1.322826889396799643e+01
1.320543861011913656e+01
1.318900311055249119e+01
1.319536144781435105e+01
1.326362615360280195e+01
1.332712306942423197e+01
1.346558485407594219e+01
1.354364212314959381e+01
1.363415994430985378e+01
1.364664846768638817e+01
1.364922404238720866e+01
1.363929592198051921e+01
1.367810371387102464e+01
1.370086920149423904e+01
1.370248600064877031e+01
1.367966086261024650e+01
1.360313566810503438e+01
1.354944963266668623e+01
1.347290836466913078e+01
1.341921604815785152e+01
1.326940265684179998e+01
1.316685393596583431e+01
1.301882832625211073e+01
1.300737285471702442e+01
1.306762483690931909e+01
1.317071019848392943e+01
1.224699693240182974e+01
1.222416702324783522e+01
1.220467615212861112e+01
1.220134121243479619e+01
1.222416702324783522e+01
1.222416702324783522e+01
1.224699625935395630e+01
1.223207785083187815e+01
1.222659216162962537e+01
1.224415920979195960e+01
1.235435160849796254e+01
1.249700139968861379e+01
1.282896443808358811e+01
1.306630233031265220e+01
1.329737804744981666e+01
1.336322802588376391e+01
1.333343011276270573e+01
1.332377609642357541e+01
1.332781510226883626e+01
1.343057086495828045e+01
1.365449573176859843e+01
1.379549485651906160e+01
1.389957552885114644e+01
1.389671984528429682e+01
1.392274269345809046e+01
1.394599999073689567e+01
1.396846198492258040e+01
1.401128689427457452e+01
1.402826033187747790e+01
1.402826033187747790e+01
1.403664137990696759e+01
1.405092908426653686e+01
1.412456393122054976e+01
1.421000381914208077e+01
1.438703277446674456e+01
1.452759265959688229e+01
1.465783595308719178e+01
1.464932509942610039e+01
1.448341324476504610e+01
1.432522967205037645e+01
1.410795081500837611e+01
1.402371971439177756e+01
1.396682829258695868e+01
1.394509038612383556e+01
1.391811995922183698e+01
1.382104846506341822e+01
1.370599645855511106e+01
1.350534786526923625e+01
1.337511789960063346e+01
1.322806531198772717e+01
1.317188760138552972e+01
1.316408955622543253e+01
1.314595472664843179e+01
1.303465508244588023e+01
1.290137978836245303e+01
1.268533819515684868e+01
1.139296857848076350e+01
1.139811814540672330e+01
1.139968472292373569e+01
1.137712090849657720e+01
1.135613749789130722e+01
1.135613749789130722e+01
1.138071129011772342e+01
1.138596108387210215e+01
1.140344087763254066e+01
1.144368764439935049e+01
1.159841638383618090e+01
1.176116846730843513e+01
1.205268183217375366e+01
1.233156328773902111e+01
1.248057008693853120e+01
1.262203804710704524e+01
1.272181194081978362e+01
1.285721934678057998e+01
1.297820758666146546e+01
1.314454723372512746e+01
1.324842747886330052e+01
1.335400771620898652e+01
1.345993366372729128e+01
1.362905403352032252e+01
1.375909645408952109e+01
1.395160570670138789e+01
1.403476901400721033e+01
1.409493411502656102e+01
1.413918383808724677e+01
1.423371210904927153e+01
1.433191375646147137e+01
1.450495642411328845e+01
1.460553354596987496e+01
1.465686423179833398e+01
1.463337669572351984e+01
1.456591603148658365e+01
1.452338421371912780e+01
1.446047070189260708e+01
1.442779387009435510e+01
1.438990144184202613e+01
1.430347960812570562e+01
1.423056038595865935e+01
1.409191200807597610e+01
1.402733061412130944e+01
1.392779679217676225e+01
1.384671268783680809e+01
1.368380411388919882e+01
1.356204927077662603e+01
1.337145485925545252e+01
1.324291685336062407e+01
1.308856910732406575e+01
1.301996255473752129e+01
1.290439318615021946e+01
1.286200694776668563e+01
1.278159401228143288e+01
1.272233755092453045e+01
1.264561884974339101e+01
1.255787882886699158e+01
1.245112350067213924e+01
1.236052628452000768e+01
1.224938203741781706e+01
1.221291251884096241e+01
1.131746426436549413e+01
1.131746426436549413e+01
1.129259418394400605e+01
1.128916523620971546e+01
1.128443293877379539e+01
1.126511174345687571e+01
1.127203966605534013e+01
1.127683875547934811e+01
1.131193294804800331e+01
1.138776860602185792e+01
1.162555052298690050e+01
1.183323796612512346e+01
1.219142490657995026e+01
1.239236616547012915e+01
1.261206816892045524e+01
1.272537396299213874e+01
1.288479757738715392e+01
1.301565202862822090e+01
1.325138185274868796e+01
1.352975223641612779e+01
1.370689466340436979e+01
1.391959786108687247e+01
1.433520790003703382e+01
1.433226737879748036e+01
1.433277281758286925e+01
1.435858407529392089e+01
1.438449279327165620e+01
1.438449279327165620e+01
1.433816855741761032e+01
1.431778887140650447e+01
1.430967634369069152e+01
1.434680936197401202e+01
1.449088703920080334e+01
1.464650518405090018e+01
1.489639185041468039e+01
1.499473912951493126e+01
1.506641312095853635e+01
1.502525937441002490e+01
1.498581903867617449e+01
1.486192162220987356e+01
1.478309310415280997e+01
1.466454787291556272e+01
1.458282467060862508e+01
1.442921529077271714e+01
1.193868380431319842e+01
1.195858268922242473e+01
1.196267568502541501e+01
1.198667868880693277e+01
1.200876297819930727e+01
1.200876896072382749e+01
1.198571995170177473e+01
1.197101289151193626e+01
1.190146061784536791e+01
1.186030082629378235e+01
1.183595587786052050e+01
1.186782763935236140e+01
1.197037584680673206e+01
1.217167366299060127e+01
1.229612937357565450e+01
1.242663872103980616e+01
1.243226163551034702e+01
1.236077118985294199e+01
1.229958257059029414e+01
1.233751244481006282e+01
1.245239317129396461e+01
1.248846733845358692e+01
1.248846733845358692e+01
1.248449357809482940e+01
1.245740531791969907e+01
1.238671957918685429e+01
1.233928439787405118e+01
1.229693918644851180e+01
1.229816381774539558e+01
1.237687112643441623e+01
1.249775770465822511e+01
1.271110940445046289e+01
1.291806706354387124e+01
1.321302350424988781e+01
1.343282013021781474e+01
1.351364496070342192e+01
1.361705324971284803e+01
1.368012583189139697e+01
1.381338592800928033e+01
1.390481090974251188e+01
1.404021184430358105e+01
1.408237142979790413e+01
1.414478021780045758e+01
1.418926973848775042e+01
1.423634132516017026e+01
1.426081806572796751e+01
1.428792847544539235e+01
1.426525159241283269e+01
1.417300025857521284e+01
1.410273610772409114e+01
1.398489202521825803e+01
1.273126078847750442e+01
1.273125566989655866e+01
1.273387537406283343e+01
1.273387537406283343e+01
1.271320999634835935e+01
1.271057281204320155e+01
1.271322237308184810e+01
1.271613772070579884e+01
1.272799748105204465e+01
1.272906244472951087e+01
1.272537913218656236e+01
1.273060717970810529e+01
1.278874693104157778e+01
1.292961698913284962e+01
1.301356152651340992e+01
1.311469786339837817e+01
1.310851364782889128e+01
1.303734055815775861e+01
1.297473825106741607e+01
1.295994672050754914e+01
1.301064569322289444e+01
1.311881391957933118e+01
1.244667300803470944e+01
1.244666783671458532e+01
1.244627457372644308e+01
1.244830957928482640e+01
1.245076452906508813e+01
1.245114777337773582e+01
1.245155617746691057e+01
1.245488562714304237e+01
1.244034440096116434e+01
1.243844493673614338e+01
1.248158958571372246e+01
1.262355378837112063e+01
1.286703129881649765e+01
1.304963459926611868e+01
1.326996504626446161e+01
1.333427342314205433e+01
1.338511536916205813e+01
1.339175478885625203e+01
1.342600756242731386e+01
1.345020994148758220e+01
1.346108604590068047e+01
1.344800265906101266e+01
1.337906272401218288e+01
1.334650569443621038e+01
1.334354924335580428e+01
1.336838482288336394e+01
1.342377715803507776e+01
1.345028556053715896e+01
1.342386920435968811e+01
1.342083706979715352e+01
1.341550805269038449e+01
1.343894632092633223e+01
1.346545306953598953e+01
1.344985762823894326e+01
1.336907245759513962e+01
1.328375357688763536e+01
1.317206671404662188e+01
1.313137749496452678e+01
1.310738187291536860e+01
1.308920888606405519e+01
1.304455826602314872e+01
1.295599826885447925e+01
1.222876100995764226e+01
1.225062248260524989e+01
1.227647317078537981e+01
1.225568642331584179e+01
1.223282688430809628e+01
1.218654936952309953e+01
1.214040850815936068e+01
1.214351026307915937e+01
1.217421499238632165e+01
1.220514730904420020e+01
1.228831499572743979e+01
1.239046279645356563e+01
1.253412729926678360e+01
1.264556981888755516e+01
1.277234656241480160e+01
1.282973894717574481e+01
1.283415508981243924e+01
1.282765519901924023e+01
1.282245280639538265e+01
1.284655359227061489e+01
1.294037431799641702e+01
1.303134895484846822e+01
1.314754184088513256e+01
1.321474400774271096e+01
1.326293216989486723e+01
1.328878240541590827e+01
1.329210791663110847e+01
1.331559462563637730e+01
1.338388345423149239e+01
1.342863732369194807e+01
1.352433306038118133e+01
1.357583161818797812e+01
1.357764080527981321e+01
1.358173884417600874e+01
1.355556034165258694e+01
1.269658725983360625e+01
1.269660423879047606e+01
1.267316011092136030e+01
1.264967643791450236e+01
1.262625375047378284e+01
1.262626217307716558e+01
1.262849655835757190e+01
1.263533775356531663e+01
1.261897363480609791e+01
1.256887216934412876e+01
1.253815681193852960e+01
1.258426378667132894e+01
1.266389408786445436e+01
1.283188752360263152e+01
1.290278886100529476e+01
1.294987453319355630e+01
1.290325395869064806e+01
1.283843566655806967e+01
1.281780907229392241e+01
1.286756422057029603e+01
1.298421202021709320e+01
1.305382021795310621e+01
1.239425699690846550e+01
1.239425265294098288e+01
1.238925738791371423e+01
1.238667523280377480e+01
1.238690298013589164e+01
1.238692859879697572e+01
1.237064833455496071e+01
1.235441442559620029e+01
1.234266172965365804e+01
1.232908781061937376e+01
1.236821547885580408e+01
1.247008507616182982e+01
1.268899620116767046e+01
1.285544003535773250e+01
1.304255662266709415e+01
1.311273952163960743e+01
1.316466763947035545e+01
1.319055149892756518e+01
1.324159054790954571e+01
1.329045460950205459e+01
1.338086362171179999e+01
1.342501250682698632e+01
1.060509361287221886e+01
1.060509361287221886e+01
1.060507348616350676e+01
1.060141995627465406e+01
1.057516468538545773e+01
1.055262064060999982e+01
1.055416892817903296e+01
1.052907509186833224e+01
1.049500623197263316e+01
1.050150279722871716e+01
1.050796760876893110e+01
1.059914513492658550e+01
1.073996594858177644e+01
1.105798133142481987e+01
1.131816540409142213e+01
1.162190886292534309e+01
1.175016663942286677e+01
1.187168360338625206e+01
1.201356792396833484e+01
1.216502579089925362e+01
1.246982054864995249e+01
1.266566485159604660e+01
1.018270389372353435e+01
1.018270389372353435e+01
1.020547851698059638e+01
1.020547851698059638e+01
1.022824297675536265e+01
1.022823710840788181e+01
1.019819581907550265e+01
1.019016403946469218e+01
1.014443689532754966e+01
1.011877055634166922e+01
1.010968865456573873e+01
1.019017424378236925e+01
1.042232332212481971e+01
1.063180679573326515e+01
1.093742286097308636e+01
1.108775597158366999e+01
1.117927845378568463e+01
1.118258098271522805e+01
1.129318555162768156e+01
1.141893463802862563e+01
1.173203368137070157e+01
1.202918281107363541e+01
1.430956627718753182e+01
1.430957596136508947e+01
1.433347266659680130e+01
1.435747715516805556e+01
1.438145754865790416e+01
1.438155298819259897e+01
1.435765851921908620e+01
1.433393129847621594e+01
1.431066667212485477e+01
1.433587328603441868e+01
1.441148629841332074e+01
1.446385670963896430e+01
1.454629560020552503e+01
1.460687606325885746e+01
1.466285366446445337e+01
1.477097194363271271e+01
1.487464742885970459e+01
1.498796656697887819e+01
1.502602225575854966e+01
1.500758146859051223e+01
1.495794454168030718e+01
1.486793604583450090e+01
1.471686039153844128e+01
1.473865440489242751e+01
1.471183333726626330e+01
1.471026324458247103e+01
1.470841936281322404e+01
1.470841936281322404e+01
1.468844561090703138e+01
1.467010961972506777e+01
1.461923044536555061e+01
1.456914926612058458e+01
1.449864799777051694e+01
1.446146944689390779e+01
1.436274998052295082e+01
1.428343588456706037e+01
1.409201016058493394e+01
1.391041009335145340e+01
1.360028579920881775e+01
1.330354089743971180e+01
1.316066306229256710e+01
1.302221281454791679e+01
1.295505291879481291e+01
1.283245005070883593e+01
1.273322980492620538e+01
1.257690811590285307e+01
1.245064250082673496e+01
1.227914660593988394e+01
1.216091550266816768e+01
1.206555875609915596e+01
1.203796771065365512e+01
1.202059785801646541e+01
1.073259749905186489e+01
1.073219111691248173e+01
1.073217937162468694e+01
1.073256766629319436e+01
1.072975510663411569e+01
1.070397771872588777e+01
1.068339224966486967e+01
1.064474907407639570e+01
1.060852320711465069e+01
1.061433176448584348e+01
1.068469487970306453e+01
1.087340774789119102e+01
1.108894116740863289e+01
1.149466469396007184e+01
1.186078016414520775e+01
1.207671432388299770e+01
1.229728707930044074e+01
1.241594367644114527e+01
1.265717641003401717e+01
1.284473235921813483e+01
1.318772778703565862e+01
1.341179877032076995e+01
1.363546820108856927e+01
1.365438618965954021e+01
1.361424541480434591e+01
1.357415026247610434e+01
1.361086552186028342e+01
1.373155955346140722e+01
1.401163198729834924e+01
1.419440461374836993e+01
1.447448439418654509e+01
1.461581323645604158e+01
1.483333762752161000e+01
1.497896587580509120e+01
1.517194738236282170e+01
1.521996800154382612e+01
1.524850767464333856e+01
1.520707457165652166e+01
1.514628629188125863e+01
1.515563275796339582e+01
1.518308539791781264e+01
1.520874530683617465e+01
1.518724435008739704e+01
1.505482927206606547e+01
1.496763108038379642e+01
1.479361267076887110e+01
1.470665620179593525e+01
1.453075292050998080e+01
1.437430402331960622e+01
1.411002075662733191e+01
1.391498080233624179e+01
1.370715774317743829e+01
1.360455044724745122e+01
1.348416179434687834e+01
1.337725657293776926e+01
1.320846968210472738e+01
1.308166846034331421e+01
1.289736150063461650e+01
1.279537186430253115e+01
1.265547156473961188e+01
1.255379125061420886e+01
1.242056680086926690e+01
1.229531514616734178e+01
1.185045319762300231e+01
1.172212002610650394e+01
1.162854842603865002e+01
1.164344584455586507e+01
1.171076248021808475e+01
1.172609195191055065e+01
1.173253188599028007e+01
1.170438001721318599e+01
1.169178935048790891e+01
1.178172034349860553e+01
1.200683904030627858e+01
1.221659283681913877e+01
1.255146994938495375e+01
1.281582077610813819e+01
1.294465369017585132e+01
1.311583294031072988e+01
1.321840399279708222e+01
1.343446102549467724e+01
1.358462703682971906e+01
1.381939792825089164e+01
1.399435497691826491e+01
1.419084989256221441e+01
1.428755166330683757e+01
1.428754518863971867e+01
1.431115395170455784e+01
1.428848544746181304e+01
1.428944851822931561e+01
1.428944851822931561e+01
1.429144229151914480e+01
1.429543650645943131e+01
1.431369192805035873e+01
1.428578455440347916e+01
1.430942029038018148e+01
1.440591475006030286e+01
1.450499175879259006e+01
1.473690739582732157e+01
1.487718658461323429e+01
1.501267340921259752e+01
1.503361889747980662e+01
1.491785452283451008e+01
1.478541662065651785e+01
1.457035103847594293e+01
1.444464239648143788e+01
1.430066141909376931e+01
1.421801140448005718e+01
1.404281766642738383e+01
1.395289106189014916e+01
1.383074448203580964e+01
1.377432733321032110e+01
1.367469966561229455e+01
1.358267717134033781e+01
1.337209290635351522e+01
1.322990848889515192e+01
1.307843227165068178e+01
1.302623834717724449e+01
1.301497134695812541e+01
1.301504690800271291e+01
1.203193578584697754e+01
1.203190850986336002e+01
1.200762706786471234e+01
1.196065568328659978e+01
1.193321328121604630e+01
1.191025486445168546e+01
1.188880629989593452e+01
1.189821375529580294e+01
1.190911181036050515e+01
1.197561791481244597e+01
1.205531236578219811e+01
1.232218477163106840e+01
1.254862666296113893e+01
1.296949405163243085e+01
1.323331544326976150e+01
1.349455633870713811e+01
1.358491275551021005e+01
1.366022423731663693e+01
1.375298969972443430e+01
1.395172900781306247e+01
1.412833452727666028e+01
1.438847497009112786e+01
1.465991301179198736e+01
1.468560413059787173e+01
1.468561781686372392e+01
1.468581178231765350e+01
1.468089511246505197e+01
1.465756483230418006e+01
1.463686112718735366e+01
1.464494472119297441e+01
1.467697980414857994e+01
1.475964190419771072e+01
1.486324105339289936e+01
1.504039842756578338e+01
1.516433272119726361e+01
1.531448558287217665e+01
1.532102795100279735e+01
1.524117940328489595e+01
1.513844768198721447e+01
1.500068294450639428e+01
1.499289310391185914e+01
1.501313947730420573e+01
1.502454302969836775e+01
1.492679602444496467e+01
1.272946157357679731e+01
1.271019525960255514e+01
1.269098236797439583e+01
1.269095606674801502e+01
1.268747773386118105e+01
1.268751583678823458e+01
1.266482916873658660e+01
1.262976886579311042e+01
1.260115892021809181e+01
1.252103905353970248e+01
1.250128733395221836e+01
1.253776765675940652e+01
1.259089663230951039e+01
1.268696395524708365e+01
1.277194430175872775e+01
1.285769307165135444e+01
1.290229182020134679e+01
1.297048822157379355e+01
1.301283630936566027e+01
1.312606003839644586e+01
1.323835319247956122e+01
1.345687907079404155e+01
1.403565186352871130e+01
1.405787517014986143e+01
1.405785846651818360e+01
1.407661158084377107e+01
1.407490239839836299e+01
1.405172961046308266e+01
1.405440310954417527e+01
1.405984668371828405e+01
1.410729138999209020e+01
1.426676580654764237e+01
1.440323637205298546e+01
1.472724863786797123e+01
1.496350845392754003e+01
1.524663699070050704e+01
1.536197951802221340e+01
1.540403167705162701e+01
1.531180398357104266e+01
1.519629087538278256e+01
1.506239431533001571e+01
