2.678830597377146461e-02
3.591019428042027672e-02
2.397957856411010377e-02
2.402251069353833826e-02
5.483496849800798684e-02
5.350934716124890883e-02
3.384380768973149767e-02
3.385141823769067387e-02
3.591019428042027672e-02
5.486314782705020709e-02
9.939971371271850986e-02
9.939971371271850986e-02
7.662000096991972153e-02
3.592453854035745214e-02
3.387423980587649791e-02
3.385141823769067387e-02
5.351416096012277107e-02
2.679795876509121280e-02
1.209139836914626537e-02
7.672757692488731129e-02
1.023217884429655639e-01
8.720350933001090599e-02
4.943900793299015745e-02
7.280277132806503571e-02
1.083760863946419822e-01
1.627590987908383025e-01
1.907120808084443453e-01
2.261755323260967454e-01
2.370988177579053946e-01
2.515025173211508647e-01
2.337035544187802960e-01
1.588276573245509804e-01
2.125134124863337082e-01
3.165420662641636462e-01
3.357199153666825531e-01
2.400538130097279177e-01
2.375315824134391074e-01
3.339291985652728667e-01
3.945945857676459445e-01
3.096640038045641030e-01
1.534721970486608855e-01
3.454724702641071565e-01
5.093084832340930568e-01
3.798294868684669034e-01
2.303390434493870209e-01
4.674655932337634656e-01
4.839073945033284807e-01
2.803193261275233605e-01
3.735264911693336187e-01
4.297387050694420618e-01
2.336353483840649392e-01
1.988001429005668563e-01
2.142429176419330672e-01
1.339593061263553986e-01
1.015592065270741334e-01
1.750978969387146089e-01
1.763109427060465528e-01
1.623124967608837455e-01
1.220676595142591442e-01
1.078429659716132333e-01
1.889541347577485542e-01
2.324757144526036767e-01
1.918889821017457364e-01
2.020790142428874336e-01
2.570337771245285174e-01
1.873495317559766282e-01
9.422045866154758753e-02
1.051848253476997536e-01
1.668372615462283270e-01
1.360261706077455501e-01
8.034257974353241349e-02
7.376163571870314462e-02
5.483027065895860336e-02
8.965146796486825331e-02
1.198186707499394738e-01
9.357096084834065630e-02
2.691302541261320069e-02
8.721532188232695992e-02
1.097168471594308081e-01
8.710885799858814060e-02
1.289202032513108720e-01
1.684387147526559547e-01
2.104303345239523781e-01
2.223885727275266289e-01
2.211162285730534083e-01
1.697824802383181841e-01
1.197171011919683919e-01
2.206711848181011348e-01
3.404458511036557167e-01
3.528701458094306020e-01
2.020829365278959955e-01
7.571776486167802744e-02
3.223837332941941747e-01
4.001654691943524189e-01
3.244007286257663547e-01
1.930574387008928694e-01
1.465747025855440588e-01
1.783538560243954074e-01
1.317346372495996343e-01
2.503370190532948625e-01
2.984182256102426711e-01
2.590404249389574032e-01
2.278198745990957230e-01
2.172118576860586625e-01
1.680255408081387236e-01
1.294801075094019760e-01
2.445570831867222850e-01
3.063124746209048843e-01
2.186007677966360641e-01
2.278470101081447041e-01
3.592521442585401292e-01
4.343937752165489274e-01
3.719817943637329649e-01
2.158467894295537093e-01
1.537164233496665089e-01
1.692204607036141006e-01
2.117392585529564719e-01
2.213209509781532136e-01
1.826418472731629883e-01
2.107519722423787101e-01
4.051299647789737279e-01
4.895666020611096347e-01
4.423234863596149369e-01
3.291649339061769042e-01
2.221166288918909049e-01
2.337546491875098220e-01
2.299127050689678542e-01
2.501500310568607888e-01
3.987280180220406089e-01
4.773389845497504336e-01
4.677650127586761020e-01
3.818083939996994025e-01
2.658077140902417868e-01
2.060098721005441669e-01
1.322868243071433081e-01
1.815544962319886879e-01
3.068915009973912644e-01
3.398902941918715559e-01
2.742566597338877421e-01
1.933335492955337298e-01
8.713257983340901014e-02
1.579158555845646128e-01
2.528740666342007559e-01
3.619874613638093819e-01
3.447431356023439863e-01
2.511350000704306584e-01
1.735164199098373772e-01
1.436490644156184493e-01
2.214200284246962691e-01
3.765190877664161828e-01
4.015308969315882215e-01
2.914401431287306221e-01
1.884480026959002574e-01
1.255515834820015442e-01
1.884823356598011035e-01
4.298185952535613641e-01
5.591525683773582722e-01
5.914564426463615465e-01
4.757393211558139656e-01
2.335281842112658102e-01
1.931071807106048421e-01
3.002591057163665478e-01
4.495604190606380945e-01
5.919645204674686134e-01
6.817987019498350509e-01
6.076952077556926346e-01
3.487828973167018676e-01
1.842310198142018407e-01
1.574490123841295885e-01
2.682462081723058223e-01
4.105286195224718826e-01
4.076999489269042543e-01
3.428956373495826715e-01
2.916637180683305242e-01
3.454986332454710873e-01
4.612481432006707016e-01
5.916131011271048568e-01
5.434595294608054461e-01
3.424343189322783254e-01
2.719992028016503527e-01
2.784401182309054756e-01
3.576106162270748512e-01
5.280643463133127824e-01
6.655347786224506956e-01
5.963696601112303819e-01
3.817668093674311258e-01
3.133422800896631388e-01
3.579838663878618377e-01
3.892163500305111934e-01
4.370426009448074023e-01
4.529872488903225469e-01
4.544366968086825942e-01
4.655013570704383263e-01
4.865877090560887797e-01
4.779819146207970326e-01
4.105444378921211390e-01
3.789236814563641809e-01
3.862148430809227428e-01
4.066550923339314338e-01
4.278655045846375682e-01
4.364775898962242606e-01
3.928655358454219981e-01
3.831880001359668220e-01
4.599663077611559903e-01
5.616226530569051745e-01
6.088042525611907507e-01
6.137653921345436192e-01
5.768019613151579295e-01
4.651014205844248295e-01
3.945932813667183958e-01
3.482567434350733460e-01
4.244923407616528199e-01
6.345970204208020160e-01
7.334949655491712628e-01
7.235952101927567437e-01
6.756406248870610032e-01
5.568113977426034644e-01
4.715369784652061469e-01
3.969020158262759335e-01
3.908724737977846142e-01
4.501333518275223988e-01
5.164413910697882582e-01
6.846047928930237836e-01
7.909597646958979045e-01
7.851655820978145073e-01
5.891612541396286096e-01
4.913935326664108372e-01
4.912754387625703489e-01
4.932497828043401200e-01
5.162399446621184218e-01
8.004532488317807060e-01
1.187326005389922390e+00
1.079402837532910997e+00
5.934858949141854634e-01
4.793608057431300584e-01
5.525387374310156696e-01
4.106473801593066852e-01
7.212499082312651133e-01
1.390497166025283171e+00
2.170428298596519312e+00
2.292344802743035093e+00
6.367199075133901376e-01
6.189052978454875342e-01
6.189202792111379026e-01
6.343555210635910546e-01
6.404511225590930890e-01
6.271289085979074862e-01
5.420249774205639914e-01
5.222221478521739124e-01
8.674818172064067134e-01
1.276243565753139686e+00
1.815265685499221293e+00
1.947800283842701319e+00
6.716270759550913017e-01
6.840832700736451111e-01
6.956273339363562291e-01
6.956351105210332175e-01
6.898750151094907856e-01
6.806602090775197844e-01
6.580167538468243427e-01
6.841832058466029709e-01
9.605147684116067675e-01
1.289806978565725792e+00
1.743872738648398757e+00
1.864276846221139428e+00
7.413024687395061152e-01
6.018154876346980542e-01
7.503386405908257784e-01
8.179329704793241174e-01
8.554998245171124838e-01
9.295093009761009606e-01
9.530330201673549162e-01
9.117845955779695366e-01
9.592369349598451889e-01
1.150777718252911752e+00
1.366949638013816415e+00
1.663394959230107162e+00
7.803358887672716682e-01
7.919176690202597291e-01
7.807247007687675433e-01
7.803807834608188498e-01
7.696017604846427940e-01
7.358400452586496554e-01
7.002508682076705737e-01
6.799543474934092169e-01
9.591847387871325070e-01
1.292569417167402479e+00
1.776249837649718000e+00
1.892251707885788781e+00
1.701185862271824334e+00
1.459501572159173755e+00
1.207389927902601690e+00
1.179840350104120805e+00
1.194277917005974077e+00
1.100957135921674102e+00
8.264851850968902847e-01
7.391315233555242337e-01
9.227311928684702735e-01
1.081018845890241442e+00
1.185469563801272885e+00
1.150900914920080398e+00
8.100986197798232258e-01
8.737437425154725990e-01
8.656758703466748139e-01
1.020480859543489993e+00
1.127975319244397312e+00
1.051049461199581314e+00
8.423618196280389103e-01
7.491819423910780484e-01
8.005772933934673929e-01
1.056137709531403290e+00
1.672595019788732928e+00
1.966209367807703723e+00
1.202422088803501987e+00
8.115267168392908959e-01
9.654563955450948809e-01
1.434371913791192998e+00
1.478833307488798710e+00
1.101075780285212691e+00
8.403788918545811448e-01
7.761209345395471138e-01
7.069353080153091273e-01
9.625965286980813218e-01
1.507054414370778694e+00
2.155943259421139846e+00
1.607495667651235083e+00
1.722967008215003260e+00
1.924875310032560627e+00
1.502154566362739807e+00
9.634552396894140447e-01
1.281234094047355443e+00
1.793527545305948268e+00
1.888653424629545885e+00
1.573277204040091970e+00
1.109035494665549626e+00
9.317506219187934313e-01
1.063030348090886257e+00
1.584333684381850960e+00
1.598295037924358120e+00
1.726852787890075014e+00
1.497376180901970333e+00
8.657319632869415749e-01
1.455725965262463006e+00
1.820744565181302344e+00
1.594983338603818135e+00
1.160829171543749760e+00
7.640954956610724880e-01
7.381209907795552860e-01
1.206841790959363614e+00
1.823589469487214343e+00
1.656822348888262741e+00
1.485535126303481057e+00
1.581151653927926892e+00
1.533885656661137853e+00
1.012519966102155555e+00
1.104718141675257392e+00
1.511015601391233032e+00
1.707456639145154220e+00
1.593894929183717890e+00
1.418640205693110001e+00
1.384234997183592109e+00
1.649432491639754694e+00
1.503321431286209986e+00
1.542475468411490303e+00
1.458454685850217425e+00
1.108061824277875917e+00
9.342728823024734064e-01
1.470318561554345482e+00
1.527649272313883033e+00
1.172744394175243343e+00
1.007731516851393394e+00
1.029157751070038929e+00
1.217908797039781721e+00
1.746156267046196975e+00
1.575700616385484532e+00
1.417765314933175702e+00
1.122718780445217890e+00
9.174165563110971977e-01
1.054496278108951968e+00
1.311850835592845321e+00
1.263725126154717104e+00
9.501682493780426730e-01
8.984101748848017932e-01
9.983810033842890341e-01
1.167324967344263609e+00
1.679249171782460692e+00
1.684610307374350135e+00
1.605353290288187518e+00
1.287963166958212557e+00
1.024211882532559681e+00
1.161977872492107045e+00
1.413274965996215382e+00
1.424387604380806138e+00
1.027311069572337976e+00
8.681850148261084366e-01
9.184128383241438875e-01
1.090558259104624339e+00
1.563057710154795332e+00
1.615339817363134367e+00
1.542339874318239268e+00
1.224558569422103504e+00
1.008170827651351020e+00
1.194238167513707927e+00
1.390413574734299607e+00
1.306972101655809793e+00
9.537157345915969753e-01
8.615452745908713794e-01
8.980023441773077320e-01
1.074814817441672954e+00
1.482007174466554389e+00
1.525370309340685626e+00
1.576316335843885863e+00
1.619973286868252371e+00
1.481174537430050453e+00
1.212256139001510746e+00
1.075348930800252401e+00
1.286389130212062248e+00
1.387396023441871629e+00
1.186608006161949280e+00
1.092270600644035250e+00
1.134245983769684774e+00
1.217499545120244164e+00
1.344960163976613776e+00
1.369958772966119787e+00
1.288921326168934289e+00
1.229589249730107747e+00
1.149412048138420905e+00
1.082236659581484961e+00
1.025227523733835744e+00
1.035261152825244446e+00
1.048707706735356737e+00
1.059232454476450647e+00
1.096974009562086128e+00
1.127972158083590415e+00
1.183126223453202286e+00
1.221136713997539536e+00
1.222798672411617105e+00
1.213116271465095375e+00
1.190397445878427218e+00
1.176385187112903186e+00
1.176234279084057421e+00
1.180099819105632220e+00
1.438403241274961442e+00
1.479360757382688796e+00
1.521977906430461047e+00
1.427951063363268824e+00
1.081111152445764834e+00
9.461243476004322916e-01
1.172565575647632974e+00
1.288860926808016449e+00
1.249559281103640007e+00
1.195281759284567036e+00
1.150896918529804802e+00
1.121309675450165466e+00
1.341820029496919586e+00
1.292275692486192229e+00
1.310505602689439053e+00
1.299180786415705224e+00
1.173632607117909066e+00
1.109336506483280749e+00
1.166142663166795712e+00
1.193598057651154232e+00
1.116078391531772240e+00
1.066144500672405515e+00
1.082549217405006647e+00
1.193857858725902998e+00
1.383112035998797174e+00
1.333627840476576232e+00
1.214877729245231297e+00
1.119500353322878672e+00
1.049583338099087548e+00
1.118581015934487777e+00
1.206050708358651802e+00
1.185357434254045605e+00
1.074361754445049222e+00
1.062898367731764049e+00
1.128468409823141672e+00
1.187920967917941217e+00
1.249009003901819126e+00
1.205274534064959768e+00
1.188066462356045072e+00
1.239838371822771013e+00
1.253510263134299141e+00
1.189265571597075910e+00
1.168589563585529900e+00
1.131873906325156387e+00
1.093561027054154922e+00
1.110819883800834740e+00
1.155060102225139662e+00
1.174763490215089190e+00
1.151876931405937388e+00
1.058541229409533324e+00
1.037458053136229852e+00
1.126450902520043096e+00
1.228578140394390950e+00
1.310462766938115031e+00
1.288180407285345996e+00
1.174707778662794189e+00
1.103680632301500042e+00
1.056830142582686927e+00
1.060637907566925886e+00
1.149863227678289634e+00
1.210735818240610273e+00
1.166447265466209249e+00
1.125840538332442797e+00
1.109044397870188048e+00
1.122408875189691457e+00
1.161047144108827700e+00
1.189673425939842266e+00
1.227433149998776063e+00
1.215488841615409266e+00
1.159943728215474312e+00
1.142498281553493200e+00
1.127891243768924801e+00
1.139952578868773214e+00
1.199019655280455288e+00
1.195233265978588255e+00
1.181374057176139081e+00
1.140940781604987242e+00
1.134909085289141917e+00
1.142444619316197896e+00
1.158989445096766602e+00
1.185131145360568627e+00
1.183980081558115849e+00
1.158377524372659506e+00
1.139695261418756544e+00
1.125804385831754795e+00
1.140735386180321997e+00
1.206208817815069834e+00
1.229418551110229574e+00
1.213069774847375326e+00
1.189069667771876837e+00
1.155768560493940722e+00
1.124394536748194229e+00
1.129848433678450448e+00
1.142463324523678159e+00
1.143813153311491693e+00
1.131269605903394426e+00
1.116287356204280101e+00
1.096588676186319056e+00
1.103581070167239497e+00
1.191320995019169215e+00
1.229422195637464243e+00
1.282865268309114182e+00
1.289663031763414125e+00
1.244006799040812128e+00
1.187491177567413736e+00
1.098435103721477013e+00
1.066186598581419842e+00
1.056074591884079483e+00
1.063467461203329911e+00
1.093585629659058256e+00
1.101433746460181107e+00
1.133654476534320388e+00
1.153937409914156387e+00
1.172246646330268760e+00
1.188998290854779150e+00
1.189975304789131494e+00
1.173430707965999575e+00
1.145809897240387176e+00
1.116585586352997206e+00
1.139614232136735739e+00
1.179704211343716169e+00
1.218377851199651696e+00
1.219903868183534579e+00
1.162550840402116314e+00
1.115304169704880000e+00
1.082625723264195816e+00
1.095250890277794653e+00
1.156134485059416406e+00
1.189443139330341515e+00
1.190156116731519109e+00
1.163161225448326341e+00
1.141475526725830303e+00
1.314125557988378379e+00
1.375087867999297053e+00
1.352915568939241142e+00
1.258717171776157162e+00
1.145695095163530075e+00
1.103028834626284871e+00
1.065722173930240047e+00
1.054787824676723718e+00
1.026149952898295803e+00
9.980706284473326306e-01
9.919217119800182170e-01
1.023768969254850170e+00
1.133501102505111602e+00
1.209511963396989520e+00
1.285390744193591450e+00
1.280877920381364277e+00
1.209365161274324807e+00
1.165888738938681168e+00
1.124544272208267692e+00
1.110636479334012439e+00
1.104845461627027348e+00
1.106704547717290765e+00
1.110527016232657260e+00
1.113161245563974555e+00
1.143705045744688009e+00
1.179016311129329919e+00
1.201479049842469449e+00
1.196381869333238424e+00
1.179783460310962928e+00
1.163124914669233734e+00
1.158485905256899429e+00
1.158454304001684143e+00
1.166121913469550631e+00
1.176703396981818806e+00
1.360056001542803150e+00
1.435048530567479164e+00
1.414820039253672279e+00
1.287590773397642829e+00
1.168778147950227275e+00
1.036938970682434347e+00
9.988101581687628405e-01
9.779601294819636470e-01
9.465566862395453640e-01
9.265044219772733403e-01
9.448391565458950092e-01
1.004002619751412029e+00
1.132375468350924841e+00
1.323259556820707061e+00
1.391970284001026403e+00
1.474323171503282515e+00
1.449743948819717909e+00
1.265279779882420907e+00
1.152320950121501486e+00
1.079090894075197982e+00
9.943509074887647570e-01
9.146377620266999964e-01
9.195690350703404903e-01
9.988451504245752233e-01
1.099604335674400080e+00
1.174558529327320189e+00
1.393533231147453311e+00
1.446892705639698740e+00
1.427139625288054159e+00
1.336246447724156239e+00
1.142753920610978691e+00
1.072569561305402042e+00
1.028501720939771769e+00
1.005792871547309009e+00
9.731681106704525019e-01
9.103695077075015796e-01
8.921651382128082952e-01
9.622306177913758640e-01
1.051748075290527051e+00
1.380323519937828092e+00
1.439545592024693788e+00
1.410073206558359660e+00
1.308636397484066238e+00
1.144658839051205135e+00
1.081408714166458118e+00
1.029303254061439521e+00
1.041995081320221894e+00
1.045420678322147356e+00
9.867014361328380057e-01
8.871785616150558162e-01
9.468824243104451144e-01
9.531321635552975069e-01
1.997075881068508529e+00
2.050360398604452516e+00
2.120635193175914868e+00
2.144846401446791173e+00
2.139077135645718108e+00
2.116066545375643315e+00
2.096131647936095632e+00
2.172926284309709466e+00
2.469541762364396487e+00
2.683128056940907502e+00
2.727135872034593067e+00
2.251557027180291826e+00
1.868336388200853460e+00
2.242716961122379615e+00
2.403889601615667004e+00
2.456340139521731469e+00
2.377889036660089772e+00
2.186406043846003566e+00
2.060222094164087636e+00
1.971059852308105098e+00
1.952717381843724453e+00
1.932127447532139275e+00
1.885875059617420746e+00
1.728852365376249312e+00
1.607006059285496224e+00
1.526832639785447920e+00
1.758898954530555114e+00
1.890417865494539384e+00
1.882591363538269169e+00
1.730422269591746165e+00
1.605448130944721719e+00
1.511929930791446886e+00
1.534222229984085306e+00
1.627361658048096738e+00
1.690807245021599181e+00
1.706075784632159920e+00
1.635048406673787147e+00
1.464135227070129552e+00
1.411568488896620899e+00
1.450476397593597477e+00
1.512722016496365285e+00
1.560535756514024763e+00
1.545888825451630977e+00
1.607084183029293012e+00
1.862088461190727351e+00
7.740649863992197233e+00
7.980544701246603978e+00
7.875159002538904218e+00
7.426690515947463211e+00
7.056411843624689872e+00
6.672470275493364689e+00
6.638173097813012902e+00
6.895857133244618353e+00
7.239104063065266104e+00
7.931505441975337689e+00
8.439103609725565391e+00
9.243496181667874012e+00
9.761782191883442650e+00
2.050897460189106880e+01
2.102462905678466498e+01
2.113082367850694965e+01
2.096235595465160984e+01
2.069402564756351737e+01
2.033870510490437766e+01
2.082467927068978852e+01
2.156721985630241534e+01
2.324992634039625372e+01
2.472591779480585217e+01
2.733800677306705751e+01
2.921734396051328986e+01
3.188878979884455944e+01
3.329523788802681139e+01
3.452473349443933159e+01
3.474496724335855902e+01
3.380843496988135399e+01
3.359211478148323238e+01
3.318340810691933740e+01
3.227654263892346620e+01
3.165146717981604141e+01
3.098658327647120458e+01
3.079660422807440057e+01
3.085872350026787814e+01
3.097643231763845151e+01
3.091877533966319902e+01
3.059459177186049317e+01
2.962715002907755135e+01
2.872382404251679588e+01
2.724075095593829232e+01
2.626510988083114739e+01
2.501276330497334044e+01
2.427995643519961178e+01
2.326467678545352413e+01
2.258492345250054356e+01
2.151525333036357779e+01
2.080253259904488061e+01
1.979629926456419753e+01
1.916173944983085420e+01
1.830879704479029613e+01
1.777966218510141161e+01
1.704121259507720509e+01
1.634376263011862207e+01
1.591862570537918664e+01
1.539930057027139654e+01
1.510009539587048266e+01
1.469703856708000167e+01
1.447954540052159444e+01
1.420135267592830353e+01
1.408049867093580687e+01
1.393930580160991894e+01
1.386378232700290170e+01
1.375673120705801900e+01
1.369774191490006388e+01
1.365368024449426620e+01
1.366595198889755380e+01
1.365873720992083484e+01
1.365886931292956596e+01
1.368379801023754361e+01
1.371639301420683310e+01
1.385270156160014210e+01
1.392121904573392577e+01
1.401449140206839594e+01
1.402890614909875922e+01
1.403033601586066936e+01
1.403564701235144341e+01
1.402922560163956511e+01
1.399091901019293438e+01
1.389361760813546987e+01
1.382039599283081266e+01
1.380928738826055557e+01
1.390052601471163740e+01
1.398510750782081047e+01
1.410432215336061468e+01
1.406453687767954719e+01
1.375573020053980855e+01
1.338672818729524394e+01
1.269643411287137802e+01
1.140550120957717972e+01
1.142169088489003670e+01
1.143856149354670215e+01
1.147833417793508204e+01
1.149652302253658043e+01
1.153937253074804659e+01
1.156228949556621899e+01
1.161290835809039912e+01
1.169290718696616871e+01
1.194358832573997908e+01
1.218318602247977012e+01
1.257624078157677339e+01
1.279553267822947760e+01
1.295332291657210000e+01
1.296207857323143564e+01
1.291671962395314743e+01
1.293285816249420250e+01
1.309918617466278690e+01
1.329224333795541213e+01
1.356528541345410233e+01
1.366891017362054939e+01
1.399499340260876146e+01
1.399499340260876146e+01
1.401890173866208222e+01
1.404243802650603712e+01
1.404243973296035186e+01
1.401888297066818723e+01
1.399774369290183884e+01
1.397938426240211029e+01
1.398735100898423234e+01
1.405752556390729424e+01
1.415020738436854408e+01
1.425523024531998573e+01
1.432312759514332612e+01
1.429330347096711762e+01
1.420819590809912114e+01
1.399394946239956994e+01
1.385353043639938520e+01
1.369912381655378830e+01
1.365323962728655616e+01
1.360941512727344005e+01
1.357717120391185261e+01
1.342625875424009863e+01
1.330024855243234327e+01
1.312075020247126567e+01
1.303844198394179088e+01
1.294530878085531356e+01
1.289592718656276560e+01
1.279798513391303239e+01
1.272841388866508616e+01
1.265039102268816151e+01
1.259503612193304534e+01
1.258342208606476120e+01
1.254518512488438553e+01
1.248470006294393997e+01
1.237906073464973922e+01
1.234158969413411633e+01
1.234353820918865985e+01
1.238339104243816102e+01
1.245930753972318250e+01
1.248545096077604910e+01
1.243663942001212774e+01
1.237000639132912916e+01
1.229552320748117822e+01
1.227843667895151469e+01
1.275309991153391920e+01
1.273675348351035730e+01
1.267443037008294837e+01
1.261578739990727804e+01
1.245534696821117215e+01
1.233927514705991868e+01
1.230427111933818729e+01
1.232938975335120446e+01
1.239466799914022310e+01
1.261845975021957322e+01
1.280269322713525781e+01
1.307196337165275324e+01
1.320903882566124565e+01
1.328545356775740593e+01
1.330141623523043570e+01
1.334869745359489812e+01
1.342526683821388644e+01
1.357132844394386417e+01
1.368306967957504838e+01
1.379614802269551888e+01
1.381925488053246731e+01
1.380475350511972898e+01
1.379155024221338088e+01
1.381378910799817383e+01
1.382620022791119219e+01
1.387693753482308701e+01
1.387438207058988482e+01
1.384725049270475061e+01
1.378853221068008494e+01
1.373862281950351871e+01
1.373318532572538153e+01
1.371642108998193521e+01
1.369368763849305282e+01
1.365970000078618263e+01
1.357836289325224222e+01
1.351227757584518230e+01
1.142684805932459646e+01
1.144951425043395865e+01
1.145104627629245719e+01
1.142996727123010281e+01
1.140740711693026732e+01
1.140581983602193006e+01
1.140581983602193006e+01
1.140582859909272351e+01
1.140904029370902073e+01
1.141229469936405927e+01
1.146579538801021414e+01
1.153853921654681436e+01
1.170181698790436720e+01
1.191052573213508481e+01
1.202902151899966476e+01
1.215293389519942480e+01
1.222822258885619284e+01
1.237533577023255127e+01
1.253976943623058560e+01
1.278184243212459847e+01
1.293305427064021984e+01
1.309000809949445987e+01
1.314442099705219036e+01
1.320965659857601793e+01
1.326960188144561137e+01
1.346973016008524127e+01
1.363469620875696720e+01
1.382398577697773057e+01
1.392135043467166611e+01
1.401134512201093152e+01
1.327596407042556592e+01
1.327909581192158761e+01
1.328223640227501967e+01
1.326244597779081147e+01
1.323950934884033259e+01
1.323634916224864178e+01
1.326036345089984181e+01
1.326145476255462796e+01
1.325571894533420725e+01
1.325157970569340549e+01
1.335806646822705623e+01
1.348003173327045445e+01
1.369822272385717454e+01
1.380194307504864248e+01
1.385532516659033853e+01
1.381452384115047849e+01
1.373238938938145814e+01
1.374594329165446283e+01
1.389889274206035630e+01
1.403329040365563074e+01
1.404445924455933969e+01
1.388895405070456235e+01
1.373541958268118002e+01
1.356700598665825375e+01
1.353346743843090749e+01
1.359420589205178587e+01
1.366257813300024004e+01
1.365849132022346168e+01
1.358999793473969753e+01
1.339610889030951668e+01
1.327667915315104530e+01
1.309669798823614251e+01
1.301408909112548251e+01
1.291582623736393565e+01
1.286040534983887618e+01
1.276364096328900288e+01
1.268043330441276240e+01
1.146491207844921334e+01
1.146894790992601365e+01
1.148526680264668087e+01
1.148120226988726778e+01
1.145097875084602634e+01
1.144886956856833038e+01
1.141611323792499100e+01
1.142396238978542833e+01
1.146809668767275348e+01
1.155262788460279033e+01
1.172176195899842099e+01
1.187906027580163304e+01
1.213246577162474438e+01
1.225123067290651413e+01
1.237256899031516255e+01
1.244362074964149478e+01
1.255006326449687570e+01
1.265467818948384604e+01
1.291096877077588800e+01
1.310986773159602237e+01
1.341025484963292591e+01
1.351968118576734135e+01
1.354263796084497784e+01
1.353942351569589242e+01
1.353622280287251733e+01
1.348594816486426851e+01
1.345985804701542499e+01
1.344139144090340743e+01
1.345151758933163855e+01
1.353620540533409944e+01
1.364176135761915454e+01
1.390264659049495677e+01
1.411905679085849030e+01
1.439220832092738256e+01
1.450753647557138670e+01
1.450751279978478259e+01
1.442157527268100026e+01
1.428336273577740023e+01
1.421560442673985847e+01
1.421075047835229022e+01
1.427034708233343174e+01
1.430369647834622882e+01
1.425277658703356209e+01
1.416872493651581166e+01
1.396915818148693234e+01
1.387221645133028503e+01
1.377166132310869529e+01
1.372891412597195426e+01
1.361439028313702693e+01
1.347615660281527283e+01
1.323411130253010626e+01
1.308318974358750530e+01
1.296818309356996046e+01
1.293756635684019329e+01
1.286682365185180466e+01
1.280469176342952942e+01
1.265058790477149309e+01
1.257650809532499103e+01
1.251609276021709327e+01
1.246392587702541732e+01
1.238990937598528319e+01
1.230375399161682815e+01
1.151271719430069318e+01
1.153105899850147331e+01
1.152158058766013404e+01
1.149373792209683387e+01
1.147299738797316593e+01
1.145452817299447368e+01
1.146409497656844501e+01
1.149773211824028785e+01
1.157007456237956688e+01
1.167760800941374200e+01
1.191290712022783183e+01
1.210397815288478185e+01
1.239299109880122707e+01
1.251973879519007227e+01
1.264325298089165983e+01
1.268050861560585041e+01
1.280735199106358024e+01
1.293431047626497232e+01
1.323845038947975361e+01
1.346645705016149641e+01
1.370713768761054219e+01
1.418306585122317642e+01
1.415503823439216013e+01
1.414702247659741197e+01
1.416395035560131710e+01
1.417781082920890512e+01
1.417604270962385904e+01
1.417555689128465879e+01
1.417984212480164175e+01
1.419407620735101183e+01
1.421706111310090925e+01
1.425919344552325718e+01
1.440737876872356260e+01
1.451302518455188206e+01
1.458790889970741844e+01
1.455873588230856797e+01
1.436155451258415461e+01
1.414790891010377294e+01
1.384300231880109244e+01
1.367856688344689253e+01
1.354176153872459665e+01
1.347010596867137799e+01
1.127162678752234903e+01
1.124736523191037740e+01
1.122125590208094081e+01
1.120337664186505577e+01
1.120823692121496684e+01
1.119378133711618517e+01
1.120369439143745893e+01
1.121530722783540490e+01
1.125979780790035356e+01
1.135844989661402771e+01
1.159707034042946638e+01
1.182897516343071942e+01
1.218691971642685523e+01
1.239830448942809227e+01
1.264090984538101914e+01
1.270196194944639423e+01
1.269208997829725760e+01
1.266176305401548952e+01
1.267987475196020597e+01
1.274519256100169962e+01
1.291228026535448414e+01
1.342062484480655371e+01
1.339465238416611648e+01
1.337233468680166304e+01
1.337517749411461310e+01
1.339933024197151212e+01
1.340217660045607495e+01
1.342908611117653095e+01
1.341362839396086848e+01
1.344317129537340350e+01
1.355624326844871064e+01
1.370328635920052562e+01
1.401772271496159838e+01
1.426492024976187345e+01
1.457254025937451303e+01
1.467194114762718193e+01
1.468248430713365948e+01
1.459981312917380691e+01
1.447314941126020038e+01
1.440619838983034207e+01
1.437850892081273813e+01
1.435397614840295510e+01
1.428694706716908769e+01
1.425388584335576958e+01
1.414762916030093187e+01
1.410115413113005012e+01
1.406016718968594148e+01
1.402330491664771728e+01
1.391347605834154244e+01
1.379664350188124011e+01
1.352875455309538921e+01
1.332960860229615285e+01
1.304122141043229277e+01
1.287693327980723978e+01
1.270163261516766440e+01
1.257126885294680285e+01
1.251699594890531841e+01
1.238796078506811504e+01
1.226428348301271676e+01
1.134926488294337688e+01
1.129646614655311510e+01
1.124763775851587511e+01
1.121469567824522073e+01
1.120799984845686481e+01
1.121000966517501141e+01
1.121515410229043752e+01
1.123392234949976043e+01
1.125502279522497950e+01
1.132693897102394587e+01
1.143139460746270686e+01
1.165303730229898704e+01
1.185149483825713546e+01
1.199373592647098619e+01
1.211699355075203499e+01
1.219495107348099161e+01
1.231218628356127631e+01
1.245082107152191675e+01
1.269667618448309732e+01
1.285967788830896552e+01
1.305270924517570741e+01
1.286556500806012338e+01
1.286808235203247364e+01
1.286808613520565814e+01
1.284482039418864652e+01
1.282153856637200029e+01
1.282153856637200029e+01
1.284481882989718393e+01
1.284657638277539782e+01
1.287766171756453559e+01
1.297166802628040116e+01
1.310935160509318997e+01
1.343030010355616710e+01
1.368953017339374334e+01
1.409124558160018026e+01
1.426462831837051048e+01
1.434155837409532985e+01
1.429671677427222853e+01
1.420155644128708872e+01
1.413589078732884374e+01
1.414007817915596021e+01
1.421629770791180647e+01
1.423828157387988647e+01
1.295359394154279009e+01
1.295180520167210148e+01
1.294435899708053306e+01
1.294151975867404580e+01
1.293702847223004149e+01
1.291391816434793505e+01
1.287551897665635714e+01
1.283856489747016916e+01
1.280087996032780495e+01
1.278650950133135922e+01
1.279995660683566250e+01
1.285948151614052293e+01
1.298846619158934956e+01
1.304727531103795002e+01
1.307829231129102965e+01
1.303790070703181136e+01
1.291399295253267354e+01
1.286180497882378049e+01
1.283634568318543856e+01
1.284366601250879114e+01
1.289770150417792038e+01
1.289925808191818568e+01
1.194136584722017069e+01
1.193975364802625627e+01
1.189125724225812597e+01
1.189125724225812597e+01
1.186707143999126401e+01
1.186707143999126401e+01
1.187026316600269382e+01
1.188417801892180314e+01
1.192245638503853833e+01
1.202907952475401743e+01
1.217222911684897468e+01
1.243368107795205546e+01
1.264544207844273949e+01
1.292462760775474884e+01
1.303956365003812223e+01
1.313520714485864360e+01
1.314622670262694548e+01
1.315270031781200366e+01
1.316750269394631623e+01
1.328677023277488090e+01
1.339857403034054606e+01
1.356590401538567647e+01
1.364262492442076180e+01
1.367647596449521430e+01
1.362814444331208286e+01
1.357721874950678753e+01
1.358769321848405731e+01
1.365669396043576711e+01
1.378629259084381253e+01
1.393334776978415412e+01
1.397867816789364426e+01
1.395568381251778689e+01
1.389539063306728295e+01
1.381285193118461763e+01
1.376102980003979148e+01
1.371962915614877154e+01
1.363799252030398357e+01
1.353230160529542836e+01
1.337835109087152397e+01
1.328106628388474597e+01
1.321734065511867939e+01
1.320311611418335929e+01
1.318243774879453056e+01
1.313002714376799851e+01
1.301124285711711259e+01
1.292650421875496747e+01
1.283504349038454073e+01
1.282325937188139697e+01
1.285873077081864402e+01
1.287814420217977940e+01
1.285727632997903136e+01
1.277709069110111528e+01
1.263248964707455535e+01
1.252529355959859636e+01
1.244415191908228380e+01
1.241491386166444322e+01
1.240221195124858511e+01
1.239282881225302901e+01
1.239873393258931422e+01
1.241107092268595480e+01
1.245110578629539333e+01
1.253000364660102939e+01
1.256317630158966026e+01
1.198897324565995781e+01
1.198633963788414292e+01
1.196695774505893084e+01
1.192177858002071389e+01
1.189851039468474525e+01
1.187531925877919470e+01
1.185334906876313354e+01
1.186239751759212346e+01
1.187963663548276472e+01
1.196869153409552844e+01
1.209700827686372548e+01
1.239483343280671868e+01
1.259833794695105702e+01
1.286454388687675987e+01
1.298099319275035057e+01
1.298680468833189217e+01
1.296973609035015151e+01
1.295272866634717879e+01
1.302426179543734008e+01
1.324897785690356677e+01
1.342558011569884613e+01
1.362180329574100490e+01
1.368281095829939531e+01
1.366920463290688303e+01
1.356079411801981394e+01
1.348102499622929251e+01
1.341988109162493359e+01
1.341064145532916640e+01
1.345652425000261232e+01
1.348330618298871642e+01
1.349262289843966300e+01
1.342216633180123431e+01
1.332015218798980349e+01
1.325894981368497838e+01
1.324007919568420277e+01
1.323227593433665383e+01
1.320633057982251302e+01
1.316697312920260998e+01
1.237152394215960172e+01
1.234904477910291654e+01
1.227781287452352288e+01
1.225240634110122961e+01
1.222851756076175000e+01
1.225244698651716746e+01
1.226173795073435713e+01
1.224736822749941823e+01
1.227324127778268981e+01
1.229858693642397149e+01
1.238585817575437886e+01
1.247858503653166551e+01
1.262589928946310636e+01
1.268576125318533165e+01
1.274461955538833102e+01
1.274419583046562110e+01
1.276823720588555666e+01
1.280866131528542518e+01
1.292127497099233224e+01
1.298865134793019749e+01
1.304443173166812464e+01
1.305719885513864575e+01
1.266605309380499023e+01
1.264275870706575411e+01
1.261699439443187032e+01
1.261946285579421811e+01
1.264276147800492467e+01
1.266852325440317273e+01
1.266949788155097778e+01
1.265921412019959291e+01
1.265249227064476045e+01
1.267844097987579488e+01
1.276807591980718470e+01
1.295269079551554725e+01
1.312688501010008224e+01
1.342722955874157975e+01
1.361006767638872539e+01
1.378873530046110574e+01
1.386394366377075471e+01
1.386591534518612079e+01
1.381642907565107059e+01
1.381363270350034078e+01
1.383834151892574837e+01
1.392094972371271488e+01
1.279700919059311559e+01
1.279786267941208422e+01
1.277366053420430703e+01
1.275019580410782005e+01
1.275019580410782005e+01
1.275019017300215296e+01
1.273001762481788823e+01
1.273646134313727707e+01
1.273887310657239524e+01
1.276674724725394583e+01
1.281441131721268611e+01
1.287871294732158134e+01
1.295522251567172134e+01
1.303945468119667872e+01
1.306088918234899587e+01
1.302917081328205562e+01
1.300884240514892909e+01
1.298269987191624253e+01
1.298006701611890890e+01
1.304689359790900660e+01
1.307157872869799853e+01
1.308280380670882792e+01
1.198082075606309616e+01
1.198082075606309616e+01
1.195767393763988906e+01
1.195762364750797779e+01
1.195761647907441194e+01
1.193447657626182767e+01
1.191520045879991230e+01
1.192841799008104609e+01
1.192709980896308508e+01
1.200166067709188411e+01
1.216415965542535993e+01
1.232912803563731430e+01
1.262670620930589216e+01
1.282178611715700001e+01
1.306052429337478671e+01
1.318023418038082539e+01
1.323282397263928623e+01
1.322736959054539163e+01
1.323021985009225077e+01
1.329609986984845094e+01
1.342824745813629761e+01
1.351186016528534850e+01
1.359320020475480462e+01
1.360834892460444756e+01
1.359831769994067585e+01
1.361186214099166136e+01
1.362005053592086234e+01
1.363321945912352895e+01
1.362633156958671421e+01
1.364678636940604584e+01
1.365084177145010358e+01
1.365901545012065732e+01
1.367689959747157680e+01
1.364472126799570972e+01
1.360697460805692849e+01
1.357953333910962002e+01
1.351225809671355549e+01
1.344797537215862882e+01
1.342212155961508380e+01
1.341563480069836878e+01
1.343549646311969958e+01
1.345427414397710919e+01
1.345715686676056499e+01
1.335485905811705010e+01
1.327858634387554204e+01
1.313458127754387128e+01
1.306114583838305521e+01
1.296914228972259409e+01
1.296769060443681987e+01
1.294621296989463310e+01
1.294619079707239528e+01
1.293365116826845629e+01
1.289666189385850537e+01
1.281711262599974077e+01
1.274989314236574245e+01
1.266890720155124583e+01
1.263219149533160035e+01
1.254859422498731547e+01
1.249397548684264869e+01
1.241651990109881609e+01
1.233717467608471452e+01
1.227159351920764330e+01
1.221341586792888201e+01
1.220287394968369554e+01
1.223330672039759470e+01
1.223947037763848478e+01
1.229178248713419741e+01
1.231203377131771859e+01
1.239384151929219158e+01
1.243684636124628717e+01
1.251295602216982061e+01
1.198648978307020485e+01
1.196316274526291146e+01
1.196071586066847559e+01
1.198648978307020485e+01
1.198646886588182880e+01
1.198892903478279592e+01
1.194885658062404588e+01
1.193556751862433352e+01
1.194488290958585708e+01
1.200111822063904476e+01
1.221978084862842451e+01
1.241476062780063927e+01
1.271141651858414967e+01
1.286462922736559022e+01
1.299128706809302436e+01
1.299231825393729522e+01
1.299902702103976893e+01
1.302099690377226260e+01
1.311903239718098391e+01
1.325992529913718698e+01
1.335187443335898294e+01
1.342203139938429679e+01
1.347239425491080844e+01
1.353267992272693299e+01
1.360984983852033103e+01
1.373466343811977097e+01
1.378230887300691165e+01
1.380193347626918587e+01
1.377859377114283035e+01
1.368924183431171571e+01
1.365029876429750466e+01
1.364891245501325656e+01
1.366201369160523882e+01
1.366732271566863943e+01
1.365803433701632486e+01
1.361899653382219633e+01
1.359059383702996904e+01
1.352227445763677594e+01
1.345806343819975481e+01
1.335423547752315088e+01
1.323997569389181272e+01
1.304398447940241113e+01
1.293643680044822020e+01
1.278667569924340519e+01
1.271731369891556440e+01
1.271200640516261693e+01
1.274172627043235551e+01
1.102479695117000169e+01
1.102481970790998211e+01
1.102756510877720153e+01
1.103032280357743389e+01
1.105081973660449002e+01
1.107124747479232063e+01
1.110262056350277859e+01
1.111377057536656920e+01
1.115252319586837615e+01
1.119249972676201388e+01
1.135749418092912677e+01
1.149234576241020456e+01
1.175420557364980034e+01
1.191070737811713620e+01
1.212820216624883685e+01
1.225928560203335138e+01
1.240563412139034583e+01
1.250376648419256043e+01
1.266855043574157413e+01
1.281976496237247787e+01
1.306245279479628074e+01
1.321987239081715337e+01
1.344770976037488808e+01
1.358789738139466508e+01
1.370280747600366844e+01
1.379353912407745497e+01
1.383974053494247691e+01
1.393604017448427257e+01
1.400901872737414600e+01
1.413892244486748950e+01
1.424326590297892281e+01
1.430659100860876798e+01
1.431795010535958745e+01
1.427956564491008606e+01
1.423124208575304550e+01
1.418116533514151811e+01
1.418285769096503124e+01
1.290216513600240589e+01
1.289029155709664387e+01
1.288207479275523148e+01
1.288205556982656930e+01
1.286462260356283416e+01
1.284468095865988246e+01
1.278333649456498655e+01
1.276878872327917414e+01
1.277312003846838451e+01
1.282700750182043237e+01
1.297937876491207909e+01
1.311021339978482736e+01
1.323216845835903044e+01
1.325191454556291681e+01
1.317523280510473782e+01
1.307155857649704522e+01
1.298517608490809927e+01
1.295376144392289319e+01
1.295028102915031809e+01
1.297171981364442317e+01
1.299237451785239372e+01
1.182631999665043310e+01
1.179968571309774816e+01
1.177724069973836762e+01
1.175631642918707342e+01
1.175880490485635654e+01
1.178470177766718230e+01
1.179158292709877465e+01
1.182630681128102701e+01
1.188339172036982028e+01
1.196958035847541524e+01
1.222753753889442230e+01
1.247834747597537586e+01
1.283440212677386860e+01
1.303693181156739911e+01
1.319984722474979932e+01
1.323499867623148418e+01
1.325142419978886466e+01
1.327869307320816006e+01
1.338194065225533791e+01
1.347558680843568979e+01
1.361127323888414686e+01
1.295317139408237850e+01
1.297421452825850352e+01
1.297421363433155683e+01
1.294846167288804395e+01
1.292731182485557007e+01
1.292782750326112939e+01
1.295421460534788771e+01
1.296004405615056676e+01
1.299294231163633562e+01
1.309173542138559654e+01
1.321284537650099367e+01
1.351987429494129778e+01
1.389237511017823046e+01
1.412239319180745589e+01
1.439537053937281463e+01
1.449195961595725812e+01
1.451650703797425912e+01
1.449332982509788259e+01
1.444851182009523605e+01
1.440630072683042329e+01
1.434121980091772919e+01
1.251019110990307581e+01
1.253247623308279124e+01
1.255692270571887192e+01
1.258025956905465215e+01
1.258260865201163803e+01
1.256280542512817888e+01
1.253951329069363396e+01
1.253042019745899438e+01
1.252812209971596147e+01
1.257514062429451407e+01
1.266183014802069096e+01
1.280813088950932155e+01
1.289447274680140865e+01
1.296181039475506758e+01
1.291766218659987508e+01
1.282503295667913257e+01
1.275540193521548282e+01
1.272094377973794366e+01
1.274382055883717868e+01
1.272991862654590278e+01
1.273481289001884065e+01
1.271289720283540348e+01
1.273629875392481559e+01
1.280689546816699043e+01
1.293529810420941395e+01
1.298868493809033176e+01
1.303049605963650492e+01
1.301631003128172459e+01
1.299283312693971304e+01
1.300247036985672011e+01
1.306505481413546299e+01
1.310859217277823063e+01
1.312939044245051612e+01
1.310281148598032708e+01
1.306363620006698767e+01
1.305400710731678160e+01
1.306058916572616546e+01
1.309892882019018145e+01
1.314638714814689457e+01
1.315176397311851275e+01
1.312432556179166276e+01
1.309852870767708843e+01
1.310428649110101951e+01
1.314870496012371248e+01
1.318847435972400639e+01
1.322277277194243084e+01
1.322277277194243084e+01
1.320233225599808868e+01
1.320884163459368921e+01
1.323755568610796196e+01
1.326450749955567332e+01
1.335214755190009761e+01
1.339192710899950356e+01
1.341945506322834092e+01
1.341542850170164236e+01
1.338433759636827780e+01
1.336391443438892424e+01
1.335964704031516170e+01
1.335703337047822181e+01
1.333618046729553619e+01
1.331370159540293763e+01
1.326029468695245228e+01
1.325246140316653509e+01
1.321124755365982750e+01
1.320799441523885420e+01
1.318743254301758405e+01
1.311970393634102727e+01
1.299621832983523717e+01
1.287899635426809830e+01
1.283938516076380942e+01
1.281991828797714739e+01
1.284112496050266827e+01
1.286632550996981728e+01
1.286888481276959162e+01
1.286750537940886296e+01
1.286888481276959162e+01
1.288141192178313332e+01
1.289686247480614156e+01
1.291955043893497646e+01
1.292095555994649381e+01
1.290375337144785206e+01
1.288570448586124506e+01
1.286805908324015846e+01
1.288990115079320198e+01
1.294708677757586024e+01
1.297704542238802361e+01
1.305199632020795342e+01
1.306977710951611726e+01
1.301305099065597481e+01
1.295363417699890007e+01
1.171121853760393350e+01
1.171122519673886408e+01
1.173447501706378127e+01
1.178096911659198121e+01
1.178141802307053609e+01
1.178460718303728783e+01
1.176460006939352176e+01
1.175124712734679377e+01
1.181169689097840880e+01
1.197587827078857892e+01
1.217598254809294822e+01
1.255463426466605625e+01
1.277874980939697735e+01
1.304964998799108145e+01
1.311716040313470444e+01
1.306164428789999832e+01
1.300146758887556508e+01
1.289245374255971655e+01
1.288534896651515815e+01
1.292479381300357844e+01
1.296702202107723600e+01
1.281487271035598674e+01
1.281487271035598674e+01
1.279308956897756921e+01
1.277132438007569881e+01
1.277132438007569881e+01
1.282073458748581452e+01
1.284706032880226445e+01
1.288223426096526936e+01
1.292090781845196190e+01
1.300658678903141841e+01
1.313522532845362534e+01
1.344015966297650522e+01
1.366939660328388229e+01
1.399543029094908775e+01
1.414722309711371651e+01
1.420580209416325879e+01
1.416428229590682619e+01
1.408039322669298876e+01
1.406189000808199374e+01
1.407583361044823356e+01
1.411348310896144298e+01
1.416036023759368234e+01
1.413859544478981967e+01
1.403291250509734489e+01
1.397292898982507481e+01
1.391321430173714369e+01
1.388601938343141029e+01
1.386677287472246256e+01
1.381187403395242974e+01
1.364600273942219388e+01
1.347610559840405031e+01
1.337119235145619811e+01
1.330176193957965758e+01
1.328938381326549489e+01
1.324333028094351938e+01
1.316327491071947620e+01
1.300280181217977038e+01
1.289258006166267556e+01
1.191968449587310985e+01
1.189743507525709454e+01
1.191206724302585407e+01
1.194934896191465334e+01
1.192463609359081467e+01
1.190523587817478912e+01
1.186642826540774287e+01
1.183340374160536257e+01
1.186901890182702601e+01
1.197288538527293333e+01
1.206893720342613996e+01
1.224748356672581551e+01
1.235043395606904326e+01
1.247404878763236979e+01
1.251303485554905670e+01
1.255764109640542081e+01
1.258085099662541140e+01
1.263791950435486022e+01
1.268762618145333398e+01
1.273978498222627209e+01
1.275933346932762369e+01
1.200953270031990527e+01
1.201172259774839191e+01
1.201171691818329812e+01
1.201203263433174762e+01
1.198837043172469485e+01
1.196451508033029221e+01
1.196423970406264559e+01
1.199074376415692278e+01
1.206408684572700629e+01
1.221506906473529952e+01
1.251102199545732674e+01
1.275677258234416200e+01
1.312456700653716801e+01
1.329651788588419414e+01
1.344801757203021353e+01
1.349733033603913235e+01
1.351988413938915556e+01
1.356698167269104260e+01
1.368344923831965154e+01
1.375623892284400007e+01
1.387769405200849882e+01
1.330058674494211957e+01
1.330058049655252717e+01
1.330121460083652174e+01
1.332481817211174580e+01
1.334844358848584811e+01
1.334672259972597175e+01
1.332377963887987704e+01
1.330572264966097151e+01
1.329792773178349208e+01
1.337491940765484344e+01
1.346769610632886938e+01
1.362108604012218116e+01
1.370881842783547988e+01
1.374925716137883036e+01
1.375399179454048770e+01
1.368992428647367987e+01
1.363041323571439101e+01
1.353565986998247972e+01
1.348378985257399520e+01
1.337195867175336161e+01
1.329559862617779942e+01
1.180808146763259181e+01
1.180808146763259181e+01
1.180810483941839983e+01
1.180810483941839983e+01
1.180810483941839983e+01
1.180810483941839983e+01
1.179131609774358580e+01
1.180171918761978489e+01
1.180937544938170802e+01
1.191070068591168329e+01
1.204756888809735216e+01
1.235554895479069337e+01
1.257893767520430650e+01
1.286022479346827119e+01
1.299181121279093531e+01
1.304747414189341548e+01
1.301207280609442485e+01
1.298636542594962506e+01
1.298913426436549834e+01
1.303857046908398587e+01
1.312616646952374388e+01
1.321182611349888347e+01
1.322947347500443982e+01
1.322800907965843642e+01
1.322020657253486675e+01
1.328818499330112424e+01
1.333139357448479068e+01
1.345763532900013182e+01
1.351861407577894703e+01
1.357774467771898586e+01
1.357198905982278703e+01
1.356868809579238189e+01
1.356709817661108985e+01
1.358999640852524493e+01
1.359297751166422330e+01
1.359405098371858678e+01
1.349747328367739208e+01
1.340007339619263860e+01
1.324818441675878056e+01
1.317174300134015041e+01
1.314387077072730747e+01
1.316876573186151056e+01
1.319555316560393088e+01
1.317753452115070090e+01
1.304344359239208906e+01
1.292979800136214763e+01
1.279686163132631371e+01
1.273120681581279712e+01
1.271973531484950648e+01
1.274993434550441940e+01
1.278318870206040536e+01
1.279190382181639940e+01
1.276784219569626444e+01
1.272285321260967272e+01
1.269990130982345988e+01
1.272583727048458258e+01
1.276967830798480286e+01
1.281737247502814014e+01
1.283530289692179949e+01
1.283664630557800201e+01
1.280366030200074512e+01
1.277641054032298662e+01
1.159486942813717114e+01
1.159262877849325513e+01
1.159312982313447726e+01
1.159262877849325513e+01
1.156871096611675220e+01
1.154755180244813850e+01
1.152976667122358556e+01
1.154134597667503392e+01
1.164903857965823697e+01
1.177653146169096132e+01
1.211791632382915829e+01
1.237878251603966007e+01
1.278672379889048649e+01
1.303291983827269007e+01
1.334386078541753129e+01
1.347663343526034474e+01
1.359556602748396870e+01
1.364918704776192016e+01
1.372743804649221744e+01
1.384400696789636598e+01
1.393156884762627890e+01
1.407933894756315851e+01
1.413427911825194805e+01
1.420412287761968173e+01
1.426078160326765421e+01
1.431938694809168844e+01
1.438836928554941963e+01
1.448457653657330013e+01
1.453255384636925562e+01
1.453067782083323145e+01
1.450650675069862672e+01
1.446157969695516421e+01
1.444228941338231742e+01
1.443045217658205992e+01
1.441877682002597005e+01
1.432543004148904053e+01
1.422825964178097280e+01
1.402513617049235251e+01
1.392225447047153430e+01
1.381836151299430959e+01
1.382203592152740868e+01
1.385490625274078269e+01
1.386511698468698839e+01
1.287987416698891252e+01
1.273805433627447670e+01
1.246777957655731583e+01
1.231360915473298689e+01
1.217989827423894234e+01
1.215674589197557509e+01
1.221334394974530824e+01
1.222531872424160149e+01
1.224155659143231745e+01
1.224674372116260912e+01
1.227390733800609190e+01
1.234503879735225063e+01
1.248737750538564306e+01
1.256177833694851564e+01
1.268632808755922170e+01
1.273968133208806996e+01
1.286121368326664793e+01
1.295268251758908917e+01
1.313943459132879354e+01
1.325718862363003048e+01
1.336800758017986190e+01
1.290223412686520099e+01
1.290469103180874555e+01
1.290471470077095795e+01
1.290469103180874555e+01
1.290468872922223298e+01
1.290468654189767861e+01
1.290784855743834036e+01
1.291649270746827050e+01
1.299317151430232009e+01
1.309783758439334100e+01
1.334412637782886435e+01
1.356744119785777336e+01
1.395952360883183729e+01
1.420500604900716901e+01
1.444504109629163402e+01
1.451335192148780528e+01
1.451046896409209808e+01
1.448066249804834627e+01
1.445340782071083119e+01
1.447288762703269427e+01
1.456738653639069980e+01
1.363082007835238763e+01
1.360860073182774421e+01
1.360946396703483607e+01
1.363499390357929464e+01
1.365639696137168713e+01
1.367998707161010330e+01
1.368297311020516815e+01
1.367590301110324091e+01
1.368685510005334827e+01
1.376891624800547653e+01
1.396606183129564371e+01
1.414175348956234401e+01
1.438406947095490018e+01
1.451366565418186738e+01
1.454530470680115961e+01
1.452523848738554690e+01
1.446482841005248154e+01
1.441764465136682460e+01
1.441253214729566956e+01
1.440840037236719517e+01
1.438532603332549265e+01
1.432852981550104587e+01
1.426952651059288968e+01
1.424883392736906629e+01
1.427653502881017999e+01
1.428383125328003800e+01
1.421363883236166181e+01
1.409630794478375293e+01
1.394957843845289780e+01
1.385064856788432230e+01
1.376696017588609955e+01
1.373503147388197476e+01
1.365887707860685296e+01
1.359345411758726740e+01
1.347194156292806966e+01
1.340141938020450851e+01
1.336084354324924206e+01
1.323036591958128660e+01
1.311992315108228624e+01
1.226532830452442546e+01
1.229357106185346638e+01
1.228971508266371337e+01
1.223741182076381762e+01
1.217120435379215060e+01
1.207829324007829364e+01
1.206080531423839197e+01
1.208772666729774414e+01
1.214818421239392698e+01
1.222607989188071720e+01
1.234607288238239775e+01
1.245110035656760772e+01
1.265774138138495175e+01
1.280590203044861575e+01
1.300474059730193233e+01
1.312718433845712518e+01
1.327927224683483765e+01
1.337286102489650474e+01
1.347040647000223323e+01
1.353965583402816719e+01
1.362283546566987624e+01
1.370602666204462139e+01
1.386048548984273410e+01
1.394957775992925875e+01
1.409913695019177382e+01
1.420407873819492117e+01
