5.795498802875031358e-02
7.755414165741512933e-02
9.429411555403104106e-02
1.085919252963124804e-01
1.208039259711824603e-01
1.357992076213723753e-01
1.477330615045066020e-01
1.577970249458266472e-01
1.614518540763244803e-01
1.607066237007439280e-01
1.613340417141702898e-01
1.618767816047646524e-01
1.673569447292687917e-01
1.761594691853855532e-01
1.773409803792973805e-01
1.792718547469812629e-01
1.758210283952814368e-01
1.640506595669638801e-01
1.430950983548545385e-01
1.214533172073359590e-01
1.078780940012483425e-01
1.037044294300968894e-01
1.208523590935578762e-01
1.501823771090654014e-01
1.957117399774237487e-01
2.276346405530447758e-01
2.124557450463312180e-01
1.728230514841547494e-01
1.210107927200746170e-01
9.854046192979605545e-02
9.187929805358951985e-02
1.035392505947092950e-01
1.390610609368898853e-01
1.541209788200986752e-01
1.432781686918101205e-01
1.068722468298350797e-01
8.656039983228301649e-02
6.909232230889954252e-02
1.032367681356015643e-01
1.865785563310106143e-01
2.368268205803150117e-01
2.076888057426477252e-01
1.714500080495681977e-01
1.313322582748810141e-01
8.483160268459685738e-02
5.561651144774110156e-02
1.233614940569977836e-01
1.530081694294315731e-01
1.508855561682048430e-01
1.566456156121788790e-01
1.358632466182995990e-01
1.170298464587773424e-01
9.984274739784529396e-02
8.011817910534262122e-02
5.344337784593437141e-02
4.158209215609918324e-02
3.715537169728673483e-02
4.366224932508316892e-02
7.910161538405402482e-02
1.095180521585322753e-01
1.224121207957343666e-01
1.237309886472418713e-01
1.156876574871191915e-01
1.168999963982507023e-01
1.198886026610744976e-01
1.106633992759003954e-01
9.671569622071497785e-02
7.908010121144889992e-02
7.881395728169662829e-02
1.013115674004238104e-01
1.278471355374215523e-01
1.506927989698957082e-01
1.636036389883660513e-01
1.526926862553557307e-01
1.340320602900820501e-01
1.091668779189623878e-01
9.794635037124353738e-02
9.941778915117453763e-02
1.073528249355207714e-01
1.227799590883058151e-01
1.384711604483305492e-01
1.449769416635725838e-01
1.412857002804907280e-01
1.439328127455156980e-01
1.603269010561251540e-01
1.853875594368548929e-01
2.026742926738379080e-01
2.009061312934851407e-01
1.821774118427484102e-01
1.648646488356842188e-01
1.537887365486416136e-01
1.568875353273439521e-01
1.674081394492672459e-01
1.775521874324947069e-01
1.729689613082409927e-01
1.611308566212555360e-01
1.504630401585885513e-01
1.575850925692693916e-01
1.960040652663849470e-01
2.281055476092965772e-01
2.328561967345981476e-01
2.118256556926171597e-01
1.909571492076172772e-01
1.801068985725269300e-01
1.716826914549031136e-01
1.560567903931318612e-01
1.410796472097733123e-01
1.295016125492536030e-01
1.403238417131376092e-01
1.812703201042991374e-01
2.254453340175577858e-01
2.432503285802937731e-01
2.337456087480300204e-01
1.905284168263834121e-01
1.546210439589741081e-01
1.490207587845646386e-01
1.665477356923694696e-01
2.012412423660188132e-01
2.137676746715480858e-01
2.068754197482535750e-01
1.809636300958590294e-01
1.637426459777504006e-01
1.692659262682935928e-01
1.848413605292346107e-01
2.004734045521911756e-01
2.080033456261146940e-01
2.116385932719586360e-01
2.237849445949794958e-01
2.368086179928693968e-01
2.497643873084041122e-01
2.528899980175503548e-01
2.545993427530585662e-01
2.504830824245833365e-01
2.481899866167096291e-01
2.485564539988710520e-01
2.531649654299996111e-01
2.572779974821900462e-01
2.571857953998398783e-01
2.595047823994881542e-01
2.722928020694665996e-01
2.841829177106016679e-01
2.908504180121783689e-01
2.910521536251484132e-01
2.773863763423101148e-01
2.607991688008064468e-01
2.445313809799137261e-01
2.375400600860328448e-01
2.484044099290908247e-01
2.674544969452852250e-01
2.988902574806455714e-01
3.279642999036146978e-01
3.381412738588630007e-01
3.248138581961990679e-01
3.128366840183259279e-01
2.991282722845610698e-01
2.923229249000182106e-01
3.151061273351664083e-01
3.700513776655079412e-01
4.194333731072056870e-01
4.272210767881781668e-01
3.718580547070939879e-01
3.231695735058859320e-01
3.008251782407558306e-01
3.032192539036160928e-01
3.279201984775503287e-01
3.590304525028538696e-01
3.720966642434372917e-01
3.733604956277967180e-01
3.726968083479317295e-01
3.804805959815606986e-01
3.937593535211068585e-01
3.904152378119640776e-01
3.777798957715009509e-01
3.646045701901334812e-01
3.666847138388332206e-01
3.892982444344276760e-01
4.154339857895164023e-01
4.324766798361271425e-01
4.353581736450148343e-01
4.177378224899373493e-01
4.020730787046037369e-01
3.885227224182878913e-01
3.812555111813048514e-01
3.856439886696169106e-01
3.985787408095002871e-01
4.174593668501787036e-01
4.313691145253874537e-01
4.353474197075280494e-01
4.349596002044448517e-01
4.408873040052979086e-01
4.593991982841747479e-01
4.793844681895373938e-01
4.874264380848154499e-01
4.831839186031390287e-01
4.640107077977654870e-01
4.527083571112635041e-01
4.609243856579814391e-01
4.837586493000166077e-01
5.012674716501795968e-01
5.012475425457065814e-01
4.773010242635208344e-01
4.610504440353812017e-01
4.673974100082845529e-01
4.918174437151146550e-01
5.373289499115788681e-01
5.696547452037794557e-01
5.801480765181938892e-01
5.589225188156226043e-01
5.343802186868948922e-01
5.194082660300318732e-01
5.207944325061051316e-01
5.401028597474374360e-01
5.587103571263200008e-01
5.775869793466781310e-01
5.949080337884036229e-01
6.051239813704708537e-01
6.101705011709698256e-01
6.020239007223966432e-01
5.925722250658057577e-01
5.847466969485676236e-01
5.878125177449098349e-01
5.919363181027584853e-01
5.871699304233231054e-01
5.838251052099250327e-01
6.015298999283161807e-01
6.351326805839468959e-01
6.712521221455988174e-01
6.886866849150562464e-01
6.756369769330716757e-01
6.546269225154202065e-01
6.374343488367331112e-01
6.381945741913355175e-01
6.676946665371381595e-01
6.900890060430031614e-01
6.897859158661693302e-01
6.739390245243704891e-01
6.613770355998536132e-01
6.700920584110067191e-01
7.013286593950157632e-01
7.231069080564851426e-01
7.168347021419302356e-01
6.804024384883993193e-01
6.509141324441265475e-01
6.503257414135318326e-01
6.795133586266498549e-01
7.383447452302819292e-01
7.875523304664967528e-01
7.967376631241491758e-01
7.785881124099829353e-01
7.381654567593162186e-01
7.144648352145961390e-01
7.200774221570274136e-01
7.375699176111306654e-01
7.612099579370268376e-01
7.742006988564333891e-01
7.710995080330425022e-01
7.651689379873375385e-01
7.622829107491850831e-01
7.743371493765232039e-01
7.889319722146770353e-01
8.058720337335015804e-01
8.171697447956636218e-01
8.202149995149077277e-01
8.215846962848565305e-01
8.243271551898008198e-01
8.283546912231558590e-01
8.301981615012526960e-01
8.296741597472949703e-01
8.198878581711098734e-01
8.081242791387100999e-01
7.979659507998194679e-01
7.929550487333881792e-01
8.004395169680279531e-01
8.140706191274870163e-01
8.259566414428666237e-01
8.372866093982633817e-01
8.484210436742891659e-01
8.610396029311426780e-01
8.694750094722044631e-01
8.688813563680888308e-01
8.662718708073868790e-01
8.698300880575757787e-01
8.838759749493025897e-01
9.136154599742991600e-01
9.430723433343541906e-01
9.574068901298811163e-01
9.556906991287296149e-01
9.257830760198092479e-01
8.920806329066112150e-01
8.720182808262565421e-01
8.785186785599552461e-01
9.215536354650554207e-01
9.665513071356636177e-01
9.915815329437968062e-01
9.793258177741920312e-01
9.543297328389857004e-01
9.265200891783297310e-01
9.165970438576267476e-01
9.337199468657665369e-01
9.593368935611358284e-01
9.834220746957736958e-01
9.850955966068521974e-01
9.588416902787237905e-01
9.347498828188051112e-01
9.401848768850147309e-01
9.669684169566707954e-01
1.008240887190581248e+00
1.032223121863122151e+00
1.025008567044763730e+00
9.987568033398172007e-01
9.817444739518985664e-01
9.880674513888968447e-01
1.004473380130230353e+00
1.022454947939790637e+00
1.031241447042635873e+00
1.026331834388342523e+00
1.024314175217491574e+00
1.030432758157585837e+00
1.040097925213049335e+00
1.048491309700132934e+00
1.049536576066143700e+00
1.042752456538367678e+00
1.035665154092716644e+00
1.043077960989834185e+00
1.056460680310374878e+00
1.075979802860936418e+00
1.087147222322947471e+00
1.090524334267649387e+00
1.082113000032574934e+00
1.075071936677918227e+00
1.078351560840179024e+00
1.085531057725890314e+00
1.094106463293528231e+00
1.094335062854485008e+00
1.083413661573764841e+00
1.075116623531857662e+00
1.082348135022770608e+00
1.103160143542432303e+00
1.129148339769943776e+00
1.145933499869538741e+00
1.137079476622950613e+00
1.122926208009614291e+00
1.108448538950832507e+00
1.108288944679668653e+00
1.115853049211863457e+00
1.125711421032451032e+00
1.129209061680103598e+00
1.126083788143870779e+00
1.124203880309472936e+00
1.129411392759882560e+00
1.136877060811651630e+00
1.144164783203285962e+00
1.148376357575656037e+00
1.149434698955886347e+00
1.150827308937844240e+00
1.151365624710461999e+00
1.153662989427630459e+00
1.152409519903767832e+00
1.153039934852379877e+00
1.152261188177475582e+00
1.150933858446161251e+00
1.150305670783360767e+00
1.153110406441336666e+00
1.157697720276324116e+00
1.165064882791377876e+00
1.172412450755740743e+00
1.179352414850935116e+00
1.185700649486432834e+00
1.192729366724474493e+00
1.199679068053675079e+00
1.204376111744631661e+00
1.206166866246020763e+00
1.207066719110480912e+00
1.210387937309913342e+00
1.214063940157795507e+00
1.217703980816416731e+00
1.218521820490617413e+00
1.215237152240699281e+00
1.209439768414983796e+00
1.206614940792681390e+00
1.210500126733153436e+00
1.222231178246452110e+00
1.230798530033792693e+00
1.232407583994169054e+00
1.229359237111866676e+00
1.221507213437031947e+00
1.219681117244771906e+00
1.226378870543217259e+00
1.236208025060853366e+00
1.243620102075724043e+00
1.247960326707628909e+00
1.247400638168948639e+00
1.249324536983454914e+00
1.254105889096468696e+00
1.257912359994143969e+00
1.254742976377141384e+00
1.248575882286606875e+00
1.245441823785918611e+00
1.252256811355191513e+00
1.262020716739330917e+00
1.267422588476569967e+00
1.266748821276718839e+00
1.263742727497749074e+00
1.261637104942545662e+00
1.263360687077321520e+00
1.265419785362891236e+00
1.263009224878097969e+00
1.260480376844730133e+00
1.257158958926824388e+00
1.257769472380229514e+00
1.265346641759302670e+00
1.278958820955383269e+00
1.291048102064165981e+00
1.295923354077513912e+00
1.294118329096504594e+00
1.288443093927241767e+00
1.287262094214148389e+00
1.291872668045645378e+00
1.295594580073843760e+00
1.295084757083077687e+00
1.287012635964360552e+00
1.270346006725885823e+00
1.256854300105514799e+00
1.254492353051598341e+00
1.262827284964352481e+00
1.281166616011247150e+00
1.301054286229334389e+00
1.319849006812704229e+00
1.334345592512561796e+00
1.334123244600931679e+00
1.325922602042160170e+00
1.311136589121429274e+00
1.299535219306765743e+00
1.298168030835518572e+00
1.310903039358589650e+00
1.328217877838712146e+00
1.345913597339276846e+00
1.353076204326070897e+00
1.342718820745845143e+00
1.323678634529738440e+00
1.305451163828053041e+00
1.295552546858812049e+00
1.304196775583032153e+00
1.315359283129428514e+00
1.327754938769482473e+00
1.335395015440421940e+00
1.340008425584539253e+00
1.343759613988127599e+00
1.346861537727777058e+00
1.351893613996970389e+00
1.352543686373488097e+00
1.347156856887087750e+00
1.337952629579078678e+00
1.328904784790640337e+00
1.324995574808743193e+00
1.332370874022570151e+00
1.340578029702301111e+00
1.353027646573179643e+00
1.360168682148670483e+00
1.365411395047285703e+00
1.368446535160172894e+00
1.365598728041913290e+00
1.362424776132646675e+00
1.357097542454047456e+00
1.354147337721205879e+00
1.353684913863405503e+00
1.357140266134157836e+00
1.364038861512692158e+00
1.373436918319936861e+00
1.378958107501972785e+00
1.372499310741932099e+00
1.358730743332926316e+00
1.346429784628387472e+00
1.338113016402833644e+00
1.341506180567873630e+00
1.349822965967726329e+00
1.359685670225557308e+00
1.366165952329542854e+00
1.363996825872221708e+00
1.356306625866616322e+00
1.351443256307533591e+00
1.351147708279804460e+00
1.356134903012460313e+00
1.361534873241472043e+00
1.361112845485870748e+00
1.359570571170988229e+00
1.361678873605847828e+00
1.368380221491401150e+00
1.375712248718551800e+00
1.373210306733621211e+00
1.364414736435628273e+00
1.348297633460342038e+00
1.337246552051316817e+00
1.336411959753497802e+00
1.344587065279163829e+00
1.366948026422280638e+00
1.386319525133243191e+00
1.385733567209427308e+00
1.371012967374158231e+00
1.347802176087051107e+00
1.333927714399903541e+00
1.333441316637364871e+00
1.342214114842221084e+00
1.365081806468004144e+00
1.381582399332145217e+00
1.385261266797107149e+00
1.373146402975274460e+00
1.362220785899591169e+00
1.356438496078049782e+00
1.358242135727755651e+00
1.369231234640908568e+00
1.379863063917736943e+00
1.379746625712930719e+00
1.372958387666602720e+00
1.359704962731287825e+00
1.349598794776522670e+00
1.346391026762689513e+00
1.350619030568987800e+00
1.359608042478043233e+00
1.367016417339424583e+00
1.363254362519302099e+00
1.351700969331442348e+00
1.340345103368384416e+00
1.333411183738658412e+00
1.333368473496362672e+00
1.342759476550960063e+00
1.352046905471775640e+00
1.352315673128696938e+00
1.348572096244942120e+00
1.337957463864614338e+00
1.331126929046554386e+00
1.332127970155410068e+00
1.336356437353568571e+00
1.344358462679657640e+00
1.347838340499209142e+00
1.345935656334552366e+00
1.341986297870516820e+00
1.337774273041687723e+00
1.336763603141898349e+00
1.340486733239580452e+00
1.346382769344461217e+00
1.348827890224712389e+00
1.347097635160108942e+00
1.343272982511936275e+00
1.338223701342247329e+00
1.335424470652377904e+00
1.335925815231668201e+00
1.338580711483578378e+00
1.344151898259666744e+00
1.346688772685312063e+00
1.345854558800357648e+00
1.342405527858779424e+00
1.338223499089457036e+00
1.337391683711744550e+00
1.337877973248891239e+00
1.343600508843283192e+00
1.349241362202753036e+00
1.352286148065518612e+00
1.352334419572961188e+00
1.345002519808653263e+00
1.335745204869023706e+00
1.326480523694833380e+00
1.319856994914164749e+00
1.321823742394792722e+00
1.325593235936737946e+00
1.330909223094116856e+00
1.334222887734526131e+00
1.333699668910240499e+00
1.332580569730340780e+00
1.330659013152352355e+00
1.333289962294529341e+00
1.340245640815419970e+00
1.345853717558596507e+00
1.346925181793081849e+00
1.339584518148208003e+00
1.335167623338405996e+00
1.336698017315491871e+00
1.341054504472909192e+00
1.347163655090249490e+00
1.349250176345329288e+00
1.346979284091767370e+00
1.342528264138635796e+00
1.343953601858982161e+00
1.347567520882522629e+00
1.350245557122921936e+00
1.350077709356384714e+00
1.344272698242735098e+00
1.341547669531119480e+00
1.347195615824907211e+00
1.359875697507918479e+00
1.370959699282521704e+00
1.370988750823082691e+00
1.360244258778890547e+00
1.335662168258368920e+00
1.310526247796774513e+00
1.293753360663789209e+00
1.289376552548567645e+00
1.307180164501276831e+00
1.329120235424127383e+00
1.354977730950048365e+00
1.375167093959216880e+00
1.385198073442918787e+00
1.393302464311477529e+00
1.397096074165144586e+00
1.397962716838436759e+00
1.394685171516857114e+00
1.384054075036250220e+00
1.370103496873486426e+00
1.353927062747985577e+00
1.342295721374784589e+00
1.338584296836550891e+00
1.340623045126996260e+00
1.351860252252227834e+00
1.361136087937470984e+00
1.361566245858842006e+00
1.357227284517019461e+00
1.348394869704981680e+00
1.343850022881382555e+00
1.347349599800831799e+00
1.353451455870837483e+00
1.358768556127875060e+00
1.358403370737446325e+00
1.347819649025301159e+00
1.334808715173296578e+00
1.329252202672414951e+00
1.335350318886745935e+00
1.347858958415577568e+00
1.361505859113991468e+00
1.370481542050130397e+00
1.371339440057109282e+00
1.368089340140074883e+00
1.363491767289125356e+00
1.361824785912834512e+00
1.363323700570725494e+00
1.364434927217233584e+00
1.365190872909794129e+00
1.364253115090834356e+00
1.358068718560336174e+00
1.349052676091296421e+00
1.339359653875903389e+00
1.336003767225155903e+00
1.341272105176382290e+00
1.356324692671845966e+00
1.369262189442600253e+00
1.375559556848579890e+00
1.369189745920381229e+00
1.351172046068320753e+00
1.332352365155222929e+00
1.321368268281098324e+00
1.322021237478838041e+00
1.341960238279598316e+00
1.362939693328301782e+00
1.376732818513967116e+00
1.382103692970517050e+00
1.374079934896517585e+00
1.364554475174156067e+00
1.356177611625689838e+00
1.351412005698918506e+00
1.346474166703631514e+00
1.343380036706251612e+00
1.337445283999002310e+00
1.331118794122874149e+00
1.318410241364845525e+00
1.276610992126671285e+00
1.211139809401445389e+00
1.111966219905615061e+00
1.112261765787897705e+00
1.369565657542786363e+00
1.840881625249567666e+00
2.588315834473057464e+00
3.346905946206888416e+00
4.078738263697990973e+00
4.870916547387466267e+00
5.643606731072231320e+00
6.462887182148307375e+00
7.217138476629083144e+00
7.925971737400680617e+00
8.548057341450288504e+00
9.118674034831119712e+00
9.669964423714299429e+00
1.018371148649682034e+01
1.068024496111011601e+01
1.111075990435571725e+01
1.146272806038868630e+01
1.173618540152473955e+01
1.193472216977274591e+01
1.209506534260153465e+01
1.219571537503480130e+01
1.223506948684457640e+01
1.213156792290429742e+01
1.195826201988442072e+01
1.170399633402685602e+01
1.149776882985344884e+01
1.135496991045979165e+01
1.124458377755375338e+01
1.109644720139459295e+01
1.089972150701489184e+01
1.062581237723878758e+01
1.035948638751643358e+01
1.015157362759177495e+01
9.989758454632097440e+00
9.836679710886228278e+00
9.644694386567699951e+00
9.436950656962421746e+00
9.213609811389055437e+00
9.019040121836445323e+00
8.852186020234270813e+00
8.711576092881101019e+00
8.571414472830362286e+00
8.429986346881047865e+00
8.272452024517304991e+00
8.120206528664091650e+00
7.979397034681534606e+00
7.857145895130504876e+00
7.743316737721685605e+00
7.643240481186687418e+00
7.554075236717803676e+00
7.479838226827022041e+00
7.426776397944098385e+00
7.405118676619126816e+00
7.396988810488346111e+00
7.407275064200352865e+00
7.422044787792677845e+00
7.447482015427119073e+00
7.471218679415001063e+00
7.505411548497184171e+00
7.541967079399221952e+00
7.587007117736201955e+00
7.628121111171935809e+00
7.668279041161752296e+00
7.702168175487440926e+00
7.746904686817589258e+00
7.803247338041956915e+00
7.899440396995832003e+00
8.013051576546805777e+00
8.159156299158023984e+00
8.304433338774643403e+00
8.449030437888358946e+00
8.593858101693118812e+00
8.734318240007013401e+00
8.883199649493612071e+00
9.026287473729492916e+00
9.177291845824852246e+00
9.316586130275320343e+00
9.459548347348292197e+00
9.597345096005643228e+00
9.732555350314440190e+00
9.854334441770395969e+00
9.966811404209636294e+00
1.005604608376500764e+01
1.012749027291047099e+01
1.018421464864413828e+01
1.024435300614714528e+01
1.031002594744751555e+01
1.039411470061198983e+01
1.047971072105653612e+01
1.057008578690684431e+01
1.064839953779346082e+01
1.070380748653900582e+01
1.073009381206630053e+01
1.074231717060219893e+01
1.075840273133353797e+01
1.078979635423837813e+01
1.083740919483618192e+01
1.088608065879256870e+01
1.092671476742978065e+01
1.095835691334724871e+01
1.097609049682516869e+01
1.099884042676121609e+01
1.101875923349592235e+01
1.102527572372661346e+01
1.097124770685606521e+01
1.086399499153818304e+01
1.066202482714093769e+01
1.045227574290176698e+01
1.024974912692427687e+01
1.009970658828128798e+01
1.001203213436450845e+01
9.942278709593027841e+00
9.849912080865442121e+00
9.706871263308688214e+00
9.551960581689689533e+00
9.400993548490447438e+00
9.286100648385199108e+00
9.216897989912494538e+00
9.168943395339999469e+00
9.130864691894245766e+00
9.083832317084569397e+00
9.023258828509408858e+00
8.968582747316212078e+00
8.918942175038026221e+00
8.878426114980120687e+00
8.842988681130492523e+00
8.808579329035513439e+00
8.769308924444551678e+00
8.730121166662687671e+00
8.691067448046082333e+00
8.650551949135788732e+00
8.589905070653102825e+00
8.498929370576021824e+00
8.325182414801442832e+00
8.106210282662326350e+00
7.807050533406533432e+00
7.496870911861027942e+00
7.243203007220992973e+00
7.092083364013062941e+00
7.020070783771433121e+00
7.033267043397083640e+00
7.065344814537968254e+00
7.122792998180818458e+00
7.196449296923796979e+00
7.324985193100598480e+00
7.485632344549858708e+00
7.714350300951532624e+00
7.949233471689266750e+00
8.210419638457283398e+00
8.458320847648071350e+00
8.722427569163873073e+00
8.989193280228933602e+00
9.295430518502463713e+00
9.596782851395097680e+00
9.930930110110633535e+00
1.024687958496292595e+01
1.057660347817322588e+01
1.091036118012630318e+01
1.122092060306769135e+01
1.152420026173803613e+01
1.180229494845430516e+01
1.207526692721659778e+01
1.231969408898394569e+01
1.255225372013783058e+01
1.276009291139159529e+01
1.294882578326760836e+01
1.310908599522403861e+01
1.324810763151949367e+01
1.336579925389383661e+01
1.347459078150208533e+01
1.357790323011123057e+01
1.368580893442189073e+01
1.378335531360480992e+01
1.387326666687038745e+01
1.394316077438240065e+01
1.397435264303953240e+01
1.398245952547183357e+01
1.394845600229878535e+01
1.390193099665974330e+01
1.383072105362988680e+01
1.374870260987999693e+01
1.366253940081568352e+01
1.356024285071801394e+01
1.345753051641009357e+01
1.334032405225663886e+01
1.322798361689433833e+01
1.310445486286671191e+01
1.297800536450867881e+01
1.282367326399740826e+01
1.267174935410095671e+01
1.251354372484365385e+01
1.237270752275624552e+01
1.223100110015942299e+01
1.209169630200270973e+01
1.191826249905878754e+01
1.173441750807955586e+01
1.152654706103601612e+01
1.133675942341941756e+01
1.116222803672008901e+01
1.101228905271692504e+01
1.087327270874367358e+01
1.074243943082729302e+01
1.060929487348998990e+01
1.049249928739716431e+01
1.040841052789776278e+01
1.036012668774634271e+01
1.033134095116330897e+01
1.031485083809547731e+01
1.030714049567099977e+01
1.032385734064923000e+01
1.036271576344377010e+01
1.043910605382692580e+01
1.052607963122519585e+01
1.063739891295015028e+01
1.075221357382343967e+01
1.089402536861737758e+01
1.104265127060802243e+01
1.121841135205185758e+01
1.139297494487791873e+01
1.158894073424674787e+01
1.177851022318842311e+01
1.198196844299013542e+01
1.217372866543235155e+01
1.235770067183574916e+01
1.252072242920746703e+01
1.266544786678087320e+01
1.279963597627996741e+01
1.294304686557440576e+01
1.307877753952364763e+01
1.321375574964359778e+01
1.332868306194989394e+01
1.341596967216838543e+01
1.347172777948319045e+01
1.351410549513619408e+01
1.354714332902273632e+01
1.358434925439012098e+01
1.362714101969762304e+01
1.366110808992035075e+01
1.366718649373914474e+01
1.365186643407217026e+01
1.360109461673451925e+01
1.354671664189253200e+01
1.348006124641554848e+01
1.341104915440362788e+01
1.331351458754847705e+01
1.320553561353592720e+01
1.307584305953220749e+01
1.295383145781547718e+01
1.282825762305014194e+01
1.271247031292572949e+01
1.260244459637391223e+01
1.250745111493983863e+01
1.243878676956314600e+01
1.238658822843729368e+01
1.234379653023425050e+01
1.229848230481500515e+01
1.225024014686485430e+01
1.220000277012360179e+01
1.215752095576355707e+01
1.213070243240476742e+01
1.211647269399163029e+01
1.212713877546928387e+01
1.214436002639409296e+01
1.217422377009125611e+01
1.220612657136372547e+01
1.224646026137037680e+01
1.228968601715765629e+01
1.235164491133069831e+01
1.241543113796171127e+01
1.249907243939193080e+01
1.258593283181705402e+01
1.268336030933823011e+01
1.278063379878822303e+01
1.289108844583039648e+01
1.300346414602963030e+01
1.313440852755392463e+01
1.326516173377421559e+01
1.339929980309051771e+01
1.352600622060329449e+01
1.364460148839595988e+01
1.375827730457631226e+01
1.385843999931276649e+01
1.396814961534069255e+01
1.407707999711581870e+01
1.419756857997522914e+01
1.431150332332252795e+01
1.441633632193573256e+01
1.450634523777986651e+01
1.457824805450794337e+01
1.463640683598394965e+01
1.468218187912528627e+01
1.471537456312803371e+01
1.473379749516395876e+01
1.474418609363869948e+01
1.474555317714132663e+01
1.474778689884648308e+01
1.475056167248493288e+01
1.475871283318158866e+01
1.476427570368353059e+01
1.476501292067973381e+01
1.475056596463468850e+01
1.473339266762308064e+01
1.470877962976453190e+01
1.468907422258992845e+01
1.467723807308048478e+01
1.466780113489896031e+01
1.465241324474463269e+01
1.461400098113821677e+01
1.457343327419544465e+01
1.453452686404060934e+01
1.451874347535851584e+01
1.454242071968061012e+01
1.458450141688893886e+01
1.463407220411527199e+01
1.466403451839136274e+01
1.466157520964427619e+01
1.464966618747413740e+01
1.465095578072638283e+01
1.467550150833470646e+01
1.473290159686000855e+01
1.479183445188671264e+01
1.485287819892223915e+01
1.490132117100718467e+01
1.495361292562580502e+01
1.501004415061260389e+01
1.508759428554022364e+01
1.516954086544409286e+01
1.524224932334422355e+01
1.529034061571416281e+01
1.530527365374415183e+01
1.530423311123883856e+01
1.530513364620955308e+01
1.531739759907193488e+01
1.533672577782737001e+01
1.537111037520534929e+01
1.540581699802288540e+01
1.543563469008606504e+01
1.546032284651887778e+01
1.547690526555729029e+01
1.548982295198215198e+01
1.550936080718859600e+01
1.553047361198502507e+01
1.555293640519826326e+01
1.557108481515690279e+01
1.558018689098560294e+01
1.558565128296001134e+01
1.559201861372370246e+01
1.560463747125808887e+01
1.562079166361131222e+01
1.563558402172929362e+01
1.564514972546027494e+01
1.564819844990767450e+01
1.564117235352750157e+01
1.563722508934455391e+01
1.563837102198696627e+01
1.564229934386135135e+01
1.564596091623758767e+01
1.564623810965271211e+01
1.564355896255229794e+01
1.564610150097529839e+01
1.564946335035811487e+01
1.565248143131351810e+01
1.565294681126732357e+01
1.564221664763648612e+01
1.562686074616201104e+01
1.561657366268266678e+01
1.562474847171375991e+01
1.566418635991154140e+01
1.570204781514357428e+01
1.571643908800889378e+01
1.570341901787682737e+01
1.565925589126962159e+01
1.562500683294398129e+01
1.561232800153521083e+01
1.561840390048365279e+01
1.563497235390279272e+01
1.564911571375723831e+01
1.566365373051909948e+01
1.567952643096021781e+01
1.569432634594823739e+01
1.569896962677650443e+01
1.568962762625891294e+01
1.566849986566727893e+01
1.565498564620638788e+01
1.565262251149395389e+01
1.565887406377135527e+01
1.566282300275899964e+01
1.566244004867535544e+01
1.566041082099230408e+01
1.567980816759593488e+01
1.573975722526840038e+01
1.580917262463296780e+01
1.586994956584140049e+01
1.590318767147154233e+01
1.589765841241840505e+01
1.589226836848345670e+01
1.591179769725254012e+01
1.595624021039789397e+01
1.603517379624624439e+01
1.610928321590386503e+01
1.616904519756426950e+01
1.621530321129602825e+01
1.626193536479239654e+01
1.631317128315622256e+01
1.638797816598340873e+01
1.647677145794935782e+01
1.655205371288996474e+01
1.660619223235320518e+01
1.664472943962954332e+01
1.667103086199486839e+01
1.669527911381628371e+01
1.672195383617246023e+01
1.674937200051777708e+01
1.677273817771988007e+01
1.678624248269461461e+01
1.679519951394905064e+01
1.679956664347950479e+01
1.680009762823076258e+01
1.679984378911517595e+01
1.679262817541202324e+01
1.678054174456095993e+01
1.675637226423839721e+01
1.672542808098981126e+01
1.667284390597887622e+01
1.661169783408356437e+01
1.653457675300015595e+01
1.646427115137097630e+01
1.639647500279977876e+01
1.634037724717288853e+01
1.629170074471338481e+01
1.624798155277209233e+01
1.620499720909348085e+01
1.616245465345190979e+01
1.612168822210352914e+01
1.607791088418760239e+01
1.604155194714250854e+01
1.601201021189479334e+01
1.599115527409917270e+01
1.597127011658910156e+01
1.595184484708296857e+01
1.593293615559503351e+01
1.591850767589500926e+01
1.591450680497877457e+01
1.590843122779141261e+01
1.588526883591046612e+01
1.584632367921591367e+01
1.580011651686656826e+01
1.576470707421173323e+01
1.576762215776148324e+01
1.578984271855261490e+01
1.583207297464129581e+01
1.586312768104355442e+01
1.587291225764125535e+01
1.587005906811839040e+01
1.587186419739677312e+01
1.589194648651481323e+01
1.592501881378030504e+01
1.596667142125114225e+01
1.599972219394616779e+01
1.602671281167947370e+01
1.605496315159729903e+01
1.609916644718945378e+01
1.614331119038686779e+01
1.617888921254326462e+01
1.620253610771584007e+01
1.620986871111040628e+01
1.622239981199813741e+01
1.625706014267118960e+01
1.630144244226624295e+01
1.636632594188904122e+01
1.643135594557065815e+01
1.649354690297617410e+01
1.655034211989350723e+01
1.659525134785842937e+01
1.663199286397956200e+01
1.666324222325155446e+01
1.669101125673600450e+01
1.671349799172524797e+01
1.673085589705251408e+01
1.674788134033091680e+01
1.677622534160555290e+01
1.680800237503791195e+01
1.684520802718501997e+01
1.687105279981578221e+01
1.687624313946319887e+01
1.687018208495014449e+01
1.686596311862331277e+01
1.686929391287093338e+01
1.689740544442674519e+01
1.692845821795523875e+01
1.695366705209703539e+01
1.695889433170092175e+01
1.693730392478191504e+01
1.691106037258260386e+01
1.688506209055017493e+01
1.687162009845949839e+01
1.686355722543838809e+01
1.685370561894525920e+01
1.683420436394901643e+01
1.681025378801946601e+01
1.677294349012898067e+01
1.673557064109970938e+01
1.669649542769350248e+01
1.666010303349478505e+01
1.662415451390630139e+01
1.659078169551070303e+01
1.655975799404957982e+01
1.652203321328406460e+01
1.648788517290644151e+01
1.645555617608915711e+01
1.642570305978387069e+01
1.640461108971550885e+01
1.638692567421811930e+01
1.636566874641585301e+01
1.633856912118507410e+01
1.630145843794978333e+01
1.626978316532596125e+01
1.625339497893177665e+01
1.625670415980143346e+01
1.628326715469642494e+01
1.630967661487956022e+01
1.632728227588911096e+01
1.633389656731026562e+01
1.632988692249436724e+01
1.633132383289227008e+01
1.635258348003436879e+01
1.638821052238882103e+01
1.644335338598033047e+01
1.649719126688391313e+01
1.655609049896163398e+01
1.661138420546777894e+01
1.665802674974535691e+01
1.669503029979853181e+01
1.672255250384128900e+01
1.674859660173880727e+01
1.677767052949376492e+01
1.681858757554066131e+01
1.686158539261436573e+01
1.690437011558555369e+01
1.693903926247184444e+01
1.695572166997636643e+01
1.696145663256406877e+01
1.696105500514920550e+01
1.696103187270630741e+01
1.697138598483244820e+01
1.699045156293948367e+01
1.701709622131791733e+01
1.703096554163402132e+01
1.702252888794512131e+01
1.699962424372949599e+01
1.696498669280713756e+01
1.694777056493282075e+01
1.695968417120495531e+01
1.698027475419506871e+01
1.698938024437617145e+01
1.695970760877408878e+01
1.691509132553094830e+01
1.687121464142227723e+01
1.685118955147210329e+01
1.685579025343731274e+01
1.685028564108970173e+01
1.681326748180287467e+01
1.675982356441008392e+01
1.670195312752833416e+01
1.666401051435400049e+01
1.665625902700027083e+01
1.665542833824367008e+01
1.664186766685401864e+01
1.660896560575006120e+01
1.655841428691300976e+01
1.652067768838262296e+01
1.651646911478289681e+01
1.652626844132472783e+01
1.654036583228064572e+01
1.654145827501816868e+01
1.652672124735362402e+01
1.651277251515136157e+01
1.651699075990869403e+01
1.653363279748851866e+01
1.655657738936324108e+01
1.656064686804631236e+01
1.654821441906790369e+01
1.652490333774378328e+01
1.650528175931900776e+01
1.650382004488495724e+01
1.651200989651199436e+01
1.653536024979580077e+01
1.655445208198280582e+01
1.656441613460022921e+01
1.657610432827963010e+01
1.658165169018135288e+01
1.658587243043656301e+01
1.658599381299126918e+01
1.657866121695824901e+01
1.656099682438908616e+01
1.653917552431335736e+01
1.651464151119010992e+01
1.650336133701017260e+01
1.651375800268167637e+01
1.653693229852175861e+01
1.656119510969011444e+01
1.656893280167103200e+01
1.654109033572784071e+01
1.649458504616290000e+01
1.642669485987440225e+01
1.636952275286515501e+01
1.632848815049674940e+01
1.630797821790045532e+01
1.629239321231267823e+01
1.627703514769478943e+01
1.625769226210532281e+01
1.623725199263686036e+01
1.622454683638033046e+01
1.622343402410898960e+01
1.622589300313979166e+01
1.622139049371364905e+01
1.620135877181948203e+01
1.614720083824634500e+01
1.608348686870996858e+01
1.600727792490747348e+01
1.594365548097087704e+01
1.589538326912141031e+01
1.585848228048541841e+01
1.582869275252288688e+01
1.580002585754594158e+01
1.577843324877538755e+01
1.575957539886894310e+01
1.574431414275606578e+01
1.573026587177920277e+01
1.571626762477819739e+01
1.569318227406714605e+01
1.566553144591448543e+01
1.561894638854927742e+01
1.556984186321668417e+01
1.552739518348982806e+01
1.550249336985483772e+01
1.550722871787060519e+01
1.551917744950429778e+01
1.551819670160863929e+01
1.549125778276293630e+01
1.543236064492676718e+01
1.538571845076497269e+01
1.537344419818621866e+01
1.539202483425805923e+01
1.543949509056554348e+01
1.547663322298402555e+01
1.548612508397971332e+01
1.548857852855352668e+01
1.549189748323646754e+01
1.550962975667816401e+01
1.554150984784330447e+01
1.557003319699060917e+01
1.558050664019051190e+01
1.557963194391237316e+01
1.557705177039263233e+01
1.558223073328234953e+01
1.559847751389767723e+01
1.561803461149244221e+01
1.563800943030486401e+01
1.565824385143783282e+01
1.567749555983882637e+01
1.570423703591052167e+01
1.573403503514914625e+01
1.578138747481883009e+01
1.583286125236451802e+01
1.590015216835769785e+01
1.597012840025826463e+01
1.605084920263310266e+01
1.612330995199722139e+01
1.618742380413624460e+01
1.623576138101095978e+01
1.627215853287242808e+01
1.630870243417838950e+01
1.635412378804842959e+01
1.640437225953513334e+01
1.646290020539756327e+01
1.651625675166198803e+01
1.654600585486419817e+01
1.655032806183660909e+01
1.650597113656365522e+01
1.644122147357322916e+01
1.639347191267238912e+01
1.638452801639289547e+01
1.639623790007443560e+01
1.641029462339643175e+01
1.639832150664853927e+01
1.634227298275470375e+01
1.627442876089815726e+01
1.620350498116138027e+01
1.614582377988683248e+01
1.609010783566575142e+01
1.603029458534847862e+01
1.595500980011857983e+01
1.586953386683271283e+01
1.576900431448846440e+01
1.567130841186495083e+01
1.557032801643453013e+01
1.547208037834765904e+01
1.536557782037386666e+01
1.525943848868529606e+01
1.515125638716454937e+01
1.505030661371071510e+01
1.494742974005978908e+01
1.485319192395374799e+01
1.476533353809478832e+01
1.468533945522126416e+01
1.461039961777940732e+01
1.454002069693840760e+01
1.447457854388764176e+01
1.440250526776862294e+01
1.433664749601794419e+01
1.426766164458140018e+01
1.420340844595351548e+01
1.415290297485162085e+01
1.411291741738093641e+01
1.407602058684091517e+01
1.403945378057592386e+01
1.400236820570247787e+01
1.396930350458116799e+01
1.394517416561790313e+01
1.393281702659510657e+01
1.393597236256233174e+01
1.394126369258341924e+01
1.393787933663629452e+01
1.391753986870971715e+01
1.387620688743365349e+01
1.383919993405647197e+01
1.382362738665426249e+01
1.382746621964683342e+01
1.386418860847734535e+01
1.390174767020914182e+01
1.392255766880291823e+01
1.390603903084588211e+01
1.386828262598130124e+01
1.382398478495621141e+01
1.379905624453847501e+01
1.380660821504109848e+01
1.382700649891605060e+01
1.384239470951690443e+01
1.384446450515601335e+01
1.381250001576776576e+01
1.377720617569438311e+01
1.373967317059061877e+01
1.371124403099722500e+01
1.369357311911629083e+01
1.367910461675060141e+01
1.365772171479013863e+01
1.362789798301927746e+01
1.357992394794164248e+01
1.352601040003388455e+01
1.346626158013866537e+01
1.340456539703615491e+01
1.333295462393154374e+01
1.326465032173092773e+01
1.319306062412530167e+01
1.312298044107943973e+01
1.305367573163590755e+01
1.296509794299441864e+01
1.286752974501967017e+01
1.275693472521807337e+01
1.265803188609921826e+01
1.256819042783595819e+01
1.248399582362952742e+01
1.237791248198065475e+01
1.226415376420953152e+01
1.214325490899588900e+01
1.203938048955400397e+01
1.196727612382355233e+01
1.191528015689092435e+01
1.188029976847736791e+01
1.184797303679550673e+01
1.181948644133973403e+01
1.179712128844823660e+01
1.179943191846121309e+01
1.181903969392008769e+01
1.185500554167987808e+01
1.188648164978697430e+01
1.190341291572260118e+01
1.191999107895175491e+01
1.195176783145070765e+01
1.202490114198212368e+01
1.211449038242047749e+01
1.222524065390978443e+01
1.232203794452427736e+01
1.240521178372510214e+01
1.248363592663812227e+01
1.258627803224945119e+01
1.271015892508602185e+01
1.286190937962095049e+01
1.299932038670605117e+01
1.310929595015943505e+01
1.318179412651330296e+01
1.323589302153497904e+01
1.328906727058997816e+01
1.337350683232999060e+01
1.346735156397042310e+01
1.356480924150245571e+01
1.363822150079914586e+01
1.366998321863649579e+01
1.368748396411065649e+01
1.371237292682605613e+01
1.375344584189988417e+01
1.382524074888369903e+01
1.388712993814525731e+01
1.390857198940749662e+01
1.387658900084294089e+01
1.383461651492628697e+01
1.379658441873118768e+01
1.377250282765215594e+01
1.376332660669658914e+01
1.375298243437875279e+01
1.373422444666995723e+01
1.371592741148948491e+01
1.370640370729377011e+01
1.370002298551515985e+01
1.368942354662070926e+01
1.367320400249871604e+01
1.363718037900538249e+01
1.360209873408657799e+01
1.356512784452040599e+01
1.354180659633233930e+01
1.353262043325890573e+01
1.352476600628292225e+01
1.351665314619636504e+01
1.350427224681120641e+01
1.349110396496471864e+01
1.348412879972180001e+01
1.349342504309953128e+01
1.350324395236492592e+01
1.351745027979027824e+01
1.352033111626185580e+01
1.351976901999446845e+01
1.351840206214789930e+01
1.352427347921079459e+01
1.354565421189431973e+01
1.356810067520673080e+01
1.359398101555929372e+01
1.361611757740440076e+01
1.363657670836781044e+01
1.365650695294087313e+01
1.368765403544473180e+01
1.372597275154980423e+01
1.377727446091832242e+01
1.382387736315890869e+01
1.385311521042262761e+01
1.387011069189099999e+01
1.387337367166587221e+01
1.387849182973529949e+01
1.389167433324914214e+01
1.389980099708491856e+01
1.389602784684872816e+01
1.388523784297059116e+01
1.386772612444239172e+01
1.385884459399079560e+01
1.385767344470816020e+01
1.385970198059231251e+01
1.386128013407310355e+01
1.385403944334789372e+01
1.384756321005231783e+01
1.384365868182341686e+01
1.384566860220712847e+01
1.385987590515654233e+01
1.387062975271800447e+01
1.387393342557856002e+01
1.387158887359470150e+01
1.386008497776267490e+01
1.385459661690186195e+01
1.386396206247673746e+01
1.387891473933838427e+01
1.389707741279460329e+01
1.390795824917677059e+01
1.390978695899451445e+01
1.391255170553111320e+01
1.392311643113011144e+01
1.394367993809746942e+01
1.397759820188115931e+01
1.400724648306648312e+01
1.402627315812086017e+01
1.403455979093326889e+01
1.403229714745275913e+01
1.402681473514769372e+01
1.401889112359677547e+01
1.400685532721235482e+01
1.398095653008492789e+01
1.394675643663175890e+01
1.391392724890453003e+01
1.389128323278329624e+01
1.387975829813690432e+01
1.388200794015154926e+01
1.388513898271072300e+01
1.388595961790021960e+01
1.388580618986703996e+01
1.388140934650700586e+01
1.387685816093413038e+01
1.388335026621591695e+01
1.391135764031303346e+01
1.405726580257325686e+01
1.433863584741530417e+01
1.497861428527945549e+01
1.583886961001885574e+01
1.713234510100682328e+01
1.854432806275965717e+01
2.025003007601749871e+01
2.219755647921780906e+01
2.421736217223746834e+01
2.663627640798877394e+01
2.912258994243358501e+01
3.196578508743669289e+01
3.474008435704127606e+01
3.764088222535338701e+01
4.034214573550050886e+01
4.303934164278496866e+01
4.553654284347823733e+01
4.803971913075447020e+01
5.036789977817343100e+01
5.264972678783552595e+01
5.470412800294005251e+01
5.657281843585344205e+01
5.818428614308105296e+01
5.959175854617026857e+01
6.081130763633081671e+01
6.189318702040927889e+01
6.283344330003289002e+01
6.362674909868176343e+01
6.427074514656862902e+01
6.473846066202769123e+01
6.505166180980140211e+01
6.524581400722918545e+01
6.521804875115128652e+01
6.500951505783690720e+01
6.436782865575949586e+01
6.348129628840219141e+01
6.208067388523112129e+01
6.053086772310309271e+01
5.859562638151805913e+01
5.663959048461480705e+01
5.440551959683863004e+01
5.219225408017796752e+01
4.972116468400450628e+01
4.730788627974049376e+01
4.474438792094531436e+01
4.234011081450008618e+01
3.994690444717930689e+01
3.776601357308891949e+01
3.568004026265992934e+01
3.372439156123794390e+01
3.196112594243807337e+01
3.029986402651386612e+01
2.880895780775041715e+01
2.743379116681675356e+01
2.622956369715457825e+01
2.515764742123361231e+01
2.423330020888220915e+01
2.342810306960571864e+01
2.273952007403060449e+01
2.215745238320852550e+01
2.167404562395773837e+01
2.130256841855353045e+01
2.102075347589480003e+01
2.087464320530231632e+01
2.084753899321467330e+01
2.105697012595931739e+01
2.141658538542533918e+01
2.208210343360942574e+01
2.299965862249187865e+01
2.397483460966223134e+01
2.516759758420597848e+01
2.639558696001977012e+01
2.787049676850742230e+01
2.938000217556020388e+01
3.113882177369731252e+01
3.288477720040706487e+01
3.478539371482436593e+01
3.659520709424299412e+01
3.847027068059124133e+01
4.022754097979716192e+01
4.200856530865561922e+01
4.366774774033332562e+01
4.531162745864038754e+01
4.681105435914703605e+01
4.824519656054214067e+01
4.952774324974279097e+01
5.072293496862008055e+01
5.180423123312669276e+01
5.275543060404319107e+01
5.359852958399264367e+01
5.432554474413014844e+01
5.494333198832379850e+01
5.546104794555742501e+01
5.587047139814345087e+01
5.619731204033412553e+01
5.642782423740411701e+01
5.659110054946793156e+01
5.664527270534940584e+01
5.662129978664760444e+01
5.641099354165384483e+01
5.607508887577942147e+01
5.544721787840148863e+01
5.469519307282775600e+01
5.364687531913943275e+01
5.253774488330431325e+01
5.121207974241837491e+01
4.975759744109939220e+01
4.832562008554592836e+01
4.673746389039504123e+01
4.518316102289232106e+01
4.349184438175392842e+01
4.187353653117808960e+01
4.022018218656428701e+01
3.871326287138086286e+01
3.727899256660136018e+01
3.599014694263392755e+01
3.476537610747927687e+01
3.364879900665663115e+01
3.257157315861871894e+01
3.159584175559932362e+01
3.070510064864527422e+01
2.993425935017604189e+01
2.926597855066425780e+01
2.868819327912589401e+01
2.817218876577260289e+01
2.772664463054278627e+01
2.733835029845301889e+01
2.703854230069099174e+01
2.681613495003962555e+01
2.671231933981296081e+01
2.668918986925332604e+01
2.681568664522784928e+01
2.702446371071916786e+01
2.741291068341394777e+01
2.788478659752725264e+01
2.856104753949401243e+01
2.930870369439648115e+01
3.024678065400983584e+01
3.120663722511535099e+01
3.230750588848009386e+01
3.339062236395592720e+01
3.459581921118978443e+01
3.577895351512533040e+01
3.706735791268176428e+01
3.830671911507754146e+01
3.959661750431352090e+01
4.088152713821718720e+01
4.208007518774304856e+01
4.327681582708240882e+01
4.438217437284882294e+01
4.544992686551405114e+01
4.640663754356565818e+01
4.730283449150869046e+01
4.809413407994557588e+01
4.882527024702215357e+01
4.947647451527678442e+01
5.008889642003061482e+01
5.062888104686243196e+01
5.110886005800271903e+01
5.150892759140821653e+01
5.181701047197299204e+01
5.205234170977384878e+01
5.221565003562804463e+01
5.233440479998746753e+01
5.238744133761705513e+01
5.236449515471051086e+01
5.227665156433924665e+01
5.205546421646892696e+01
5.175567073025456466e+01
5.127648629443200434e+01
5.072475734887309073e+01
4.998604092795091702e+01
4.919888025827969358e+01
4.824929686674319385e+01
4.729993755977250203e+01
4.624380839509467478e+01
4.522152943616713117e+01
4.412771961884523364e+01
4.306714811381510088e+01
4.192534668096395478e+01
4.082149630022228592e+01
3.965832068213077832e+01
3.856800071800321916e+01
3.750343459081018693e+01
3.650760486173252417e+01
3.562122507690703799e+01
3.479627301444764953e+01
3.405769381713394495e+01
3.338193462456938221e+01
3.278590142754355696e+01
3.225799493821808284e+01
3.179226171828452863e+01
3.137384845639905251e+01
3.099676313369351632e+01
3.066040922745546382e+01
3.037700468367068396e+01
3.015960251247438251e+01
3.000325731582767474e+01
2.993645885390484551e+01
2.992863247791609282e+01
3.003702629868743657e+01
3.021219064676495591e+01
3.054154440490592748e+01
3.102336280657517520e+01
3.154924915261641161e+01
3.219225267983311056e+01
3.284441379403637029e+01
3.359886752225928319e+01
3.436123964677135234e+01
3.524644710969959505e+01
3.613249646248353741e+01
3.710980855472178064e+01
3.805676372168254318e+01
3.905071911934596329e+01
4.000010744191629186e+01
4.099516060387600902e+01
4.194128400328131789e+01
4.290999538626733312e+01
4.379896408519549311e+01
4.465247090228459115e+01
4.540830233603368526e+01
4.610816088259468160e+01
4.675733995069185056e+01
4.733846131549682212e+01
4.787135606881629002e+01
4.834222994699585740e+01
4.876405865912708038e+01
4.912930143649190740e+01
4.943913842653123680e+01
4.968889966952322368e+01
4.987543408681778345e+01
5.001592411710427655e+01
5.010608475677312867e+01
5.016033867588435413e+01
5.015813581396380272e+01
5.011769627920227066e+01
4.999415628304993930e+01
4.981943299011825843e+01
4.952484344315014653e+01
4.917717142843450517e+01
4.869344572044776953e+01
4.809041272291202773e+01
4.746362115940058146e+01
4.670776417490147736e+01
4.593957314668475078e+01
4.505135430283359455e+01
4.416799973097337784e+01
4.318726707805406306e+01
4.224371329026804744e+01
4.126668279917858229e+01
4.035891563234672219e+01
3.944318266743589163e+01
3.858484031673175707e+01
3.771522002053435330e+01
3.690519413176409813e+01
3.611932786486462277e+01
3.542129003067949355e+01
3.479042917158852788e+01
3.424063775140803756e+01
3.375047318154014420e+01
3.331201036593738962e+01
3.290808934357586679e+01
3.254045447968593407e+01
3.221757936782115905e+01
3.193990854211542896e+01
3.170389663037188299e+01
3.151737681419690418e+01
3.137487395997051820e+01
3.130373303240923377e+01
3.128127661696413142e+01
3.135560557263392312e+01
3.148199443660227459e+01
3.172074806144835435e+01
3.201324042214768895e+01
3.243608435631811204e+01
3.290593190394998402e+01
3.350936485601976500e+01
3.413695670284086958e+01
3.486891829924888242e+01
3.558773678377409766e+01
3.638197356791728510e+01
3.722195285574280632e+01
3.803294547461680253e+01
3.890199700631650614e+01
3.973768529634887159e+01
4.060320516883555797e+01
4.142090129566058465e+01
4.224525366325028841e+01
4.300405802648659659e+01
4.373921287806055602e+01
4.440080776922955152e+01
4.502416899334802736e+01
4.558724827603586505e+01
4.611326339373095351e+01
4.658616612144348323e+01
4.703225597700267002e+01
4.743796069175678554e+01
4.781178908066375044e+01
4.813899282452868533e+01
4.841021380194885637e+01
4.861800973940378157e+01
4.877559595528954617e+01
4.888045090481634958e+01
4.895207484484484439e+01
4.898840220524874667e+01
4.899578303336149787e+01
4.894856249556499961e+01
4.885589502091233527e+01
4.866597080704422496e+01
4.842458249766382039e+01
4.806135374464467702e+01
4.765812260751867768e+01
4.714665569448472127e+01
4.661485069424776384e+01
4.597984181824936911e+01
4.533569674292013474e+01
4.458718762146015280e+01
4.385503867918366439e+01
4.306508382241833743e+01
4.225111079951276594e+01
4.148270678341658169e+01
4.068037490583336080e+01
3.991997415808140914e+01
3.914418694880725269e+01
3.842219510195440080e+01
3.771945362051458517e+01
3.708043500737105092e+01
3.646690812333369536e+01
3.590890360106868684e+01
3.538739885008929065e+01
3.492304131545636636e+01
3.449784266359043983e+01
3.411217890376140360e+01
3.373974188896634274e+01
3.340197044435787888e+01
3.309448101738702519e+01
3.283658351409234655e+01
3.263564854519206193e+01
3.248969996503648616e+01
3.238402266421687159e+01
3.232377876922745941e+01
3.230000319414870091e+01
3.235645514650664012e+01
3.247159646779253706e+01
3.271054041683223090e+01
3.300631396475635171e+01
3.342617477957890060e+01
3.386981614530202478e+01
3.439666012739763090e+01
3.492105928110246538e+01
3.551016200969981895e+01
3.610469551402118782e+01
3.678558041080297869e+01
3.745658906448270642e+01
3.819223708379141158e+01
3.889222553550541761e+01
3.962681311900890080e+01
4.038122430001915575e+01
4.109815986277972399e+01
4.183331413095726958e+01
4.251689337611510666e+01
4.317294858607461805e+01
4.375510580088857182e+01
4.429865519806274676e+01
4.478166434832210996e+01
4.523754622600942810e+01
4.565155507944599833e+01
4.604248736535228659e+01
4.639213764858853040e+01
4.671032520867562710e+01
4.698699208671960292e+01
4.721133354628725698e+01
4.739500304413172671e+01
4.751907961346448417e+01
4.761226294086569055e+01
4.767085517949316653e+01
4.770599870058309477e+01
4.772506600025185008e+01
4.770487309477329063e+01
4.766080686536005828e+01
4.755103485679899222e+01
4.741372634326374680e+01
4.719474745197238263e+01
4.694129743879494754e+01
4.660430224731369009e+01
4.624512945399578001e+01
4.579995386460629447e+01
4.534247592356236822e+01
4.480549501233790721e+01
4.427139991903263194e+01
4.365908194693354005e+01
4.305784673436345145e+01
4.238916058693439481e+01
4.173969944218227823e+01
4.104944299188740331e+01
4.035311923911105225e+01
3.970192348778203950e+01
3.904396778612735375e+01
3.843149142453318490e+01
3.782444455183987486e+01
3.727614470448053652e+01
3.675332643371140762e+01
3.628997077680570982e+01
3.586552858511804942e+01
3.548521168252249680e+01
3.511602172147074441e+01
3.477102462765584789e+01
3.442505913648805205e+01
3.411667930226570888e+01
3.383847245890467548e+01
3.360480439266750352e+01
3.342506312597193130e+01
3.327771668803544713e+01
3.317464608515221158e+01
3.310159885768057109e+01
3.307964151938327291e+01
3.313571926274438795e+01
3.324064172738493284e+01
3.344348767742973649e+01
3.368986546613607658e+01
3.402362725515598640e+01
3.437406858481949712e+01
3.480289945248377848e+01
3.524845758690356945e+01
3.578041517010685624e+01
3.631429740685024399e+01
3.691594258882682311e+01
3.749548685541821413e+01
3.811929016273951021e+01
3.872161076137139446e+01
3.936961135257202216e+01
3.999148427172054454e+01
4.065125291558728549e+01
4.127424496695262235e+01
4.190240100505267407e+01
4.251034927832281340e+01
4.306525512506127029e+01
4.358773593253449974e+01
