1.375071671307473951e-02
2.085371298167443960e-02
2.731740575437852092e-02
3.336213846735217731e-02
3.688336119728637119e-02
4.005937846321933060e-02
4.194476717671262456e-02
4.388492330906376693e-02
4.484843251362542749e-02
4.673034522857889145e-02
4.799475308054682032e-02
4.988716271439001121e-02
4.775071844857068509e-02
4.705881835106910660e-02
4.122950048782584448e-02
4.153592804692757962e-02
4.100202479767608293e-02
4.065291183514652129e-02
4.077046874882764294e-02
3.665079257579061806e-02
3.476015279509838546e-02
3.870396592059817398e-02
4.415892206578467261e-02
5.073401071668059981e-02
5.544722307032026731e-02
6.105874861029244455e-02
6.449149848782056993e-02
6.951234863903089922e-02
9.208164417296731130e-02
1.389376752467116616e-01
1.732283150637060343e-01
1.586141278241786912e-01
1.167337462134943743e-01
7.669311042876675311e-02
9.891717615178215184e-02
1.042159082215944610e-01
7.435359196618278321e-02
7.778542545125846641e-02
9.881246565747360544e-02
1.136340501445468887e-01
8.212997483581375990e-02
8.398905747525631238e-02
1.264187490582868445e-01
1.501067915578898904e-01
7.968705287929589431e-02
5.274483379875701677e-02
1.052653569680851997e-01
1.142273325169549519e-01
6.843955071234544829e-02
7.351388632976629811e-02
8.108770002615810213e-02
6.080612258146959881e-02
5.625781798748206303e-02
4.616556788361189656e-02
5.247519050068822494e-02
7.806141788712415985e-02
9.089932454021758257e-02
7.410535323866548896e-02
6.056933370260962624e-02
7.615094185671723859e-02
1.117032529681750153e-01
1.537852631575200579e-01
1.676246991475754955e-01
1.206748630238231312e-01
5.067325411132902330e-02
3.386138524501766667e-02
3.244683275220571622e-02
2.014621647217563691e-02
5.314306079737933508e-02
1.092046206340298448e-01
1.511605723126333289e-01
1.710896510052292152e-01
1.579950459235999471e-01
1.345330899171962302e-01
9.928699105014009152e-02
7.296654923973340534e-02
6.681390008360035826e-02
7.138312303194629949e-02
9.348027089253430066e-02
1.161600290622569337e-01
1.347385630687395475e-01
1.496405236397027605e-01
1.631414090676346351e-01
1.767512075493500034e-01
1.820480580666330450e-01
1.671880549031909691e-01
1.438586302989213195e-01
1.120275726642719072e-01
9.236226997996334342e-02
1.045182781266510152e-01
1.344726013468409698e-01
1.573470467946180840e-01
1.589942511694476257e-01
1.392556338577127240e-01
1.185232925070941468e-01
9.745968552863691625e-02
7.424432924212699680e-02
8.953051675751398653e-02
1.359554115362263671e-01
1.705141772894799290e-01
1.863301161243522686e-01
1.998399354570877529e-01
1.949542106619213955e-01
1.779542789107140532e-01
1.456814997421614910e-01
1.213576326918859305e-01
1.131117091052119966e-01
1.168786336018378391e-01
1.138554292067453511e-01
1.198065385917650993e-01
1.474974909886349606e-01
1.703705697960892218e-01
1.785068419946492790e-01
1.621090496673422143e-01
1.391075285891029967e-01
1.163394901347865606e-01
1.053925550328065480e-01
1.144962305806068448e-01
1.311213032645922871e-01
1.601126737925699095e-01
1.976995686917546180e-01
2.287033688692162448e-01
2.405862215604929188e-01
2.092594412181156549e-01
1.561915399584811182e-01
1.093160858857583767e-01
9.398450025227883531e-02
1.149120819341010180e-01
1.844916112957256105e-01
2.556726396679445124e-01
2.918792154201299560e-01
2.899449606779198607e-01
2.417446956648550693e-01
2.020847755236130916e-01
1.809945675396656961e-01
1.835812081458431944e-01
2.193227823169537904e-01
2.642301114691855135e-01
2.929953484736284586e-01
2.828226174609146937e-01
2.605300715710113790e-01
2.352589915916698804e-01
2.220881334380630234e-01
2.249128896583672821e-01
2.289109465687993172e-01
2.312775311315232452e-01
2.333698631854981276e-01
2.385637080954613465e-01
2.483618976414349033e-01
2.621141983619687532e-01
2.701228358698912202e-01
2.677072981324683520e-01
2.609412254404462894e-01
2.536546275703239206e-01
2.526272202150502966e-01
2.629677578322920373e-01
2.918059429804249483e-01
3.258026599877749674e-01
3.514549363628908796e-01
3.573532505722353814e-01
3.287392902637599201e-01
2.987880259713372455e-01
2.827645232191029478e-01
2.887292913900551539e-01
3.246340472577561864e-01
3.516098507450200472e-01
3.526608572904475492e-01
3.401167465893418784e-01
3.277507821097287999e-01
3.337678414010686323e-01
3.642573873013972285e-01
3.836545659302380562e-01
3.823095335076052148e-01
3.535984458665897834e-01
3.337989286855742588e-01
3.343560793781936158e-01
3.490712334083894697e-01
3.738505116702097175e-01
3.921278420004778997e-01
3.905747263548079440e-01
3.820799980062064560e-01
3.762953088581081351e-01
3.806762900787558079e-01
3.937371248370132304e-01
4.044901071527454706e-01
4.064509247282863114e-01
4.036686611505506672e-01
4.064615707930886446e-01
4.244370881063960210e-01
4.553514131850746050e-01
4.960235628860185653e-01
5.229085291003676694e-01
5.114789023762172926e-01
4.813993598137571439e-01
4.367022141267504209e-01
4.099075590019352622e-01
4.234213486882731914e-01
4.582262208893201905e-01
4.987514197320945253e-01
5.188469663049404268e-01
5.079972386543257779e-01
4.808449970941423568e-01
4.618554949592524328e-01
4.547910597587477843e-01
4.577761754556143869e-01
4.739438592640300985e-01
4.982854792094513208e-01
5.243813714609667498e-01
5.413945809383486907e-01
5.388286211163155759e-01
5.273323602116032349e-01
5.071305524615633553e-01
4.948225605207006716e-01
4.971559261664508789e-01
5.188439226558858586e-01
5.497173583350720705e-01
5.860860512057765037e-01
6.103660928461540625e-01
6.096775605365839512e-01
5.968880940145900871e-01
5.715231430705465243e-01
5.458742555000835051e-01
5.224752687356566394e-01
5.142491098552552931e-01
5.524062456567829793e-01
6.088900810295584387e-01
6.552827199931330338e-01
6.678474608725877282e-01
6.333957860116847804e-01
5.934597737554079266e-01
5.745600162210214856e-01
5.900161723327276286e-01
6.118320873572747898e-01
6.270834504379859675e-01
6.316062936029928077e-01
6.325294728573127578e-01
6.402066005109443569e-01
6.587420904184656534e-01
6.755974246262193006e-01
6.761406259996880497e-01
6.680695283938117290e-01
6.529661751295909866e-01
6.479849959626650113e-01
6.614896642873189236e-01
6.871382996670393206e-01
7.090051547379397912e-01
7.210437545088648204e-01
7.261138775054640782e-01
7.241089506105418128e-01
7.233883004975266706e-01
7.243042906925307722e-01
7.274830007647945518e-01
7.296956052798523329e-01
7.323110458511260523e-01
7.351574384035708398e-01
7.416798527925710927e-01
7.511039465744939747e-01
7.589467666521743094e-01
7.648692407442529984e-01
7.647184245624398802e-01
7.617661102562188757e-01
7.610977356720423082e-01
7.637804202422512345e-01
7.737035826706891717e-01
7.831651822023818488e-01
7.849693437369004156e-01
7.818486600781764384e-01
7.710736348726301426e-01
7.587884030173431826e-01
7.533272032206258517e-01
7.640509974262843507e-01
7.944094778533108414e-01
8.234406542028999132e-01
8.403477683097991813e-01
8.401781862012783764e-01
8.346049242435070736e-01
8.288177266453402581e-01
8.258934161392618156e-01
8.268558100667612321e-01
8.299475929504344096e-01
8.372090877693695310e-01
8.480577464431771073e-01
8.645225566986786125e-01
8.798551498840363472e-01
8.893211540014777094e-01
8.913736496636300854e-01
8.815929388975674019e-01
8.638257782048472944e-01
8.513330593998215123e-01
8.559229667797857433e-01
8.725395212586360971e-01
8.968622209513342769e-01
9.174737315878259691e-01
9.222996585040568185e-01
9.186271341924209244e-01
9.037456482631659460e-01
8.955168400802913098e-01
8.973557047740153836e-01
9.062683987494324356e-01
9.198238018158888529e-01
9.303379233555540972e-01
9.377747516238763570e-01
9.471720382547935690e-01
9.593107871624555472e-01
9.661006461953071112e-01
9.665453367397620621e-01
9.619490306157694182e-01
9.610873655481326772e-01
9.618666888304649998e-01
9.675211088204425103e-01
9.805170305944614917e-01
9.890665470741086818e-01
9.889001297576108795e-01
9.837312834520663962e-01
9.811883495995918913e-01
9.836449443364052581e-01
9.939206641622164717e-01
1.003407169883551830e+00
1.009426770033197363e+00
1.008898879830516515e+00
1.009305043947143155e+00
1.012520855230412353e+00
1.020988888640621095e+00
1.037452175143495525e+00
1.054826122808963262e+00
1.065186555869674701e+00
1.067239944952403929e+00
1.058940289608086616e+00
1.047650086483809195e+00
1.039595143975732050e+00
1.040415834762658642e+00
1.054877745914301279e+00
1.070999750438945020e+00
1.078939306391503372e+00
1.077486416107759526e+00
1.075750389860708367e+00
1.081867979856318884e+00
1.090083722016788492e+00
1.092843228940198141e+00
1.086567304724143979e+00
1.069178258419709371e+00
1.060219497115385767e+00
1.071159237524335506e+00
1.087945094083202280e+00
1.096469578392154975e+00
1.089845092157425421e+00
1.070469662818984702e+00
1.071032088792914339e+00
1.088203220407041760e+00
1.120918642857069436e+00
1.143322626138312259e+00
1.140108318068702831e+00
1.128897980510890298e+00
1.121164654076875378e+00
1.124535882247700957e+00
1.131389498047003839e+00
1.131344078311948387e+00
1.120131822631002860e+00
1.113164673537788918e+00
1.120820770211390593e+00
1.135925352663694099e+00
1.145221738960335633e+00
1.133788651063111885e+00
1.121418936104255692e+00
1.120639239795362840e+00
1.135354621495388905e+00
1.163183950311469816e+00
1.181370640354967749e+00
1.181626518483761545e+00
1.174709611506565832e+00
1.169712641830180644e+00
1.170973986641362208e+00
1.180415426279564972e+00
1.189698678766502704e+00
1.194595445009399404e+00
1.198126478886317736e+00
1.199000430595552391e+00
1.200318594069854639e+00
1.196190740509097461e+00
1.186583221022326606e+00
1.175178159897207530e+00
1.174303260072765642e+00
1.179730914573828615e+00
1.197777247201498918e+00
1.214307358879179510e+00
1.226695347234225908e+00
1.235039307324288904e+00
1.234533361423319153e+00
1.230588633797154774e+00
1.219674097938533652e+00
1.208936997246337297e+00
1.200500634379858544e+00
1.198607610439110571e+00
1.210024197582380001e+00
1.222235767524722849e+00
1.229604315932006919e+00
1.233294859280826161e+00
1.238829557892203281e+00
1.251771408450653933e+00
1.267382756446502334e+00
1.271921815458599170e+00
1.267409775855134590e+00
1.250314458339123469e+00
1.231318941309753834e+00
1.220599011391691802e+00
1.219490055727720845e+00
1.232408884427827367e+00
1.247363721331428144e+00
1.255258642967166827e+00
1.254005557382358083e+00
1.249774340708758924e+00
1.247735156784917310e+00
1.253045787540148615e+00
1.266184439969787912e+00
1.279201367854644777e+00
1.285090782837634560e+00
1.284163533436090132e+00
1.272384576673391221e+00
1.261952791208012403e+00
1.256784933824497408e+00
1.253997214440899732e+00
1.253701838360954612e+00
1.255019729943016582e+00
1.258817427782417786e+00
1.271555967050879143e+00
1.285689763235531968e+00
1.296885714704292925e+00
1.304237027176099906e+00
1.298898027818540912e+00
1.288050874455925809e+00
1.268906673525564521e+00
1.256049197174287535e+00
1.255350076538314985e+00
1.263645988003592402e+00
1.280279144022941518e+00
1.294864382903122557e+00
1.305856596093245781e+00
1.312810125914342985e+00
1.311568543293645250e+00
1.301444467770562552e+00
1.288308928854683622e+00
1.277530604216109200e+00
1.273754473318650104e+00
1.277318204715955474e+00
1.285063397572932642e+00
1.294851091929620557e+00
1.304207622902757935e+00
1.312470968688779438e+00
1.317527982442097789e+00
1.318457992711141946e+00
1.319136846263341045e+00
1.317524781359647346e+00
1.315175134660667489e+00
1.315736523224616539e+00
1.317655906073885941e+00
1.317809191216095410e+00
1.316877616964936770e+00
1.318495547766587395e+00
1.322923065777184437e+00
1.330163237630042294e+00
1.339895187565303791e+00
1.349035251011521552e+00
1.352140406658885574e+00
1.348371445735363494e+00
1.335465621351519250e+00
1.320428921177367654e+00
1.311877441859962357e+00
1.311941881729356441e+00
1.325044110487207716e+00
1.342575682991853814e+00
1.350624824696811110e+00
1.346822065148425951e+00
1.335652312263883923e+00
1.325656266456695098e+00
1.321783406495115720e+00
1.328287364649022750e+00
1.336924608830094341e+00
1.342523445849878483e+00
1.344869428860396843e+00
1.340734693576192571e+00
1.337086338388081774e+00
1.338187804732930308e+00
1.342801234281333800e+00
1.345217768522521506e+00
1.344170593735209751e+00
1.340625333424863896e+00
1.338786924191152083e+00
1.340366160575634291e+00
1.347137176725349050e+00
1.351291376317212301e+00
1.347758076082588463e+00
1.339128610912025952e+00
1.328493565077798255e+00
1.323803133364236828e+00
1.334229046661482343e+00
1.351690121715213300e+00
1.370509435518481478e+00
1.378738823723151929e+00
1.365029580245412433e+00
1.343859322285931857e+00
1.326277296283766782e+00
1.319015006352368680e+00
1.324963723624578593e+00
1.341457887774398783e+00
1.356315828450003647e+00
1.361167902884698577e+00
1.358319211145036398e+00
1.347689814134631625e+00
1.340861443034850664e+00
1.343543974363582194e+00
1.348314608261937275e+00
1.354562308635009371e+00
1.357839983438615894e+00
1.351706805862171734e+00
1.341951396290019805e+00
1.335161180231384748e+00
1.333016144430397398e+00
1.334534946580222092e+00
1.340795052951084809e+00
1.344919797818911800e+00
1.344251002727576028e+00
1.342386891364122148e+00
1.337857979995592306e+00
1.333396184444877619e+00
1.333846716232335305e+00
1.335433325421514938e+00
1.338950061209789766e+00
1.342649135481150946e+00
1.341189989126978954e+00
1.335379135245183368e+00
1.331747421083939065e+00
1.330501956662096141e+00
1.332072840805793801e+00
1.337418869307649860e+00
1.340859166899956767e+00
1.340824754714762257e+00
1.340699652295720412e+00
1.340986394464918741e+00
1.340097587976774252e+00
1.340284710535242230e+00
1.336606947647616339e+00
1.332140933487667933e+00
1.327712757148807432e+00
1.322932107788231226e+00
1.317613851735554453e+00
1.312698602336747511e+00
1.311696631318093997e+00
1.313336383270810925e+00
1.317215483957516531e+00
1.320780207656406358e+00
1.321813457298872230e+00
1.323940369110861548e+00
1.325460597082864123e+00
1.326545678667907735e+00
1.327489511120694354e+00
1.326921765165229417e+00
1.323255849996554101e+00
1.318474012241483528e+00
1.312607211079423353e+00
1.310885012357541957e+00
1.311180878912698411e+00
1.315750831334649096e+00
1.322071990573522982e+00
1.330445895160955017e+00
1.338513763772573917e+00
1.344237061025180369e+00
1.350876632111955633e+00
1.355427750891138539e+00
1.358724193199553731e+00
1.355385726807381008e+00
1.351186958266701321e+00
1.342690609796854062e+00
1.331817997043800661e+00
1.322913346435044657e+00
1.316953670016467459e+00
1.313668668005116391e+00
1.319913767563519746e+00
1.328736118926064469e+00
1.343632856427071864e+00
1.355582300593261680e+00
1.360863220966659792e+00
1.359617598367993674e+00
1.351754279090302102e+00
1.343984250762781052e+00
1.337906689369718238e+00
1.331314202989689610e+00
1.326831452962286662e+00
1.321535851056836686e+00
1.315267431505764639e+00
1.310911924577119692e+00
1.309369228980653999e+00
1.315025162668992387e+00
1.325246386780808416e+00
1.337159092485576295e+00
1.345300717793971312e+00
1.348682789845593533e+00
1.343728637660567271e+00
1.334504757614520809e+00
1.324607605212403394e+00
1.322218275179185554e+00
1.323973032218575874e+00
1.334548416051002606e+00
1.343401320287471945e+00
1.347712615508480871e+00
1.348557787483821491e+00
1.348853196711382374e+00
1.350256669485774497e+00
1.354739661747237367e+00
1.353070610179880395e+00
1.345403906819163220e+00
1.325093456430207706e+00
1.302867703372318386e+00
1.285577226641062332e+00
1.283510485193737782e+00
1.301036691304549464e+00
1.324921954629704413e+00
1.347893527205371145e+00
1.360200548795886144e+00
1.369131595460530315e+00
1.367528772764595058e+00
1.361438873330136579e+00
1.351443168542888706e+00
1.337433338912742187e+00
1.323581161081724522e+00
1.312608902525619126e+00
1.309743507574170129e+00
1.315329793292527194e+00
1.326837235551690641e+00
1.336988044204109771e+00
1.346029170095450533e+00
1.348585407489109933e+00
1.351251358195984409e+00
1.351579344152701534e+00
1.350242510081483882e+00
1.347619467537672477e+00
1.342735066865945459e+00
1.334598973782397557e+00
1.328345662992167719e+00
1.324253183892154517e+00
1.322220448703176787e+00
1.322314624563963648e+00
1.324908936405675641e+00
1.325261371395177301e+00
1.325593886451527981e+00
1.324393493874933103e+00
1.327246619282704820e+00
1.338076489506472733e+00
1.353226866502447390e+00
1.365097263968798824e+00
1.362402432833457855e+00
1.350320693344137624e+00
1.328169904252728628e+00
1.310755605277654112e+00
1.304885166795695550e+00
1.308242845215079830e+00
1.320634963995342970e+00
1.326854609740477642e+00
1.327216681216468297e+00
1.326554623737846716e+00
1.331091413354292152e+00
1.343771931510814088e+00
1.354263679903118245e+00
1.356808650211112965e+00
1.353120767070249197e+00
1.345448469484554321e+00
1.340817427128532024e+00
1.337042921154508290e+00
1.331809986157236780e+00
1.320941994071846537e+00
1.309661742102361082e+00
1.302881025508468182e+00
1.304867822827880497e+00
1.319036717736036257e+00
1.335601437790976176e+00
1.354420859597970095e+00
1.366990479216231069e+00
1.372553908050649252e+00
1.366909963516188542e+00
1.346884108415804082e+00
1.292847381773229998e+00
1.208204694192893225e+00
1.043743578382554604e+00
8.475662407601053383e-01
6.139111311639331436e-01
5.285341578606816970e-01
7.070416841129807395e-01
9.796347873673433293e-01
1.220201058329736910e+00
1.391026038344387095e+00
1.465603081833161347e+00
1.505355262340504874e+00
1.556343315125467308e+00
1.640868606161730581e+00
1.748149874097887357e+00
1.864179755501091496e+00
1.950605591133932837e+00
1.992469235252120496e+00
2.023908632380435613e+00
2.017573178196158334e+00
2.000084855817481522e+00
1.973205770242227652e+00
1.955568425339599958e+00
1.946341641861476068e+00
1.940365611918585920e+00
1.931486687432450333e+00
1.900945024476260237e+00
1.862157194139884675e+00
1.814271344320695034e+00
1.775075446669727830e+00
1.741819655661083432e+00
1.713076311180940836e+00
1.685092636073789230e+00
1.652524009054552989e+00
1.594659733196603035e+00
1.515601157304856672e+00
1.390116469319458758e+00
1.264582385734188685e+00
1.157855565878866289e+00
1.179365620540369086e+00
1.460903102902769701e+00
2.107975183711862321e+00
2.964050869596020821e+00
4.157188788160354420e+00
5.758673355761836810e+00
7.187292380631876476e+00
8.579900187310100179e+00
9.842327039161462565e+00
1.101655004333343868e+01
1.200081578934474535e+01
1.265906938807569837e+01
1.301506517352085979e+01
1.290944691175745085e+01
1.264617784889924756e+01
1.227177461983045781e+01
1.199654379316184460e+01
1.183276037889371857e+01
1.165915118190805622e+01
1.124780357328940816e+01
1.042985645891394775e+01
9.459920136857340012e+00
8.290685761631060302e+00
7.278430552019095501e+00
6.509317123290045970e+00
5.981610879966114958e+00
5.697493438968928459e+00
5.507369977607187828e+00
5.390125452746809209e+00
5.279690059964979199e+00
5.139252835084201720e+00
4.975908070053344900e+00
4.749957685022046405e+00
4.511130654901274184e+00
4.242774813789791821e+00
3.996052068111600519e+00
3.793146351908135649e+00
3.647951179605477989e+00
3.559755907493939553e+00
3.575000120746850918e+00
3.673239882586079919e+00
3.934945510168851079e+00
4.284633137880184961e+00
4.789971384341455085e+00
5.327149142827709127e+00
5.947425673710853289e+00
6.553003406877720316e+00
7.188203119243766537e+00
7.800221465160204204e+00
8.464403652742406692e+00
9.120673868710907684e+00
9.854860141017629971e+00
1.062234872427402443e+01
1.133638966549650640e+01
1.201071419658806150e+01
1.261005768495291157e+01
1.316567235098322008e+01
1.368377771572598256e+01
1.420319724669069039e+01
1.468999097589287040e+01
1.516760490555176411e+01
1.560491337159514558e+01
1.603087616494962475e+01
1.641869338199453310e+01
1.679744293177565595e+01
1.714087136280734924e+01
1.746213634517168600e+01
1.774459855201328295e+01
1.800189458490438810e+01
1.823380946806969760e+01
1.845826264126943883e+01
1.868520207499870622e+01
1.891227003249860772e+01
1.916243458186007587e+01
1.940680950274913386e+01
1.966757576382775596e+01
1.991603121670881649e+01
2.017429722243330303e+01
2.041667494421772844e+01
2.065628462436018609e+01
2.086895125647558658e+01
2.105233066572789014e+01
2.120649296674858064e+01
2.133129483444185936e+01
2.144283974761491507e+01
2.153695622457929915e+01
2.161609582294874343e+01
2.166824652951248709e+01
2.170238352039077157e+01
2.170438192700554580e+01
2.170340509319595412e+01
2.168916658242814677e+01
2.166604171548944890e+01
2.162969089892171581e+01
2.154188584226659486e+01
2.142987176811681138e+01
2.125982311540512271e+01
2.108857224553146636e+01
2.091281581322281014e+01
2.076511196170658735e+01
2.064535230069017402e+01
2.054495469190002765e+01
2.045510579725727140e+01
2.037505400083994900e+01
2.030060443886567967e+01
2.023306494205141348e+01
2.016244106918356138e+01
2.008860844524499711e+01
2.000089891708610068e+01
1.991578345134055539e+01
1.982709637426826177e+01
1.974605425573139783e+01
1.966469054596172228e+01
1.956669967527572851e+01
1.946364700847014717e+01
1.934293597333075709e+01
1.924032865680160143e+01
1.916696624420428918e+01
1.913132719850109709e+01
1.914433014539883260e+01
1.917647854473289826e+01
1.922527013360627990e+01
1.926762736535642162e+01
1.928761193636100657e+01
1.928760108034418153e+01
1.924875607959128843e+01
1.919922130330937549e+01
1.914357318300571009e+01
1.910393891465435345e+01
1.910404925401445553e+01
1.913399438083408555e+01
1.920692276642776974e+01
1.931201441513767847e+01
1.942286506451252848e+01
1.955687837987119337e+01
1.968571540517915963e+01
1.981822670597029301e+01
1.993183327082094891e+01
2.002024149640936912e+01
2.008191942564994292e+01
2.010437297787007438e+01
2.010757229844763927e+01
2.008204078989676233e+01
2.004828320238576467e+01
2.000151559547338209e+01
1.995705607748013222e+01
1.991306980092102208e+01
1.987140800919830497e+01
1.983339696774596916e+01
1.980206368063837630e+01
1.977500788996404779e+01
1.974882867908358008e+01
1.973003320811611871e+01
1.971785243963742928e+01
1.971970620324581347e+01
1.974164156590961383e+01
1.976433948026907572e+01
1.976331089882093295e+01
1.974000939795000420e+01
1.967332721464117640e+01
1.960625006746035481e+01
1.954804210477881554e+01
1.951079303690585576e+01
1.949444002459576453e+01
1.947128640548446654e+01
1.942621364790121774e+01
1.936859272670596255e+01
1.930361737804990341e+01
1.924765290314432775e+01
1.919929045312617433e+01
1.914893347799056755e+01
1.907424521752363944e+01
1.898105273837450468e+01
1.889424632950225558e+01
1.882256290308730229e+01
1.877301340758947390e+01
1.874999736414657647e+01
1.873932182952750836e+01
1.873741124369129096e+01
1.873521221445744089e+01
1.874182503546192180e+01
1.876098383909896228e+01
1.882085887619198772e+01
1.890349559696404569e+01
1.902032189210030566e+01
1.912360900482265436e+01
1.919452284567032407e+01
1.923683411210824445e+01
1.925636476218250692e+01
1.927097372279369480e+01
1.928023471900907992e+01
1.927272829597441728e+01
1.925607245596716410e+01
1.921634243482839111e+01
1.917759792387483841e+01
1.913975030138202627e+01
1.911004751115188327e+01
1.908908381510385510e+01
1.907122158724078531e+01
1.905702376781490415e+01
1.904202317260881827e+01
1.902846782442228957e+01
1.901269361809965375e+01
1.900039127991979626e+01
1.899159105182342344e+01
1.899229680000332365e+01
1.899394469122814044e+01
1.898608894052764384e+01
1.897070142268989557e+01
1.894137270916004923e+01
1.890800028439668878e+01
1.887402451295641725e+01
1.884831981577899640e+01
1.882636771395255693e+01
1.882275041301031138e+01
1.883275049166600468e+01
1.886858887408986973e+01
1.890975542874728177e+01
1.895668079568201136e+01
1.899893979071119077e+01
1.903089412085091681e+01
1.905341889554224011e+01
1.905487291465542654e+01
1.904267708091330746e+01
1.900911687023834418e+01
1.897336230965155224e+01
1.893432131078611036e+01
1.889842515514605026e+01
1.887304160296238464e+01
1.885246329207496530e+01
1.883276148216989654e+01
1.881426198872993183e+01
1.880150074851018260e+01
1.879438929651320223e+01
1.878804334548943800e+01
1.877932143195342007e+01
1.876379409226569450e+01
1.873619065779247705e+01
1.870672152938608690e+01
1.866781687549708835e+01
1.862244765759283993e+01
1.855457119952207279e+01
1.847536440422686255e+01
1.837558334949576277e+01
1.827545842402452436e+01
1.818120348482467818e+01
1.810171825016348990e+01
1.804003701060266351e+01
1.798562659066125136e+01
1.793790719088731933e+01
1.789939436146332241e+01
1.786742687981011457e+01
1.784590180771907697e+01
1.783508159865656495e+01
1.783369704025525238e+01
1.783490235975128613e+01
1.783461098073092188e+01
1.783109737504940995e+01
1.783362566931974058e+01
1.784560380475967634e+01
1.788140363572560787e+01
1.792635751570404778e+01
1.798674815437801655e+01
1.804224123149247205e+01
1.808809951140237970e+01
1.812476419835557451e+01
1.815684974801030904e+01
1.819064209271478560e+01
1.823208655692831215e+01
1.827536587279950808e+01
1.832450501014130850e+01
1.836570814082693914e+01
1.839316449556326560e+01
1.841174751102151319e+01
1.842811863556486429e+01
1.845387166456497496e+01
1.847681509807361167e+01
1.848635037584620022e+01
1.847705963574480492e+01
1.844016707461646121e+01
1.839557223529468999e+01
1.835110231160136607e+01
1.832198796163432419e+01
1.831602812275286851e+01
1.832233272553817116e+01
1.833471625605984201e+01
1.833270234612524519e+01
1.829816042960412048e+01
1.824601406596156039e+01
1.816540961758024864e+01
1.809310795176884312e+01
1.804568354597727620e+01
1.803585546148457652e+01
1.804268271051056871e+01
1.805674981672175150e+01
1.806157574525202136e+01
1.805154767001137373e+01
1.803883189792002639e+01
1.802386474055276011e+01
1.801112025048442078e+01
1.799114866322061701e+01
1.796228668228797432e+01
1.791143938812528802e+01
1.785673630378101961e+01
1.780109996948205264e+01
1.775982663000987927e+01
1.773763824435502556e+01
1.772341995268446979e+01
1.771319551511773582e+01
1.770194139849787618e+01
1.769374257727157485e+01
1.770691785022907183e+01
1.772953240231005267e+01
1.776163500657515470e+01
1.778610505701832878e+01
1.779141882941183539e+01
1.778975516612629093e+01
1.779256815567193328e+01
1.780718201181840499e+01
1.783983574820894802e+01
1.787020458524384026e+01
1.787417279945860926e+01
1.785234766483671720e+01
1.779388152841602633e+01
1.773626993131616914e+01
1.768683380622540824e+01
1.765491130865080294e+01
1.765205723979063634e+01
1.766851721859213953e+01
1.769031655212133458e+01
1.772318324022270630e+01
1.776007206078055134e+01
1.779910295886877236e+01
1.782638683590482742e+01
1.782870036607337738e+01
1.781384181761334773e+01
1.777938332967490709e+01
1.774623532100059009e+01
1.772418486513283753e+01
1.771386655472333516e+01
1.771452734886364411e+01
1.771386574396873570e+01
1.770274333195490613e+01
1.769118841507774320e+01
1.768144169967443702e+01
1.767533778187330995e+01
1.766719269775101964e+01
1.763585240741977955e+01
1.759530503074979535e+01
1.754469422478847562e+01
1.750412059700304113e+01
1.749133336622196921e+01
1.749845639053439683e+01
1.752711538179631745e+01
1.754661502429716435e+01
1.755142894782071394e+01
1.754323269326465962e+01
1.752096659106451781e+01
1.749517566898289189e+01
1.746090906792131747e+01
1.742503214230610808e+01
1.738022212973200098e+01
1.734193274637951276e+01
1.730858600938600844e+01
1.727769463586681553e+01
1.724732198148225493e+01
1.720619763429012394e+01
1.715951739509074514e+01
1.711528401768433838e+01
1.708387939834644342e+01
1.707973217596473248e+01
1.709345270995245869e+01
1.712242705230257300e+01
1.713826257111464102e+01
1.712609091914918125e+01
1.710506549695481482e+01
1.708373498242278288e+01
1.708698734749148329e+01
1.713437733495746329e+01
1.719449629864844198e+01
1.726127103802987506e+01
1.731173512592521746e+01
1.733211032132151885e+01
1.734084951239753991e+01
1.735634343461761731e+01
1.738630925659258253e+01
1.741877108823871367e+01
1.744415007838043152e+01
1.745367284008068154e+01
1.743741805415876556e+01
1.741765628507917185e+01
1.738781002900284633e+01
1.735306134309894688e+01
1.729320249608348448e+01
1.722441054212962186e+01
1.714110640231574934e+01
1.707153519498375260e+01
1.703569452685334440e+01
1.702150399332591491e+01
1.703695796433597565e+01
1.705407005402466680e+01
1.706055615078989618e+01
1.705340280826832355e+01
1.704240967982899235e+01
1.703740709128692643e+01
1.703661195806170170e+01
1.704123446371802331e+01
1.704037303835514905e+01
1.702732194436147850e+01
1.700877713651575363e+01
1.699399144891881974e+01
1.698730377450244333e+01
1.700314883725029347e+01
1.702489536171711748e+01
1.704892991541994007e+01
1.706577757404206253e+01
1.707502925653069070e+01
1.708540749144125570e+01
1.710561055956243948e+01
1.715083510630902097e+01
1.719930390840597312e+01
1.723454864277982779e+01
1.724216318731275166e+01
1.722766804286514741e+01
1.721295615481414387e+01
1.721696429849890819e+01
1.723160970835557393e+01
1.724141777568692291e+01
1.722771382282103048e+01
1.716785494190202854e+01
1.709225753412480131e+01
1.701450349380001725e+01
1.695879534722245197e+01
1.694088860259608609e+01
1.693363373251143145e+01
1.692784735364417514e+01
1.690764141939762055e+01
1.688136563373928922e+01
1.685513300615836130e+01
1.683725169000722133e+01
1.683484694332639364e+01
1.683507664952215066e+01
1.684189330161680687e+01
1.684465800281109793e+01
1.685723404358467192e+01
1.687064698913230743e+01
1.688574746217451406e+01
1.689936290427050380e+01
1.691027337319834700e+01
1.692186861460131198e+01
1.693102222832561310e+01
1.693626453627720707e+01
1.693081063055815250e+01
1.691612269819035674e+01
1.690214864788657323e+01
1.689253245914519397e+01
1.689034363489017210e+01
1.690078252737715658e+01
1.691206392054872865e+01
1.692400450575967952e+01
1.693395940109332543e+01
1.693528264627258650e+01
1.692452109523975423e+01
1.688944902789899061e+01
1.684162817451263550e+01
1.676862192045727795e+01
1.669087449421846969e+01
1.660711341875349589e+01
1.652798332836328044e+01
1.645755440778915712e+01
1.639740399754309763e+01
1.635223111337067081e+01
1.632426332857562556e+01
1.630489154636095961e+01
1.630268920289265111e+01
1.631615358550538630e+01
1.635995546216226515e+01
1.641949725197631338e+01
1.648913828520713309e+01
1.654822695710793568e+01
1.659415451079150117e+01
1.663012966405311843e+01
1.666577646797695067e+01
1.670361986947824207e+01
1.674703731194883005e+01
1.678613144076350139e+01
1.681645983923938559e+01
1.684115316411643448e+01
1.687154610226919615e+01
1.691471418123933290e+01
1.695143611655339910e+01
1.698000419411951611e+01
1.699585772791795790e+01
1.701118087718687022e+01
1.704252837103221907e+01
1.710317671613774593e+01
1.716523847220638288e+01
1.719771241642465753e+01
1.718252362594013150e+01
1.708192396616005482e+01
1.696581903794010415e+01
1.684179085071274429e+01
1.674719914804398613e+01
1.668151836723098924e+01
1.662788819612871904e+01
1.656719249097946545e+01
1.651255797202535902e+01
1.646965824549326385e+01
1.646508974134757253e+01
1.648316309428630788e+01
1.652573884492703726e+01
1.655688158819143752e+01
1.655763508538220208e+01
1.653701041319983034e+01
1.649008859971148766e+01
1.643539602097101238e+01
1.637448325150291595e+01
1.632176720422932803e+01
1.628183919156932191e+01
1.624876709348472303e+01
1.623254419533670045e+01
1.622726795621389329e+01
1.623033206515566818e+01
1.623715847462704076e+01
1.624215980477116972e+01
1.624007945126494690e+01
1.623421385205940126e+01
1.622406333268942191e+01
1.621037689237046564e+01
1.618599143912571847e+01
1.616238661375163943e+01
1.614453350961697353e+01
1.614855414448579651e+01
1.619381444818111149e+01
1.625239528069978689e+01
1.631653272854062564e+01
1.636291710973421587e+01
1.637068754742613663e+01
1.635997282882069470e+01
1.633988999808425646e+01
1.633220401553225898e+01
1.634544259926075327e+01
1.636845337440125192e+01
1.638226749428764961e+01
1.637819092399981358e+01
1.636506499854133523e+01
1.634164421347680474e+01
1.632023775217698258e+01
1.629839447765386495e+01
1.627724505953092660e+01
1.624382640891579399e+01
1.620916652174782513e+01
1.616625869622263068e+01
1.613143498280483712e+01
1.611240463665001954e+01
1.609999367794390679e+01
1.609509396632003586e+01
1.609224625520293728e+01
1.609868542660250057e+01
1.611088496124977709e+01
1.613682365360051563e+01
1.615809165555637250e+01
1.616761167373468666e+01
1.615844428446421688e+01
1.613828878076515849e+01
1.610502603075272887e+01
1.605895875338086753e+01
1.598129216085468585e+01
1.588730453345587001e+01
1.576167229638180522e+01
1.564612488249231603e+01
1.555302439422071004e+01
1.548363443216168278e+01
1.543221533529637313e+01
1.537723339792055022e+01
1.531665024947048082e+01
1.525779419280330984e+01
1.520965843378223958e+01
1.518862715929231300e+01
1.517848921828786679e+01
1.515863981474783984e+01
1.513073197331730668e+01
1.508671048698359840e+01
1.505129911328179837e+01
1.504131745895578121e+01
1.504452605174480695e+01
1.507188196067277808e+01
1.509767149037826783e+01
1.513123648343500349e+01
1.517226867753356245e+01
1.523658899941368006e+01
1.530974773631921160e+01
1.540131599495328096e+01
1.548305548893578987e+01
1.554621189860834285e+01
1.559304172323262350e+01
1.563193800549558254e+01
1.568552606722082743e+01
1.574749816492242616e+01
1.582779139732390661e+01
1.590069230011162560e+01
1.596324210521827780e+01
1.600893614641467266e+01
1.604505546416054429e+01
1.608135801648148799e+01
1.612722498936853555e+01
1.617523343152612014e+01
1.621437218817825610e+01
1.623776824800903995e+01
1.623203271781821044e+01
1.621293060970973343e+01
1.616976986652074544e+01
1.612759404452416589e+01
1.608943265182028526e+01
1.607648193577476192e+01
1.607575568107463226e+01
1.608568821029728113e+01
1.608088866941324113e+01
1.603924029510933735e+01
1.597836793596257898e+01
1.589689410113918377e+01
1.581487373502137750e+01
1.573844321017118020e+01
1.566566757555304434e+01
1.558816879578547443e+01
1.551267536904672895e+01
1.544457565002169019e+01
1.538721376330308743e+01
1.534355274076037112e+01
1.531053054581637340e+01
1.528480497746070554e+01
1.526625258205272750e+01
1.525563111002714223e+01
1.526508098172782546e+01
1.528882433498485405e+01
1.532956827981947612e+01
1.536625830689264660e+01
1.539082308222464768e+01
1.539780245519255963e+01
1.538085701560498286e+01
1.536237432231405542e+01
1.535074313311908334e+01
1.535542826274084227e+01
1.539896974907619231e+01
1.546032607772873391e+01
1.554419671558422777e+01
1.562217263896775954e+01
1.569978846787739180e+01
1.577198031767583863e+01
1.584831722778075935e+01
1.592997842932628139e+01
1.600370019151933931e+01
1.606059650733456579e+01
1.610350650578435960e+01
1.613132420726391913e+01
1.615591633924016080e+01
1.619651397862439879e+01
1.624399409457840449e+01
1.629573590285064100e+01
1.633226072489316039e+01
1.633722561315536836e+01
1.631682496264777171e+01
1.626371038368385413e+01
1.620462184569904451e+01
1.613525528083972560e+01
1.606690764367938229e+01
1.598806204428397848e+01
1.589927897725025474e+01
1.581506113207531250e+01
1.573846839676243548e+01
1.568391064058669215e+01
1.565219812830744850e+01
1.563215264300454521e+01
1.561136476364684711e+01
1.557909374978573602e+01
1.552129361782601080e+01
1.545528538637834437e+01
1.538394718239510262e+01
1.532845194736569638e+01
1.528872243435300327e+01
1.525431428257241784e+01
1.522851410562621943e+01
1.519982402558687262e+01
1.517840841792785156e+01
1.516422056840884913e+01
1.516761000945303017e+01
1.518613387880406229e+01
1.520505304457204154e+01
1.522051426088727055e+01
1.523555265066860720e+01
1.524839950843147207e+01
1.526047841053676635e+01
1.526577302479153531e+01
1.526120976093288206e+01
1.523125233242864418e+01
1.519019620672948712e+01
1.514530022336798076e+01
1.511956183215021454e+01
1.511834747001071122e+01
1.512624721554546880e+01
1.514256792780825656e+01
1.515107496671781995e+01
1.513703593281181092e+01
1.511133985360885390e+01
1.509103352268130394e+01
1.507993604578840419e+01
1.507705523816076543e+01
1.507486045222294990e+01
1.507224378517200947e+01
1.505792435450464950e+01
1.503298687683575352e+01
1.499822118599484533e+01
1.496268318918581741e+01
1.493008208501443335e+01
1.490818424494364258e+01
1.490617759316247337e+01
1.491994661340506489e+01
1.495651457094800918e+01
1.500549336987851667e+01
1.507155175115137347e+01
1.513352435397457008e+01
1.519068839679679428e+01
1.523518298345054056e+01
1.527180721401962593e+01
1.530184393422187128e+01
1.532901878075994340e+01
1.536497006667335619e+01
1.540858668018470468e+01
1.546353609926918793e+01
1.552136257048911538e+01
1.557920631018871482e+01
1.562823087307246617e+01
1.566277621744836068e+01
1.569041734497316298e+01
1.572056688931315271e+01
1.575875361663671370e+01
1.581503575091262803e+01
1.587489027818462617e+01
1.592815006714886295e+01
1.595633911475277067e+01
1.595955399963615662e+01
1.593429514360779642e+01
1.590955457206657897e+01
1.590386967565797427e+01
1.591485369407718764e+01
1.594877580378551407e+01
1.597437819687491967e+01
1.597257197508154469e+01
1.595242106417485317e+01
1.590791306359835744e+01
1.585850219685956830e+01
1.580805349143579441e+01
1.576464436379914424e+01
1.573405005135378332e+01
1.570825324119844879e+01
1.567985686625354091e+01
1.564276170772293995e+01
1.560378701441721638e+01
1.556242528349228493e+01
1.551901436985615490e+01
1.547347948020242825e+01
1.542728068144218589e+01
1.537297723575410657e+01
1.532739993088160269e+01
1.528804041830228400e+01
1.526122368924821338e+01
1.524958614919452060e+01
1.524087106523461976e+01
1.523078770524098324e+01
1.522120226533860965e+01
1.520857831520685721e+01
1.519529537117848683e+01
1.518468391883943092e+01
1.517934190991926791e+01
1.517095225404220571e+01
1.515339497923195111e+01
1.512537773512854145e+01
1.507828196610769389e+01
1.502617851448937714e+01
1.496104653545329910e+01
1.490064440664633949e+01
1.485007469327716301e+01
1.481254083358468954e+01
1.479124299620286287e+01
1.476772007259760677e+01
1.474115778816124589e+01
1.471440808881648898e+01
1.469677767826240178e+01
1.469218254163827808e+01
1.471889946903216817e+01
1.475833501117635826e+01
1.480553498314024985e+01
1.484626883633491978e+01
1.487661501965132871e+01
1.489499695701753090e+01
1.490780661447250921e+01
1.491230259744109432e+01
1.490896514226810154e+01
1.490839670153067864e+01
1.491065702458698716e+01
1.493030512838040558e+01
1.495185838545430457e+01
1.498523714156616471e+01
1.502032591257731475e+01
1.506460668766416688e+01
1.511424476431765029e+01
1.517450186181995164e+01
1.522471783613278795e+01
1.525924147379571494e+01
1.528269441963344732e+01
1.529815156396480802e+01
1.532447316646801028e+01
1.535621069855781684e+01
1.538653861350369212e+01
1.540549241589489959e+01
1.540710923027685730e+01
1.539654432502892689e+01
1.537576386504940373e+01
1.536217318280858279e+01
1.536968980443217525e+01
1.539056461337506754e+01
1.542080321077888527e+01
1.543991325962063144e+01
1.542813021456506206e+01
1.539598242313461540e+01
1.533166819761421173e+01
1.526385009723345654e+01
1.518944558711674020e+01
1.512122961175477087e+01
1.507485896361976785e+01
1.505867630539176538e+01
1.506550562241105240e+01
1.510584599624683300e+01
1.514864256721635627e+01
1.518804943209368297e+01
1.521177408695908007e+01
1.521785019642363324e+01
1.522583747173759150e+01
1.525591229302404095e+01
1.530224496731551476e+01
1.537212939084517416e+01
1.543714852080480604e+01
1.550600604474121091e+01
1.556675087272594560e+01
1.562598391180366342e+01
1.567386589269172426e+01
1.570342952232205924e+01
1.571165695038986065e+01
1.571619611444989495e+01
1.573249114000847015e+01
1.577237976175535650e+01
1.585976969019096394e+01
1.595838667134262856e+01
1.607241240180378483e+01
1.617089812396015347e+01
1.625323863904744925e+01
1.632507660368655067e+01
1.640307073504278179e+01
1.648214160750419666e+01
1.656091105381370454e+01
1.662314597898896551e+01
1.665368758016944639e+01
1.665541172659739644e+01
1.662029514678587461e+01
1.657209070998062117e+01
1.653552503393418149e+01
1.651847121992691925e+01
1.650827667153891909e+01
1.649554424247981643e+01
1.647288175189724058e+01
1.642940767247450040e+01
1.638170923735981788e+01
1.633553292865959605e+01
1.629413110926817865e+01
1.625356991370809823e+01
1.621345121774599107e+01
1.617069472056549984e+01
1.612785658427411661e+01
1.608756702694876140e+01
1.605359668644936377e+01
1.601885531188249345e+01
1.597426913447754693e+01
1.592318569341288992e+01
1.587184044772924274e+01
1.583016395037679303e+01
1.581019341453234794e+01
1.580474987031028711e+01
1.580456252997915279e+01
1.579928739819834327e+01
1.578445894284707762e+01
1.577174232711842627e+01
1.576583910243695108e+01
1.576887587745001440e+01
1.578677406630553470e+01
1.581129975281507427e+01
1.584679997274591656e+01
1.587975218336769245e+01
1.590096260075892509e+01
1.590079279966772496e+01
1.585675488928683663e+01
1.578652334155966130e+01
1.572490868798305641e+01
1.568461109412053567e+01
1.567418517650863485e+01
1.568707794660245192e+01
1.569103030126565734e+01
1.566136126095499925e+01
1.561160635243996886e+01
1.555787279538549228e+01
1.557479794216168933e+01
1.579642647640136488e+01
1.624209051457492947e+01
1.705001865853240162e+01
1.807124088599800515e+01
1.947696556756621789e+01
2.105313137437504878e+01
2.304978223974022811e+01
2.536148884886139854e+01
2.767619244440378523e+01
3.020349122109629292e+01
3.264805304650122508e+01
3.522344964386899591e+01
3.767501047488127597e+01
4.019621576676160402e+01
4.255009314075378057e+01
4.488039497876579986e+01
4.700664758945524113e+01
4.903886568168046978e+01
5.086233493324448318e+01
5.256851617400785415e+01
5.409630785259816577e+01
5.550862253268370239e+01
5.678573494233511809e+01
5.789294773009479655e+01
5.885885223195339222e+01
5.967290640760467113e+01
6.033236529152227234e+01
6.084548083414495068e+01
6.113108866783007045e+01
6.124019556944008258e+01
6.101937461581416500e+01
6.063558064308186601e+01
5.994092735348259282e+01
5.917231125151755577e+01
5.820010998051612461e+01
5.722742192876723522e+01
5.609488360054977818e+01
5.483547416602918645e+01
5.360645810348062668e+01
5.224680887550401565e+01
5.095102726782111091e+01
4.958255408009695486e+01
4.829661098090319626e+01
4.696709502021825955e+01
4.572189814482744907e+01
4.444325344336154160e+01
4.325490938472326263e+01
4.204942020940963943e+01
4.093644195159598098e+01
3.981206334515616874e+01
3.877056961103306776e+01
3.772981504327890434e+01
3.677854552746526196e+01
3.586046536971055332e+01
3.500686561904484506e+01
3.424460243566207396e+01
3.353101948819203670e+01
3.289626090246411394e+01
3.231097487328726459e+01
3.179833457026025201e+01
3.133149726715097572e+01
3.091397583478179811e+01
3.051830663192422222e+01
3.015767404883834857e+01
2.983412684747609944e+01
2.956572621875243101e+01
2.938023375541437332e+01
2.927356563083680996e+01
2.929131252837349209e+01
2.938888296048545001e+01
2.961983277469312625e+01
2.997678502137630829e+01
3.041095007185526455e+01
3.100605402741180683e+01
3.166335216204256753e+01
3.246848542578044317e+01
3.330795496790678101e+01
3.427917354546330131e+01
3.526586685883316363e+01
3.636215666781096445e+01
3.743145915397453649e+01
3.855774933228948242e+01
3.961693990790021758e+01
4.068423744463711955e+01
4.168162562474182664e+01
4.268033530875546688e+01
4.365843000099527416e+01
4.455271084781986701e+01
4.540247406788362383e+01
4.616085786418935299e+01
4.686382994423426140e+01
4.749098274270242825e+01
4.808206009158207905e+01
4.860355173221176273e+01
4.906791607261595800e+01
4.946381321514409279e+01
4.979266145068805116e+01
5.007553319360072663e+01
5.031371249696739767e+01
5.049974460223554473e+01
5.057930546987437026e+01
5.050204320970842531e+01
5.032845535582022478e+01
4.999029088775490237e+01
4.962161103969978626e+01
4.917235107586702014e+01
4.872930775588235264e+01
4.821449576594179121e+01
4.769179130643821907e+01
4.709091631788020749e+01
4.650605707601762617e+01
4.588729527939759123e+01
4.531339030399916368e+01
4.472702773957064437e+01
4.417409081751920041e+01
4.359027955244778241e+01
4.299781556397131510e+01
4.245316561437561376e+01
4.192567382348231320e+01
4.146249370729315586e+01
4.102741844810650207e+01
4.063299799527823808e+01
4.024600732487577659e+01
3.989294097212922452e+01
3.954725616395867149e+01
3.923248251602238668e+01
3.892578751012696614e+01
3.864477913414314258e+01
3.837821459609886432e+01
3.813306478238319386e+01
3.790415228475464460e+01
3.769472602768521341e+01
3.750092196518701826e+01
3.733118305524727276e+01
3.718089905880182044e+01
3.704927746298550773e+01
3.693657077179140202e+01
3.683072299383051273e+01
3.672947301279227617e+01
3.663152080959056889e+01
3.654550289430641641e+01
3.648121999719930386e+01
3.644377622062599187e+01
3.645567096155446052e+01
3.650251033381604771e+01
3.661062624026288859e+01
3.673993195025831682e+01
3.690668562286911225e+01
3.709667555555046192e+01
3.729720595727463461e+01
3.752887148254968253e+01
3.776668798443900954e+01
3.803979570522340481e+01
3.831375142238038478e+01
3.861925462430030365e+01
3.892017763089921800e+01
3.924270260547143607e+01
3.955744183232686595e+01
3.988054011002506627e+01
4.018620076077679926e+01
4.049206710272907372e+01
4.077890242316206582e+01
4.105800922528961650e+01
4.132263786009812634e+01
4.156450110202486314e+01
4.179886875452636019e+01
4.201489057400633698e+01
4.222354834051303385e+01
4.240920461472212111e+01
4.258664600025354474e+01
4.274821242217419837e+01
4.289316937653857309e+01
4.301611987710497687e+01
4.312047507787840317e+01
4.321196699130712915e+01
4.329551014867989522e+01
4.337222262755860669e+01
4.345355249117379515e+01
4.353492848747374211e+01
4.360045242253114850e+01
4.364346885585068492e+01
4.366784116074924782e+01
4.365834179652120639e+01
4.363510395227045535e+01
4.358715866654096516e+01
4.352011543656865200e+01
4.341856263477410494e+01
4.329657834868751820e+01
4.313216224030955459e+01
4.295573245278377073e+01
4.274738566835142706e+01
4.252861718911675126e+01
4.232304502885097008e+01
4.209845202282487264e+01
4.188409283796345051e+01
4.165788131024009999e+01
4.144649777497492238e+01
4.123370309298744729e+01
4.103789828795566308e+01
4.084855099055566541e+01
4.067545334038481997e+01
4.050430572766111226e+01
4.035159116410355296e+01
4.020179878061451006e+01
4.006576430890640239e+01
3.993393963859431040e+01
3.981596843421748133e+01
3.969790392170379789e+01
3.958695063549728133e+01
3.948607875650261434e+01
3.939256633414915854e+01
3.931000300740384290e+01
3.923482891395082106e+01
3.917131014180519344e+01
3.912151137057347228e+01
3.907787384027778188e+01
3.904048462521182472e+01
3.900839826828652690e+01
3.897525360931933136e+01
3.894249146874377487e+01
3.890960058188738202e+01
3.888190973861674848e+01
3.885774826300925611e+01
3.883676855983202358e+01
3.881783746594178552e+01
3.880526735827365314e+01
3.879751179161248587e+01
3.879791273696495324e+01
3.880544618687212477e+01
3.881884189596572554e+01
3.883780006711880617e+01
3.886042005681115796e+01
3.889207189908964324e+01
3.893951406689227923e+01
3.899483977285679259e+01
3.907236394603089025e+01
3.915209611711167526e+01
3.925146272939424819e+01
3.936515880563259628e+01
3.947675437578006807e+01
3.960481791155459064e+01
3.972388923452588472e+01
3.984928534713462511e+01
3.997299623698690141e+01
4.010681340463289501e+01
4.024195553865471453e+01
4.038985830879367001e+01
4.053086078514477464e+01
4.066884722466441104e+01
4.079871673346283245e+01
4.092786850438725565e+01
4.104996468573231283e+01
4.117728923242332684e+01
4.130180723335340787e+01
4.140975723854583634e+01
4.150678258272775167e+01
4.159431467461640608e+01
4.168892384072999846e+01
4.178107540723859614e+01
4.188225927120581105e+01
4.196873482402934030e+01
4.204090726640770725e+01
4.210171045098922349e+01
4.217123981432660429e+01
4.224999800406055783e+01
4.234922265410649089e+01
4.244433918600029898e+01
4.253901689127924612e+01
4.260887082191624842e+01
4.265846337667372978e+01
4.268613674552968718e+01
4.270233087496340119e+01
4.270676099328584030e+01
4.270192274369285457e+01
4.268296545426132127e+01
4.265406441751509448e+01
4.261069707015207086e+01
4.256730466834038396e+01
4.252157218109368841e+01
4.247444172582206789e+01
4.242038672235933205e+01
4.236203127318853490e+01
4.228438392136641255e+01
4.219886679515430927e+01
4.212095065859097076e+01
4.203162461226440172e+01
4.194051808580142904e+01
4.183675267155190625e+01
4.172936181360001484e+01
4.161252830456046325e+01
4.149899288496003891e+01
4.139083337028161935e+01
4.129145015960003207e+01
4.118862169549468177e+01
4.108501012002477637e+01
4.097595193664138691e+01
4.087320192814584630e+01
4.076883873817254766e+01
4.066378195208771018e+01
4.056329863309492367e+01
4.045584433273810987e+01
4.035917773372586481e+01
4.026348393915975521e+01
4.018472168836814973e+01
4.012205731433492417e+01
4.006741168208306192e+01
4.001562108852814248e+01
3.996250290973087971e+01
3.990399194431800112e+01
3.984709875990335348e+01
3.979053806631637968e+01
3.973418293926101086e+01
3.967805007157320318e+01
3.962226798031087327e+01
3.957651895637020800e+01
3.954244296024955929e+01
3.951239956189169078e+01
3.948187685311180672e+01
3.945181292032088294e+01
3.941729638670125979e+01
3.938981326722998233e+01
3.937133236523596480e+01
3.935958826770283991e+01
3.935852479126834425e+01
3.935074936574571325e+01
3.934037660402341885e+01
3.933254011785109583e+01
3.932599920909625268e+01
3.932537026397505997e+01
3.931904964361671517e+01
3.929504515753989580e+01
3.925885026060296923e+01
3.920740726492777384e+01
3.915864730731285448e+01
3.911901289987127228e+01
3.909534627925381756e+01
3.908808273235441533e+01
3.908902455512675544e+01
3.909818641462599942e+01
3.910922820992750815e+01
3.912806484285785302e+01
3.916246322446913553e+01
3.920321303495109788e+01
3.925052077350208890e+01
3.929839281018013253e+01
3.934808887880950579e+01
3.939893692412310600e+01
3.946594523408733579e+01
3.953849267204094531e+01
3.962215466634879846e+01
3.970407542980477444e+01
3.978169793159275258e+01
3.985630600320853745e+01
3.992333797595847500e+01
3.998991160992495963e+01
4.005991253860101864e+01
4.013207534082175698e+01
4.019593344447409322e+01
4.025952742611627144e+01
4.031693570285789718e+01
4.037464790051937769e+01
4.042656473522446703e+01
4.047938105063512637e+01
4.052239539172814631e+01
4.055894932245125517e+01
4.059016349762305254e+01
4.062186781635342925e+01
4.065779241732055738e+01
4.070637417471527186e+01
4.075877328880571326e+01
4.081083299834705258e+01
4.085377071861363873e+01
