1.295883242074632319e-02
1.742839658079178150e-02
2.173954118545447928e-02
2.615880723108156281e-02
2.966387927532997473e-02
3.592465935588680381e-02
3.992677044691625432e-02
4.448486957781198209e-02
4.701862891673368183e-02
5.157237676842525015e-02
5.523585428900215644e-02
5.097422728398378483e-02
4.709102640032918063e-02
4.273217767897449088e-02
4.185078008446471709e-02
4.253660422709747840e-02
4.471620638347801463e-02
4.483822441860296770e-02
3.947498081503895279e-02
3.236087055441290439e-02
3.193902067345975870e-02
3.663633249656840507e-02
5.214554623262727950e-02
6.890152120212764131e-02
9.071848270435435568e-02
1.150152042092023597e-01
1.539563231619468231e-01
2.019020546078380274e-01
2.534866336015420551e-01
2.779074281578423622e-01
2.422961309694603438e-01
1.761165510229029674e-01
8.355104228590148896e-02
5.753215779581971612e-02
8.499756564370239409e-02
1.418430216121885912e-01
2.185520741806467049e-01
2.591410718615661524e-01
2.555007084818970986e-01
1.741532907001363539e-01
9.408498257408989818e-02
5.037505781000951172e-02
1.223863441913218553e-01
1.647660145039409885e-01
1.763777400795845940e-01
1.560509094691436283e-01
1.527974882734297324e-01
9.444425513046912635e-02
4.199903385170007664e-02
9.043912238299096906e-02
1.089244652946740610e-01
1.078064594013177085e-01
1.112681538796079644e-01
1.308156960308039241e-01
1.773431050854723801e-01
2.265134686759487093e-01
2.495488186416759679e-01
2.383590676859953239e-01
1.713344962501661684e-01
1.058996163033622262e-01
6.554132723176352149e-02
6.413967853019708620e-02
9.275619505335964965e-02
1.141826372096047815e-01
1.216009525884974296e-01
1.165750823660833130e-01
1.193873885516309324e-01
1.428575822059798828e-01
1.740910845306846699e-01
1.823113975630119565e-01
1.683693648405525656e-01
1.220496260939852307e-01
8.499495675971331654e-02
7.344150039164300259e-02
9.085747402729255073e-02
1.270339959910515570e-01
1.566472519198013058e-01
1.644596251609901916e-01
1.547895227765849202e-01
1.288673854467254076e-01
1.203875940600089428e-01
1.262506315078688879e-01
1.407557684294348799e-01
1.478622199266820814e-01
1.385991447705504365e-01
1.196624473449435927e-01
9.867595792609515359e-02
8.850559387393205912e-02
9.140115616127678089e-02
1.056058556316007563e-01
1.365727632453737073e-01
1.674433934457988937e-01
1.955449197198234623e-01
2.091008942566774387e-01
1.911779770371072329e-01
1.589101529404443047e-01
1.335082428348459693e-01
1.169610257414019916e-01
1.227944740116630878e-01
1.629487033788995787e-01
1.954043681420111200e-01
1.938634889526877902e-01
1.752058742149021353e-01
1.438958987432744641e-01
1.200717170913786214e-01
1.143411939336287514e-01
1.329491098073240229e-01
1.755423324370241345e-01
2.125170015995428707e-01
2.265922006509440700e-01
2.232510533018180476e-01
2.263752749969150380e-01
2.218811798852207695e-01
2.047062402800017278e-01
1.673850235080931725e-01
1.454203749144407365e-01
1.497717172900791538e-01
1.703431647841756047e-01
2.045302760960953647e-01
2.398663984460653875e-01
2.629219646657772191e-01
2.730582313390046978e-01
2.586676837921153549e-01
2.359060092975422684e-01
1.968744407915570538e-01
1.743350120339265119e-01
1.836868658978714208e-01
2.235659301638836527e-01
2.651290018072058885e-01
2.923663852954636044e-01
3.001710705378151656e-01
2.831845275969647746e-01
2.644413465320258894e-01
2.490339701912379355e-01
2.433274557548181782e-01
2.453367662707695018e-01
2.592945747522429345e-01
2.768919726262837888e-01
2.885955203841628069e-01
2.761585430215822701e-01
2.512558794629908832e-01
2.317149118341342573e-01
2.295591457301865146e-01
2.409028435507933330e-01
2.642533279445337113e-01
2.834917704515760861e-01
2.925557809141713372e-01
2.979176925425862099e-01
2.972225074053285732e-01
2.976894797319819541e-01
2.970152658629435227e-01
2.956369959290271465e-01
2.902370341162750500e-01
2.831306012845418163e-01
2.782792669848233036e-01
2.809415409112702156e-01
3.065051062367666335e-01
3.555914884485195104e-01
3.920944233588863348e-01
3.901259150886964844e-01
3.623765403286985931e-01
3.028907269583915318e-01
2.578697036150484068e-01
2.503693392098779169e-01
2.768523956051420765e-01
3.367113029766641286e-01
3.846471060189846081e-01
3.970197206334143414e-01
3.937477734778980221e-01
3.785284641295618702e-01
3.732000124499685878e-01
3.745846712047268268e-01
3.732992919561816114e-01
3.681429843566763616e-01
3.591479529715956298e-01
3.565712109239102534e-01
3.711122852758552138e-01
3.938999769684390917e-01
4.215307613085745309e-01
4.373737556801584603e-01
4.279198820215210364e-01
4.122741765787474311e-01
4.052096096609250075e-01
4.120731134906612803e-01
4.319756937977442535e-01
4.483324022552128696e-01
4.536135341151748546e-01
4.486429608995442520e-01
4.467037970367730426e-01
4.666134264715974811e-01
5.019106587235022676e-01
5.394492392835585903e-01
5.540817588968616203e-01
5.260239206296420944e-01
4.882004270320173256e-01
4.579673759778903896e-01
4.554752248128089986e-01
4.897704915678490756e-01
5.233461433005501817e-01
5.340813125112785498e-01
5.243864669169294723e-01
5.002426409565091658e-01
4.870576864795636007e-01
4.868159947867263804e-01
5.074132754634382847e-01
5.309618745934494566e-01
5.584600308205770469e-01
5.773299271136999034e-01
5.753602888628394085e-01
5.602285535997786337e-01
5.345043258171724432e-01
5.168680894705722784e-01
5.144106910043594327e-01
5.204434021612360795e-01
5.421516594385743515e-01
5.701908767534341616e-01
6.043315372495877691e-01
6.217995922619573568e-01
6.244336324175453479e-01
6.033513704190536231e-01
5.814292610835237740e-01
5.624662958761911247e-01
5.538235654024957766e-01
5.733805376385655572e-01
6.184530246600706826e-01
6.886673814288434281e-01
7.380665571565276917e-01
7.350943950650283831e-01
7.092283813495763312e-01
6.670892773662907560e-01
6.365332037053134107e-01
6.325040112197759523e-01
6.519731259913096322e-01
6.743240070575049483e-01
6.942721500088564479e-01
7.046712806450536881e-01
7.021409350570653185e-01
6.917581855795057466e-01
6.667723698336261995e-01
6.508032123222119436e-01
6.538829208178250640e-01
6.643751436931321086e-01
6.834146726848494557e-01
7.051976658400253006e-01
7.314975783948501897e-01
7.513939989696617472e-01
7.599892133240444547e-01
7.667180852159547477e-01
7.709811636063360618e-01
7.736723879836672202e-01
7.721724395045772571e-01
7.712095655258304205e-01
7.722078885576538765e-01
7.739247932921260453e-01
7.771389882502677260e-01
7.780966371025966888e-01
7.793912274708062471e-01
7.820533699290733720e-01
7.928751313051948246e-01
8.127753105788523280e-01
8.334024632311930469e-01
8.461722837882543757e-01
8.494741232671305653e-01
8.485375552316665182e-01
8.447135810532986344e-01
8.394568368729200536e-01
8.279336576864476660e-01
8.115374362755546356e-01
7.906372065510767211e-01
7.801591715057767384e-01
7.959836188694023873e-01
8.254829251978322846e-01
8.681575873154537826e-01
9.002643496364942655e-01
9.070024952401399831e-01
9.022072075510869649e-01
8.933522987507616087e-01
8.964539107552824682e-01
9.001982450836426564e-01
9.028996407040873473e-01
9.043071160297478928e-01
9.081233962364730905e-01
9.168939305601017109e-01
9.305010234684699677e-01
9.413022872405548691e-01
9.348898531174515414e-01
9.208733990337271136e-01
8.992039333101308207e-01
8.837631891881557733e-01
8.887606400891132630e-01
9.090291123802691775e-01
9.399739398453448302e-01
9.617136727121955442e-01
9.710798107756076769e-01
9.618022329663099557e-01
9.529435207139455022e-01
9.500392470019950464e-01
9.564118660682734419e-01
9.765292060299937127e-01
9.965986177313762573e-01
1.009226322333499404e+00
1.017435313868930935e+00
1.025156133925979152e+00
1.037890788207097570e+00
1.054337671836290902e+00
1.064226508683090433e+00
1.056379173504539359e+00
1.037348570731709385e+00
1.017500821850999992e+00
1.010547926763500914e+00
1.015354751175691295e+00
1.032531771451493885e+00
1.043252924976819651e+00
1.045046504216391448e+00
1.043873618872490638e+00
1.051665848900829481e+00
1.064420182281696547e+00
1.079170075866787704e+00
1.085285616384797702e+00
1.074137685438850021e+00
1.058725230603252188e+00
1.043191571130676731e+00
1.044221951433055962e+00
1.058341563375449379e+00
1.085663623551424983e+00
1.111190264492008639e+00
1.121631800894099085e+00
1.118781646504245275e+00
1.107596058564334962e+00
1.098113616957808292e+00
1.097198371223066404e+00
1.104697096142458479e+00
1.117321795336106094e+00
1.124476230605880644e+00
1.123442141246303594e+00
1.120372888047365345e+00
1.122541323778585953e+00
1.133742710811306509e+00
1.142397034191830141e+00
1.140831699497498297e+00
1.132835840457151022e+00
1.124891503802848858e+00
1.125831566837464326e+00
1.143999744420659326e+00
1.161581254606161018e+00
1.162068936778683614e+00
1.149856368544341256e+00
1.131898411008452010e+00
1.126481804052855473e+00
1.144696663025999372e+00
1.166837805521492744e+00
1.183651189998576658e+00
1.187906337705424864e+00
1.188836272812031414e+00
1.184787331200682692e+00
1.176970891742240566e+00
1.160355884484178368e+00
1.146851333327715272e+00
1.138183283289024406e+00
1.134706630739926725e+00
1.144919680524259409e+00
1.157372468046922620e+00
1.166711959908686813e+00
1.171491361181779656e+00
1.174379439584441798e+00
1.179131058316226666e+00
1.192246679487604322e+00
1.203900294171773133e+00
1.211981926116259656e+00
1.218937971340102511e+00
1.227576127128081618e+00
1.234721475063615515e+00
1.242574254030040404e+00
1.253272342688040331e+00
1.263488004241156260e+00
1.271649847056644633e+00
1.275110953418973514e+00
1.264349371663714638e+00
1.248928558764385910e+00
1.232977100549386584e+00
1.225435161926836658e+00
1.233339978406805981e+00
1.248469118637144604e+00
1.258679305153197037e+00
1.258945472029868951e+00
1.257137284926902909e+00
1.253309456695042678e+00
1.254535201322469984e+00
1.256714371277771747e+00
1.260264377725696328e+00
1.268523022119569799e+00
1.277823376869824612e+00
1.289741889239996997e+00
1.297295183285960496e+00
1.294071702385159561e+00
1.286958391791795719e+00
1.280830900288740137e+00
1.282243974314667634e+00
1.301585557898463197e+00
1.320413762736672103e+00
1.326525661291622971e+00
1.311739169851097397e+00
1.293138693157001251e+00
1.276260097340086830e+00
1.271214572783986752e+00
1.277278948331255881e+00
1.285404425566983200e+00
1.286312293342464663e+00
1.282643929828879870e+00
1.274791800917869811e+00
1.274800071441352323e+00
1.289062292537189736e+00
1.307792073714342918e+00
1.329395719914847618e+00
1.335302691899144634e+00
1.333283326814735492e+00
1.316968906509615733e+00
1.301307630670111903e+00
1.296311395655272980e+00
1.298230061229889820e+00
1.306064670668713346e+00
1.313329320629679442e+00
1.315176323498598920e+00
1.315979355287692165e+00
1.318420122077818224e+00
1.320944870689966466e+00
1.329262483255429173e+00
1.337564527119736724e+00
1.340002253654017261e+00
1.332348280041613320e+00
1.324980084657498614e+00
1.320959048164385363e+00
1.323700506127603038e+00
1.329192972480883972e+00
1.331608541434732729e+00
1.329854088590606498e+00
1.331631954504291171e+00
1.346813211314500158e+00
1.370780532055509537e+00
1.391224353111880196e+00
1.399229254259024779e+00
1.381419717781509071e+00
1.357409330493906108e+00
1.341171998897533246e+00
1.353062402739132253e+00
1.374798779738688248e+00
1.397841615622005040e+00
1.405084089959081073e+00
1.390764934538736064e+00
1.374527257417971882e+00
1.360634339752281985e+00
1.356746800274893916e+00
1.361543301563788999e+00
1.366804648415110179e+00
1.367239223135227499e+00
1.365102063400268628e+00
1.361819189794183593e+00
1.362017837762971029e+00
1.364060050816023884e+00
1.365629183293261883e+00
1.366250468781750271e+00
1.365152114103937553e+00
1.366519024969603535e+00
1.368794298809556276e+00
1.369755646025405005e+00
1.366088573392890471e+00
1.363367695832491400e+00
1.366161762201363761e+00
1.373698456697038939e+00
1.387864283474517846e+00
1.395269312998584477e+00
1.387568924526030534e+00
1.372635415158022676e+00
1.360027920791334388e+00
1.355474066360976559e+00
1.365374632947890632e+00
1.383370490980881495e+00
1.394203821992585191e+00
1.392878699949990251e+00
1.387641115769461031e+00
1.383562502914934988e+00
1.384580353236297245e+00
1.396299718204971452e+00
1.406408705687642202e+00
1.405097991193000606e+00
1.397499875019241333e+00
1.384789300826334113e+00
1.377186738902694607e+00
1.377272998484786459e+00
1.381520625367654187e+00
1.381354559214271527e+00
1.372017319163067794e+00
1.360580113758933507e+00
1.359586509788991870e+00
1.367676155126646531e+00
1.390557907589189401e+00
1.411133752285413934e+00
1.412721262064501992e+00
1.398434278401233355e+00
1.372691228270945807e+00
1.354108950388989152e+00
1.347262842151216944e+00
1.350717061155316312e+00
1.369095781489949371e+00
1.385956803801215331e+00
1.392017405300436383e+00
1.383867991998361635e+00
1.375169385980145043e+00
1.366025862060953111e+00
1.363142245445713385e+00
1.371473599737992322e+00
1.380437958704410883e+00
1.386032870207690282e+00
1.387351384445705271e+00
1.379060242062883024e+00
1.368855457954385679e+00
1.362590595541393945e+00
1.362313240644564383e+00
1.370362820284543703e+00
1.380488621387605308e+00
1.386994970055232645e+00
1.384732121044645714e+00
1.377058270798507733e+00
1.369950758065412666e+00
1.366129321896780935e+00
1.371660917232826682e+00
1.379782491195995275e+00
1.383531350987702524e+00
1.382741193348939301e+00
1.374069130709402842e+00
1.367929545433634209e+00
1.364452097229708949e+00
1.365178188915015633e+00
1.372340491326074829e+00
1.378684109610309072e+00
1.383675774744551612e+00
1.382500406940895488e+00
1.380343037783878790e+00
1.379331068899666723e+00
1.379368773037749074e+00
1.381888435379718505e+00
1.385547128296948260e+00
1.387932226708298966e+00
1.389740685603950476e+00
1.388673661943497173e+00
1.386260379479082649e+00
1.382854052130379596e+00
1.380912869612554328e+00
1.379448481511886149e+00
1.379875135113006079e+00
1.380975612960992471e+00
1.382077277771004642e+00
1.380947470188224058e+00
1.378855223300470945e+00
1.374233058479468861e+00
1.367850142110492717e+00
1.361452272809357433e+00
1.352310564122777725e+00
1.344536682907191638e+00
1.342963121898347989e+00
1.344283050725862072e+00
1.354159231014499642e+00
1.363536058206312962e+00
1.374345338827955620e+00
1.380279800072302221e+00
1.382744834990717875e+00
1.379017905347291517e+00
1.370350098714528730e+00
1.356679732029407726e+00
1.345348019341081613e+00
1.339767143171426200e+00
1.342886337789864548e+00
1.358997068266547537e+00
1.375888366316887712e+00
1.388418454167621441e+00
1.392193156318343616e+00
1.383027396570012613e+00
1.372143176631662076e+00
1.366870730476634765e+00
1.368818852425550237e+00
1.372341020165356751e+00
1.376108624352492482e+00
1.376675960000920629e+00
1.375406750415321788e+00
1.373386248834257417e+00
1.372043804824484292e+00
1.372852382348316747e+00
1.376361300700131185e+00
1.378812414679163822e+00
1.376525306331741971e+00
1.368615852202307748e+00
1.351553628613149760e+00
1.334412464727219749e+00
1.320700728681903025e+00
1.324603567512036006e+00
1.339326097078172628e+00
1.367516882036009740e+00
1.396499563746548267e+00
1.417494459991195166e+00
1.426968120344228375e+00
1.417265472280952565e+00
1.404064685389658784e+00
1.391705263791152447e+00
1.386041461494267990e+00
1.389959634333103988e+00
1.394821866575450153e+00
1.401133685227946790e+00
1.404710182868729840e+00
1.400308118999328721e+00
1.388133925525517176e+00
1.375778950907060372e+00
1.363628193324426086e+00
1.359806319617853587e+00
1.368275553733475425e+00
1.381003043469620994e+00
1.393586639043652209e+00
1.400707659136633643e+00
1.398684816548222853e+00
1.397016816633426251e+00
1.397137148692218833e+00
1.400388297808628169e+00
1.404510720607181629e+00
1.403707349534868420e+00
1.395493358375261561e+00
1.380651463783871824e+00
1.371763912707864463e+00
1.370062866471011942e+00
1.371066807490709305e+00
1.378230761523538295e+00
1.385092519294147451e+00
1.389823978842711805e+00
1.394507373516171489e+00
1.395191016113395133e+00
1.394248359999852749e+00
1.394111214610909366e+00
1.396146807682952184e+00
1.396059817088382005e+00
1.392443511517419852e+00
1.385943357598675485e+00
1.378868679379454898e+00
1.376307371095320198e+00
1.378586329176490599e+00
1.384142707164740749e+00
1.389806191094164811e+00
1.392093443207995218e+00
1.392618363021165928e+00
1.395254716414326968e+00
1.397899703426230378e+00
1.400510405251372159e+00
1.400334044702719494e+00
1.394722314895697313e+00
1.382160909880403743e+00
1.369809012955448990e+00
1.363353235754994675e+00
1.364194096209288221e+00
1.368068913792590102e+00
1.376892150172646767e+00
1.382380431728333248e+00
1.385207024639498519e+00
1.380436346686012783e+00
1.351492937840769404e+00
1.299903426643950421e+00
1.200015800060376003e+00
1.130367556463707901e+00
1.198669640474346876e+00
1.465220112343885273e+00
1.954486365628100186e+00
2.490090778698266671e+00
3.049299727553377082e+00
3.732970945845800692e+00
4.515904348525758394e+00
5.236029714621308173e+00
5.806270131742440554e+00
6.187734829617544285e+00
6.368045048538292008e+00
6.530183059762766362e+00
6.774485659075965671e+00
7.077025313152745412e+00
7.410702737882100877e+00
7.658121346532359652e+00
7.772422339336261921e+00
7.834137879470883803e+00
7.897686302635322342e+00
7.997698521653772374e+00
8.140815975430726326e+00
8.261803934675159056e+00
8.324061138179221331e+00
8.339334569607983028e+00
8.366273224835747868e+00
8.459349652780181472e+00
8.596576756092160210e+00
8.792677102224557117e+00
8.973411838828036835e+00
9.122067980501558537e+00
9.233821071552716475e+00
9.321836999407691948e+00
9.409052291278333868e+00
9.507048010422479933e+00
9.605463778364965677e+00
9.700054075036780077e+00
9.782642236205987274e+00
9.862180143007339694e+00
9.943395219218146508e+00
1.002978481386972831e+01
1.012999055007289506e+01
1.022008878490366968e+01
1.029514157245501238e+01
1.033903436439585910e+01
1.034901061019098911e+01
1.034260596974458224e+01
1.033048055481275895e+01
1.032298305034621322e+01
1.031834895179448353e+01
1.031529528032054799e+01
1.029285047867050906e+01
1.025724416055988897e+01
1.018986257844416343e+01
1.011609048929728871e+01
1.002994081708385821e+01
9.955130885851319889e+00
9.890016918738270491e+00
9.832888497877268819e+00
9.775605398173775384e+00
9.714554165520651097e+00
9.656173403876938011e+00
9.610531909151603713e+00
9.578981764923987896e+00
9.560743201722315732e+00
9.540752909291963846e+00
9.495455760810527224e+00
9.436175339223797920e+00
9.360876907896374277e+00
9.305101495596892036e+00
9.295306669469221461e+00
9.315540456319737928e+00
9.372770901024841450e+00
9.426561568764244115e+00
9.461180720923589860e+00
9.455807509063820504e+00
9.430405967242107224e+00
9.400212172356381402e+00
9.392738195774922971e+00
9.440026060173492439e+00
9.512609417718584481e+00
9.605315386387946575e+00
9.684785555181791850e+00
9.742362688131557036e+00
9.788833712810587784e+00
9.837794449463558522e+00
9.901616072491981058e+00
9.982329006518138925e+00
1.005822120137222875e+01
1.012608229685772976e+01
1.018274965239941210e+01
1.023612262469923095e+01
1.028813720127443787e+01
1.033319171426992611e+01
1.036158491528934000e+01
1.037185421704185018e+01
1.036027336821438283e+01
1.035327122575170655e+01
1.035127841148078609e+01
1.035384269615493480e+01
1.034575775312929835e+01
1.031937541881688603e+01
1.025073704224580240e+01
1.016537804101148268e+01
1.004523671919288397e+01
9.929372911172212213e+00
9.814658743630277016e+00
9.723989049886911928e+00
9.649957747784339901e+00
9.589880396598452705e+00
9.542173185742084840e+00
9.502468875243305746e+00
9.477279330072882146e+00
9.462925556523558157e+00
9.456344058034796163e+00
9.460419899008918776e+00
9.463871911776966073e+00
9.465608597691749893e+00
9.472401286079271898e+00
9.494295719605648998e+00
9.525264380840829048e+00
9.576739291648646457e+00
9.631340577068698394e+00
9.684941866825530710e+00
9.734792173734886589e+00
9.783997855814769551e+00
9.838728792193837336e+00
9.911697316386382184e+00
1.000130992612142755e+01
1.008951489657956735e+01
1.017732330601366897e+01
1.024937286533756620e+01
1.029877573978412286e+01
1.033289345940361414e+01
1.035819387739319986e+01
1.038244541069997773e+01
1.040987000772236470e+01
1.042602085453536809e+01
1.042159778019662930e+01
1.040202288600486646e+01
1.036076346203241982e+01
1.030839671955716952e+01
1.023252787022108379e+01
1.015508779900988401e+01
1.006428338500439423e+01
9.979182762084347402e+00
9.900155947908952925e+00
9.824706807683677212e+00
9.753474912636519889e+00
9.672502594927435027e+00
9.591235076097758494e+00
9.512489842068269752e+00
9.449230848743033206e+00
9.393134784869905829e+00
9.330450254089242890e+00
9.208559372367700391e+00
9.033754378355988379e+00
8.740991774763948285e+00
8.411713597098394501e+00
8.031406029154252835e+00
7.698774685231546400e+00
7.448196362938198867e+00
7.299323916134562218e+00
7.206192525003354277e+00
7.165672504923456643e+00
7.154326051022025901e+00
7.201211967289850691e+00
7.283366311035780249e+00
7.426408618508995474e+00
7.573093050753003652e+00
7.744026715809037675e+00
7.912729153049107289e+00
8.130963575882320882e+00
8.367412093892411917e+00
8.644984598111381757e+00
8.914825076102671275e+00
9.185325756995609936e+00
9.431926908782001462e+00
9.679907440640846517e+00
9.927387941665822169e+00
1.021142080160914745e+01
1.052054613248181170e+01
1.081201827234998625e+01
1.109168692648404075e+01
1.133629172375918515e+01
1.155722579282766027e+01
1.176075823202994108e+01
1.196989265093793442e+01
1.217942946957537131e+01
1.240035943963629705e+01
1.260146633208774603e+01
1.278005072662585206e+01
1.292730347497133714e+01
1.305862184251041214e+01
1.318126240294115448e+01
1.332623769840659200e+01
1.346641704187944022e+01
1.360162737386056264e+01
1.370695573557943625e+01
1.377347073011377709e+01
1.382473797210221989e+01
1.385267496093848294e+01
1.387154225307805966e+01
1.387610686802054794e+01
1.384749815066245127e+01
1.379719488758461132e+01
1.371168546736396010e+01
1.361801847875648086e+01
1.349305051190875027e+01
1.336203308115516464e+01
1.319988600212948704e+01
1.303845138594265762e+01
1.286870316981979201e+01
1.271497029555295732e+01
1.255688010266280230e+01
1.239919656136803816e+01
1.221617149776577982e+01
1.202646003110200290e+01
1.181523939532728917e+01
1.162387054792098873e+01
1.144452073054883279e+01
1.129112742807931546e+01
1.116069395838578693e+01
1.103678153615024549e+01
1.092843049315435699e+01
1.083722729982517308e+01
1.076005792076706236e+01
1.068449038606980217e+01
1.060185973605593368e+01
1.047376921588885246e+01
1.032938502174408413e+01
1.014222757185008206e+01
9.964513824870383729e+00
9.796415114317532868e+00
9.660552416782850926e+00
9.564845596832288521e+00
9.497937763307517045e+00
9.439699444232374503e+00
9.361610983814269815e+00
9.273552725463899193e+00
9.175410143491406600e+00
9.093960202934715298e+00
9.042067740359515327e+00
9.007841006544744289e+00
8.991838120450243110e+00
8.983019267688746368e+00
8.982396893806640747e+00
8.994512134474678788e+00
9.035303142247714803e+00
9.089743751892617851e+00
9.153420359878733592e+00
9.215178609359828243e+00
9.279286295573211163e+00
9.350476279626786180e+00
9.450470821797209098e+00
9.573459344434711582e+00
9.693329397847996631e+00
9.815083551286702956e+00
9.931696832150642251e+00
1.007451402219130365e+01
1.022531570262177425e+01
1.041070581299586806e+01
1.059043513401624281e+01
1.076523705957128385e+01
1.090911455400654617e+01
1.102217668863741018e+01
1.112868635461665789e+01
1.125263953544737028e+01
1.139101181882813840e+01
1.156434236121383208e+01
1.173870158420236720e+01
1.191213164522411816e+01
1.206596693617553662e+01
1.221194134941944576e+01
1.235209196648261987e+01
1.252223239503878105e+01
1.271554253259117395e+01
1.290751555861058542e+01
1.310149808650117009e+01
1.327088774764217582e+01
1.341543336699301392e+01
1.353460362456362631e+01
1.363922871417094562e+01
1.373361082475820538e+01
1.382233028654705187e+01
1.390078884923226532e+01
1.396455662051426394e+01
1.402101245176750233e+01
1.405601959844881499e+01
1.407801316141836168e+01
1.407316069658022606e+01
1.405277759803517945e+01
1.399808484860659696e+01
1.393537792394044494e+01
1.384466035943318829e+01
1.372643722027575919e+01
1.359878757966789387e+01
1.344074885279020393e+01
1.328693191609461799e+01
1.313614018985590270e+01
1.300365984319269685e+01
1.288544891993267427e+01
1.278182589493653332e+01
1.269291449393369930e+01
1.261398037222196500e+01
1.255426260713850795e+01
1.250566694154820802e+01
1.247515738769516602e+01
1.245921091404049896e+01
1.246635067293327914e+01
1.249248894201866200e+01
1.255209540365564358e+01
1.262813085277904079e+01
1.274070278035949677e+01
1.285927132479451629e+01
1.299469756215401084e+01
1.313190951084236957e+01
1.325220255106173006e+01
1.336274047991521918e+01
1.347176273861021834e+01
1.360417043254744840e+01
1.375002956799555420e+01
1.392852600110615491e+01
1.410550142453245570e+01
1.429534543028042393e+01
1.447512576017914121e+01
1.467059655923160832e+01
1.486748576056398008e+01
1.508325885933876975e+01
1.528659111054559538e+01
1.548745797579262629e+01
1.566068610621224444e+01
1.581264837950929092e+01
1.594680875686408328e+01
1.607239557852365053e+01
1.619392412594084263e+01
1.630822961346684252e+01
1.639737213564582419e+01
1.645626055105591945e+01
1.646915516614934560e+01
1.645970211671793848e+01
1.642542170430366610e+01
1.639132951411743377e+01
1.635796434494899643e+01
1.633040081452083570e+01
1.629134092312989068e+01
1.625117833475112761e+01
1.619766280462627961e+01
1.614471825162201668e+01
1.609190574107012139e+01
1.605176863388333075e+01
1.602041723301789844e+01
1.599240471541199149e+01
1.595913344892239571e+01
1.592338982004496906e+01
1.588792263483083822e+01
1.587165698017710724e+01
1.587122040820924518e+01
1.588980830868378291e+01
1.590798369625650110e+01
1.592424896789595046e+01
1.594640311147945155e+01
1.598471986994328908e+01
1.603633722228505931e+01
1.611169754012862754e+01
1.618748581798836739e+01
1.626791722424423625e+01
1.634657805964008404e+01
1.643741115165224542e+01
1.653076223203240502e+01
1.664331111622765391e+01
1.675689147499852893e+01
1.687662766453249574e+01
1.698544340364186311e+01
1.707160571243351299e+01
1.713725761337077813e+01
1.717471694981277253e+01
1.719804513425978598e+01
1.722408121851590224e+01
1.725837303288470537e+01
1.729400178674743316e+01
1.732351639268033594e+01
1.733961331057506783e+01
1.733592564366945865e+01
1.732545998039197244e+01
1.731499560392126469e+01
1.731010563627507892e+01
1.730905476953567756e+01
1.730162187346535774e+01
1.726904328855751203e+01
1.722224717291071983e+01
1.715126482013793208e+01
1.707592305688290679e+01
1.699331157927241875e+01
1.691726025530414290e+01
1.684063799589681665e+01
1.676040620620224075e+01
1.668213200187466683e+01
1.660344729153258569e+01
1.653471869678834594e+01
1.646988574553652640e+01
1.641255089947607004e+01
1.635946900367139634e+01
1.630832457884451969e+01
1.626355875820137697e+01
1.622778043044416307e+01
1.621487710478127653e+01
1.621500633753394283e+01
1.623663917320715555e+01
1.626307047298721287e+01
1.629918412573449871e+01
1.633621535723641571e+01
1.638885711730271311e+01
1.644354251741649264e+01
1.650583162719810559e+01
1.656300109123874620e+01
1.661258421589559475e+01
1.665727826532586064e+01
1.670176225586495278e+01
1.675967501268511484e+01
1.682189626408143113e+01
1.690166743975370522e+01
1.698622717953693240e+01
1.707793617972617284e+01
1.716263744048974971e+01
1.724182213572732536e+01
1.730564744621806028e+01
1.735756138128958526e+01
1.740063579164779384e+01
1.743098274809053194e+01
1.745404055960948497e+01
1.746673793162837640e+01
1.747403278733615295e+01
1.747347058872684400e+01
1.747355323275972694e+01
1.747285507863460907e+01
1.747172220770948314e+01
1.746210091619467164e+01
1.744285344314923591e+01
1.741869941137264632e+01
1.738909685221062063e+01
1.736308284931421042e+01
1.733679323114128223e+01
1.730994432727880294e+01
1.728042000972649461e+01
1.725057919655508343e+01
1.722134123857495069e+01
1.718669551511417737e+01
1.714373311116666088e+01
1.709243101111338703e+01
1.703250074451349150e+01
1.698384129446042223e+01
1.696118305317604680e+01
1.695482524664529933e+01
1.696875195627295696e+01
1.697894359773532358e+01
1.698436612759057596e+01
1.698992675300739563e+01
1.700819067901616322e+01
1.704616549813233917e+01
1.708731951404437410e+01
1.713504153281436615e+01
1.717335828070737236e+01
1.720328913012441774e+01
1.723034846460467762e+01
1.725710371832677481e+01
1.728908857013280453e+01
1.733285033474795256e+01
1.737771730547643756e+01
1.742364309726117355e+01
1.746490207387762084e+01
1.749796472936048630e+01
1.752346328621714733e+01
1.755481583598087170e+01
1.758929650291256053e+01
1.763018641270015863e+01
1.766483251340230254e+01
1.768905066233841694e+01
1.770211018245740675e+01
1.771122541405560469e+01
1.772151685818207767e+01
1.773681508091811310e+01
1.776114695602325355e+01
1.777893249299273393e+01
1.778961072081158079e+01
1.779341653509500532e+01
1.780271756181968357e+01
1.782314377876252465e+01
1.785949496622014010e+01
1.789596415777364768e+01
1.792394558816832273e+01
1.793674959361544197e+01
1.793386486762317489e+01
1.793158580198436880e+01
1.793008866036142734e+01
1.792677381693600580e+01
1.791471995794999827e+01
1.788923622206349506e+01
1.784411080424827745e+01
1.779120817577170754e+01
1.774234818352453047e+01
1.768861075281058248e+01
1.763871580490732427e+01
1.757791673024451740e+01
1.751388719872864286e+01
1.743919789487301841e+01
1.737083313359630665e+01
1.730117656599533760e+01
1.723448462406495452e+01
1.716661287695132998e+01
1.710003520421108902e+01
1.703424352704897871e+01
1.697067747002170535e+01
1.690207079931809631e+01
1.683052261617670453e+01
1.675243818864974799e+01
1.667496609422791920e+01
1.660633646133886998e+01
1.655596781089364811e+01
1.653163916742992967e+01
1.653167584885351360e+01
1.653448618411479387e+01
1.652931709414445649e+01
1.651714123982176829e+01
1.649536916395222264e+01
1.647784629070204332e+01
1.647922940188074037e+01
1.649316082321578492e+01
1.652710113810589831e+01
1.656276901206873475e+01
1.660419424243849562e+01
1.663782350688069656e+01
1.666688479439935833e+01
1.670047604255884011e+01
1.673767815178403495e+01
1.677400978972303491e+01
1.680333434198617937e+01
1.682607076069138685e+01
1.684426698595486016e+01
1.686770465373253458e+01
1.690635211416359240e+01
1.695548925842749810e+01
1.700112147722614608e+01
1.703930661993321749e+01
1.706923400836189586e+01
1.709461300266297457e+01
1.712478010219413704e+01
1.716264768642422212e+01
1.720113891988795274e+01
1.723913691807377191e+01
1.727806439073835776e+01
1.731601837986671200e+01
1.735413793174809882e+01
1.739331433855079112e+01
1.741951737351027418e+01
1.742704947646672764e+01
1.742294831748876405e+01
1.740996663288388646e+01
1.740352405218493459e+01
1.740345267017786313e+01
1.740314753947544446e+01
1.739309452220324914e+01
1.735949499487784919e+01
1.732133617590244157e+01
1.728037259598577435e+01
1.724565126648447233e+01
1.721248602535779426e+01
1.717563453876359247e+01
1.711841700894670382e+01
1.704836270913455110e+01
1.696498547451358263e+01
1.688676824634838525e+01
1.681567463234136994e+01
1.675193249309239008e+01
1.669074143577085323e+01
1.663679696322208557e+01
1.658325542540348607e+01
1.653608515331898587e+01
1.649381958480456234e+01
1.645967121574771141e+01
1.643219225150064489e+01
1.640218931717512874e+01
1.636875370186540479e+01
1.632504967254951111e+01
1.628232795776091280e+01
1.624545738171855191e+01
1.621901236602283802e+01
1.620974350538015685e+01
1.620613864608571575e+01
1.620144655596857675e+01
1.619070200426016370e+01
1.617489895268179723e+01
1.616848202133364154e+01
1.617054583076101082e+01
1.618171560379130725e+01
1.619797075002023590e+01
1.621319090625929604e+01
1.623227289266433004e+01
1.625510559548185441e+01
1.629275951032392555e+01
1.633300079459055354e+01
1.637009769837054307e+01
1.638411490322777198e+01
1.638702268099474324e+01
1.637956781363259040e+01
1.638106907068832285e+01
1.639803537560135993e+01
1.642666078831157606e+01
1.644923106922157885e+01
1.646688840987585323e+01
1.647296367883641466e+01
1.647810620232744938e+01
1.648878584557969162e+01
1.650193246199729913e+01
1.651074542810999546e+01
1.650952851502456298e+01
1.649177821298189173e+01
1.646378787398031562e+01
1.642397189750636244e+01
1.638408249429169317e+01
1.634631446932121435e+01
1.632072093362217657e+01
1.630216802414712163e+01
1.628428934860945887e+01
1.626517212838028925e+01
1.624246217014242433e+01
1.621814044185042292e+01
1.619153124854975800e+01
1.617100120000542773e+01
1.614994314898651950e+01
1.612702207088775452e+01
1.609754778943645803e+01
1.606811796672732839e+01
1.603453763191633996e+01
1.600362108088871338e+01
1.596942716166178222e+01
1.593168749449565524e+01
1.589022145996865198e+01
1.585185729174471803e+01
1.581489975039723106e+01
1.578866131576740806e+01
1.577123546554661360e+01
1.575230647709529030e+01
1.572539673057295140e+01
1.567886784266485378e+01
1.562412354405517689e+01
1.557130410115588326e+01
1.553179038762035979e+01
1.551539393311739978e+01
1.550381505200430432e+01
1.549032667415406372e+01
1.546640522987896027e+01
1.543126250158811530e+01
1.539979938385646641e+01
1.538194963387718595e+01
1.538276293346058488e+01
1.541060251359879274e+01
1.544508494219485328e+01
1.547156364605814538e+01
1.548326161095073417e+01
1.548206401329575499e+01
1.548404578593573611e+01
1.550927586909466349e+01
1.556330409779926072e+01
1.561872101156324710e+01
1.567945038074059028e+01
1.573558107650581483e+01
1.579745889506929579e+01
1.586449202566275751e+01
1.594525604038595645e+01
1.602604987031453376e+01
1.611050400818237094e+01
1.618415371643876455e+01
1.624690768590544110e+01
1.630723787458230589e+01
1.636941197484179966e+01
1.643550626024198635e+01
1.650603803533159208e+01
1.657114174054389721e+01
1.662247203123688166e+01
1.665548744511054124e+01
1.666943193616769037e+01
1.667549516446103652e+01
1.668642084915601131e+01
1.670151039224624512e+01
1.671121690045238140e+01
1.671898941338246658e+01
1.671589033951007153e+01
1.669801308611940627e+01
1.667326266462460538e+01
1.663041654701232019e+01
1.658115445649371722e+01
1.651012943461742921e+01
1.643431357929461001e+01
1.635704017264599130e+01
1.629015501711035796e+01
1.623515283496555028e+01
1.618142694028705719e+01
1.611703098821486080e+01
1.604828103129911199e+01
1.596650885663474817e+01
1.589553722234852273e+01
1.583804894472664060e+01
1.578817414893383564e+01
1.574264424955211439e+01
1.567896303969481941e+01
1.561068658294483669e+01
1.554121767130111209e+01
1.549183846990803204e+01
1.546809419698208998e+01
1.545144537211748847e+01
1.543347324415328359e+01
1.540661785866463340e+01
1.538109356821529516e+01
1.536673666719691234e+01
1.537197288647837468e+01
1.538025518054822705e+01
1.539065184410026710e+01
1.539875703393825113e+01
1.540618353911259497e+01
1.541815350960700570e+01
1.542952481527355779e+01
1.543445915934899126e+01
1.541862734105488464e+01
1.538960232164478903e+01
1.536037946294021062e+01
1.533955330153855812e+01
1.532470879448778511e+01
1.532087112925985650e+01
1.531822257795060160e+01
1.531494096604612132e+01
1.530719991968528326e+01
1.529489006765055770e+01
1.527900000253199764e+01
1.525839603780761067e+01
1.523627944853634375e+01
1.521489329811545410e+01
1.520189568807924196e+01
1.520665598704621857e+01
1.521962985955004122e+01
1.522957923269786917e+01
1.522787316694492254e+01
1.519488224624586081e+01
1.514542135653282529e+01
1.510285821871331358e+01
1.507424132663105176e+01
1.505457499454528936e+01
1.502723188200342719e+01
1.499263476745445267e+01
1.493322098892758909e+01
1.487058197681002802e+01
1.480934718378619763e+01
1.475751007789542868e+01
1.471132411926048356e+01
1.466326926577023215e+01
1.459890860742779495e+01
1.452803825004165184e+01
1.445006392687224839e+01
1.437634993867088795e+01
1.430097820477427817e+01
1.423179816600267955e+01
1.416666209017736300e+01
1.411278860779625965e+01
1.406710279391446150e+01
1.402493416443192054e+01
1.399015197262079724e+01
1.396374526027313401e+01
1.394847304111659092e+01
1.395241609520148707e+01
1.396701732953565767e+01
1.399694462534413297e+01
1.402551824781721201e+01
1.406372486762851537e+01
1.410087214574473258e+01
1.414966495451293405e+01
1.419798822618247769e+01
1.425898668661180935e+01
1.432034343363116413e+01
1.438604977873996305e+01
1.444283633878871242e+01
1.449255600695549084e+01
1.453272579657853392e+01
1.456581843088781980e+01
1.459898413632060787e+01
1.463826387988940425e+01
1.468789461394679385e+01
1.473597438276416582e+01
1.477982751454194954e+01
1.481177967096675552e+01
1.483451051270404619e+01
1.485118464499166535e+01
1.487262015265907955e+01
1.490081072520855265e+01
1.493763284222880827e+01
1.497258282159424247e+01
1.499235880653075448e+01
1.499405751002377052e+01
1.497489218462440164e+01
1.494809326742352162e+01
1.491102407907358263e+01
1.487534973464954291e+01
1.483163081511015058e+01
1.478150276408238639e+01
1.471787485625653247e+01
1.464777061737019181e+01
1.458061944925958464e+01
1.451683102391909230e+01
1.446429730628292631e+01
1.442358758214554726e+01
1.439182605555593142e+01
1.435969790857672201e+01
1.432491638418570368e+01
1.427910492244881446e+01
1.423476342583148480e+01
1.419088777545523783e+01
1.415197132714131278e+01
1.412032131397537427e+01
1.409036669552555487e+01
1.406112104725982270e+01
1.403216902687445611e+01
1.401500531278123418e+01
1.401017575057246667e+01
1.402744932492371532e+01
1.405170403591767680e+01
1.407888025193768655e+01
1.411175722943858801e+01
1.415131866073204492e+01
1.420478371271963702e+01
1.426087559282591677e+01
1.432062964064447819e+01
1.437668467635184655e+01
1.442515880014254392e+01
1.447137919516918991e+01
1.450997399515549802e+01
1.454761004553212622e+01
1.457626902401917768e+01
1.460366498266741964e+01
1.463051117257216482e+01
1.465843439664433845e+01
1.469164343232894332e+01
1.472272716967639106e+01
1.474669087681061974e+01
1.476103883402780959e+01
1.476493597784428147e+01
1.476582079018688631e+01
1.476749420253314327e+01
1.477340043826575489e+01
1.478344709677322300e+01
1.478152781395309567e+01
1.477259442826986380e+01
1.474455581269868354e+01
1.471265803465408872e+01
1.467168292488458370e+01
1.462943326596385774e+01
1.457921510691621947e+01
1.453200557689119243e+01
1.447725102471405911e+01
1.442095271801406042e+01
1.434784195407279839e+01
1.427475172244761303e+01
1.419355649007617259e+01
1.411814834195917889e+01
1.405002656307398645e+01
1.399068835611184092e+01
1.393254800998842313e+01
1.388892838827072040e+01
1.385692889869975097e+01
1.383295508964308951e+01
1.380356930574691532e+01
1.374331377181855274e+01
1.367018762302003942e+01
1.358746195731970019e+01
1.352810828419186606e+01
1.350746369578730466e+01
1.350672862731961388e+01
1.351451199620092680e+01
1.351075190558829497e+01
1.348427706979195406e+01
1.346391980354598061e+01
1.348059742310561049e+01
1.352384795350004687e+01
1.359084630476457356e+01
1.364079969553258209e+01
1.367897229273183690e+01
1.371337033580017462e+01
1.376907757292861234e+01
1.384889303195205557e+01
1.392553481708240781e+01
1.399106886937592797e+01
1.403987949233874843e+01
1.407476412879315752e+01
1.410830680801235282e+01
1.414945614146385822e+01
1.420224376853149906e+01
1.427449889242189407e+01
1.434425535931243267e+01
1.439595558351271087e+01
1.442772916913357584e+01
1.444045255753791146e+01
1.445862177098891443e+01
1.450678813229222541e+01
1.458848285516179644e+01
1.480396462972502114e+01
1.515423145536233918e+01
1.586757592011631246e+01
1.700696728593286622e+01
1.831682197981995941e+01
1.995094870825148803e+01
2.160256925277270312e+01
2.346303640000607871e+01
2.535883203481069259e+01
2.760199951406082519e+01
2.990549345537601056e+01
3.253620103537117103e+01
3.507586972713440332e+01
3.767267396938726165e+01
4.007458577038682535e+01
4.247058198533130735e+01
4.472950203956485637e+01
4.707494776700531247e+01
4.928064356158307646e+01
5.144508434817653608e+01
5.341649169826347787e+01
5.512376330071153774e+01
5.662538421284222068e+01
5.793745599194282647e+01
5.911467738095198143e+01
6.013691885535984483e+01
6.100909620507064091e+01
6.172835165082599218e+01
6.228356505556313749e+01
6.272118165585342098e+01
6.301565849910421235e+01
6.321054092811557723e+01
6.319369073382192425e+01
6.300576422724648040e+01
6.242783875022181661e+01
6.164007533573436604e+01
6.040170489725253589e+01
5.904202731581843011e+01
5.734452274877729394e+01
5.543643450160838171e+01
5.354314539300619202e+01
5.143494391275171296e+01
4.936240773722884967e+01
4.710030818063598446e+01
4.490949750363256499e+01
4.258595982187791407e+01
4.041354352181997456e+01
3.829997594503418412e+01
3.644023241657160384e+01
3.476895421798014496e+01
3.329011897946604392e+01
3.185999432933769526e+01
3.051734689520956678e+01
2.918966594776509638e+01
2.798948135520128133e+01
2.698632978309722574e+01
2.617447810270911290e+01
2.549716444761132905e+01
2.490898553638072954e+01
2.438779052011723891e+01
2.392654029130657278e+01
2.355604990711735880e+01
2.332310384291969285e+01
2.319924275604628860e+01
2.326466730977865183e+01
2.344403370852172586e+01
2.387847776845458014e+01
2.442862187419972031e+01
2.523490872249339390e+01
2.609437052077673158e+01
2.713504650617501213e+01
2.831401760153493186e+01
2.951182510462710340e+01
3.092760977624860175e+01
3.236548097155136361e+01
3.399567045934303167e+01
3.558805515813633491e+01
3.727635056585173601e+01
3.886974033555042496e+01
4.049219298986216131e+01
4.200505637338840614e+01
4.350181894430554053e+01
4.487056234592520099e+01
4.619951627211516865e+01
4.741101922518623724e+01
4.857120635528971064e+01
4.960680636205864147e+01
5.055068965215932053e+01
5.138649272445447735e+01
5.211602744343664995e+01
5.276839636051927585e+01
5.333817788457346865e+01
5.382548036152262938e+01
5.422091736576590648e+01
5.450292411147466964e+01
5.470596557304766350e+01
5.480493290334798928e+01
5.483182645087554619e+01
5.471599297903257053e+01
5.450398597232558728e+01
5.405950271238543081e+01
5.350553859842236903e+01
5.269284060659563096e+01
5.168993206657406603e+01
5.065335988340556383e+01
4.944881917108651948e+01
4.825218645249388061e+01
4.691353490417036198e+01
4.560631074801395357e+01
4.419185913209109628e+01
4.283036131011245118e+01
4.140517436504259763e+01
4.006075600579148954e+01
3.869677450931293805e+01
3.743857454718630606e+01
3.620471347674546081e+01
3.508978977255633680e+01
3.403890842528660698e+01
3.310578663647132203e+01
3.226595379365525673e+01
3.151478558100884442e+01
3.086233642201096217e+01
3.027469629977388976e+01
2.976009936469763417e+01
2.929992180782283739e+01
2.890682851735446590e+01
2.858700763032841508e+01
2.833553779187230859e+01
2.818005410999026239e+01
2.810344614315572542e+01
2.816185178242236375e+01
2.829718764318892354e+01
2.860119165574255362e+01
2.897595505630365409e+01
2.953497825789444775e+01
3.015594249305305752e+01
3.093821823656018566e+01
3.184506645747749687e+01
3.275886394747355013e+01
3.380196581936316846e+01
3.484102098742040710e+01
3.598926615960603215e+01
3.709819729665815657e+01
3.827035213813998382e+01
3.938262373369271074e+01
4.052295092758772199e+01
4.160104869227625102e+01
4.270021307277021805e+01
4.373124749377831222e+01
4.475334186559452121e+01
4.568177893015623425e+01
4.655557266489206114e+01
4.734629202163908701e+01
4.804816465710593576e+01
4.869872212101996212e+01
4.928203121549045562e+01
4.981648192475000059e+01
5.027383690752584045e+01
5.065242107549704542e+01
5.095304408933685636e+01
5.117516692540710466e+01
5.134801434630265504e+01
5.145589177711605799e+01
5.152233700896166368e+01
5.150678786506232854e+01
5.143010397485208784e+01
5.122720325863335944e+01
5.095592421060464261e+01
5.052254498374882985e+01
4.993576749715906971e+01
4.930398710116247685e+01
4.851429283153123606e+01
4.770421736636174614e+01
4.677449797944838394e+01
4.585813534131045799e+01
4.484973400960228673e+01
4.386811580235544739e+01
4.281277918207300104e+01
4.180862334927521573e+01
4.076413520724346995e+01
3.978691157704399473e+01
3.880480719837054693e+01
3.789662824312932088e+01
3.699818594560598939e+01
3.618025395597487659e+01
3.540842632678872803e+01
3.470255196709047141e+01
3.408288349467836298e+01
3.352029736190116438e+01
3.301802816427073850e+01
3.256057830316337487e+01
3.215701013262228969e+01
3.179665537168946088e+01
3.148296133598801205e+01
3.122191920860442593e+01
3.101779686489160781e+01
3.088865449186970125e+01
3.081744905758415953e+01
3.085453720432373004e+01
3.095772000090450149e+01
3.118407692454112379e+01
3.145904232572127768e+01
3.184819233865447785e+01
3.232751251786574898e+01
3.283394007841769024e+01
3.345702001245861368e+01
3.409925755957429061e+01
3.485459104770268368e+01
3.561604559222952560e+01
3.646161753109446124e+01
3.728731550920291937e+01
3.817584798742660723e+01
3.903117461410585065e+01
3.993214382229135140e+01
4.079113023417075823e+01
4.168236854765093113e+01
4.251126001082246120e+01
4.333196213023739318e+01
4.412008884750979121e+01
4.482986315049311798e+01
4.551322729607996109e+01
4.612857419186259733e+01
4.670846549359806232e+01
4.722045498728364521e+01
4.768132489074294256e+01
4.807869226707787647e+01
4.842560289259546380e+01
4.871983562833374037e+01
4.896118941310734130e+01
4.915935365057254813e+01
4.929583685540963245e+01
4.938952304910070978e+01
4.942587072134704584e+01
4.943208376754696332e+01
4.937496176682019922e+01
4.924615324683671957e+01
4.907083938499712872e+01
4.878466553922638838e+01
4.844727245952520178e+01
4.798594519336560182e+01
4.748794658499536325e+01
4.686367664662004273e+01
4.621261700334527234e+01
4.544694299072487809e+01
4.468300918852497716e+01
4.383959018614712022e+01
4.303009337900876119e+01
4.217748542496136821e+01
4.136314681614249622e+01
4.051439782072281304e+01
3.970646069685304269e+01
3.889191364044873467e+01
3.811700061893520797e+01
3.741765895319927182e+01
3.676300958545088093e+01
3.617324141394315262e+01
3.561926675244821894e+01
3.512332778311002102e+01
3.466725682193663260e+01
3.427579563763375603e+01
3.392864056434245157e+01
3.363020074636771994e+01
3.335154758568359767e+01
3.309385741353383992e+01
3.285879553160570765e+01
3.266206803550247173e+01
3.251875281326991285e+01
3.244565963719577439e+01
3.241676450966420475e+01
3.246188118908830944e+01
3.254378178938825528e+01
3.271986143052261298e+01
3.294020985592029405e+01
3.326720894416475716e+01
3.361869233887340869e+01
3.406092027339604300e+01
3.452010442279125613e+01
3.507762150005649460e+01
3.564530008244871340e+01
3.629776997433688024e+01
3.694079829420472549e+01
3.764869485509895952e+01
3.833606550702803872e+01
3.906293151846467993e+01
3.979985567824265047e+01
4.048400364834128595e+01
4.117039593502614991e+01
4.180742666114754513e+01
4.246045204441642795e+01
4.307770032278840944e+01
4.369688439761927867e+01
4.424852408086491806e+01
4.475039964026649386e+01
4.517596788059847057e+01
4.554317837196601459e+01
4.587054869395623058e+01
4.619129533577047653e+01
4.649097319340031476e+01
4.677432426666696585e+01
4.701921261777519589e+01
4.720645671805506538e+01
4.733551004505277859e+01
4.743294489331902497e+01
4.749514454137666064e+01
4.753347676084732853e+01
4.753051865642378715e+01
4.749619707215670417e+01
4.740050355606038579e+01
4.727435395266881812e+01
4.708936433570278268e+01
4.687997069407289530e+01
4.660140262674953959e+01
4.630203942532887851e+01
4.592013457526434905e+01
4.551384948295051913e+01
4.502071078694074657e+01
4.445516016437959905e+01
4.389880479015076276e+01
4.329188786011525281e+01
4.270503652739729716e+01
4.207993223894726498e+01
4.147053550422630508e+01
4.081737073510583969e+01
4.019103912328161243e+01
3.955710502750276447e+01
3.897987935255247294e+01
3.842449194754869524e+01
3.792501806049933322e+01
3.744677816578138874e+01
3.701053367251873283e+01
3.658654826161397011e+01
3.620668098384759759e+01
3.585364189977150318e+01
3.552951010507662488e+01
3.524375957030205342e+01
3.497296242777646569e+01
3.472784325627733182e+01
3.449282366714906090e+01
3.429304587090509671e+01
3.412840001806682722e+01
3.400175849001828254e+01
3.392045476496302570e+01
3.386976173755996200e+01
3.385603608235759765e+01
3.386695852115942529e+01
3.394905662637805932e+01
3.407747993789797647e+01
3.430042998371963137e+01
3.455912021750194185e+01
3.488959264228219581e+01
3.526493246595257602e+01
3.564099807177738199e+01
3.607493683051884403e+01
3.652399104644218397e+01
3.705014053661830076e+01
3.758085893113402420e+01
3.816010836061191469e+01
3.871449787040722867e+01
3.928904813504221494e+01
3.983545884206644416e+01
4.041002321279554366e+01
4.096040549848197543e+01
4.153257342853824241e+01
4.207193795960539262e+01
4.260202336409756185e+01
4.307767226719143849e+01
4.352064540450722063e+01
4.392473763228267813e+01
4.428266114351524152e+01
4.461895787253669710e+01
4.492403527847454825e+01
4.522383573904922827e+01
4.550568902931768633e+01
4.577393898555005336e+01
4.600591897363105431e+01
4.619210988354379310e+01
4.633316095275480251e+01
4.642268995001708021e+01
4.648131987566403467e+01
4.650163401503262861e+01
4.650620416100436216e+01
4.647456265605877235e+01
4.640100366972666990e+01
4.630460692844628312e+01
4.615700678693311687e+01
4.599143126595409825e+01
4.577188964683934813e+01
4.553796263055106408e+01
4.523726770228707039e+01
4.491895623702234275e+01
4.454031803658508437e+01
4.415736942512011609e+01
4.371858990606805406e+01
4.327542217663765456e+01
4.277708598929974215e+01
4.228494782984018485e+01
4.174945583191799869e+01
4.123439226771161970e+01
4.070743067028143969e+01
4.018395871944400710e+01
3.970125162444700351e+01
3.922075445903339386e+01
3.877666763526229943e+01
3.834292305842241433e+01
3.794572146248918187e+01
3.756996746822848365e+01
3.723815335540113125e+01
3.693401337410097085e+01
3.666434248161845488e+01
3.641226162422548640e+01
3.618221216745499191e+01
3.596488455938597184e+01
3.576447661418447410e+01
3.557271868265560499e+01
3.539892727981401066e+01
3.523387842892064725e+01
3.509685339252615677e+01
3.498479455487484557e+01
3.490780896558142388e+01
3.485794200298548162e+01
3.484111025272359541e+01
3.485033289316340444e+01
3.490652479115326656e+01
3.499303502157987822e+01
3.514096492131614013e+01
3.531960667740725057e+01
3.556211746329044132e+01
3.582280164953932911e+01
3.614438543755867528e+01
3.647079464845101882e+01
3.685346028436581634e+01
3.728062364982619670e+01
3.770507248154804358e+01
3.817483175284385766e+01
3.863087891724775602e+01
