7.935606103816851553e-02
6.100751229523341396e-02
5.349971810935081479e-02
3.588866767897075372e-02
4.932951992552459669e-02
4.786236536573445360e-02
5.350453285043733215e-02
5.483966593173594112e-02
7.935606103816851553e-02
7.660318893613454749e-02
7.277445916374958301e-02
7.278507753859458917e-02
5.078473118348564991e-02
5.861919172494557684e-02
4.933470982794972703e-02
4.933993100813506560e-02
5.483496849800798684e-02
5.483027058202429721e-02
2.932936410384529360e-02
2.688429525088937427e-02
4.497923960911855840e-02
5.627134856817924552e-02
6.560202046194080205e-02
1.109647555574959504e-01
1.826399764350110921e-01
2.005858287134190954e-01
2.209950359335804970e-01
2.755460935356828789e-01
3.061025915987749535e-01
3.168878215610620441e-01
2.649051582218059919e-01
1.827429331350104713e-01
1.909663604762875666e-01
2.703245116815302662e-01
2.819277890793338015e-01
2.724871038742351370e-01
2.893644944011078413e-01
3.553979598052640076e-01
3.755927501945926505e-01
3.373604586770124203e-01
2.161712404030735057e-01
2.548158685570388604e-01
4.358228797462461723e-01
4.197433330722155631e-01
2.141151826621050247e-01
3.039350918505722698e-01
4.115589481377365244e-01
2.647549959525821173e-01
2.514645532563667407e-01
2.933145876035179733e-01
2.467614180812772451e-01
2.691955950365161887e-01
1.627414992538664118e-01
9.728762616319354406e-02
2.211420293802546511e-01
2.287526447422451037e-01
1.401195283197967656e-01
1.322357659830467325e-01
1.466979288610050502e-01
1.186199994345940867e-01
1.185939120460131474e-01
1.592856289278819504e-01
1.050451387662575259e-01
4.316266096709358430e-02
1.076779480583590354e-01
1.822496178873395933e-01
3.168317260799552448e-01
3.584202737405289829e-01
3.141963407942386932e-01
1.843316121410673858e-01
9.944641601609834070e-02
9.573270353084588347e-02
1.338667062734952840e-01
1.381888738969566932e-01
1.203476872222769417e-01
1.518413751151585778e-01
2.369694516416758490e-01
2.946917175433327318e-01
2.324755819963225945e-01
1.136097588759090726e-01
1.030137763638412501e-01
1.838512564313671827e-01
2.031093462483438694e-01
1.499670485487304972e-01
9.348275039889514249e-02
1.663195305057481588e-01
2.644997349169198597e-01
3.611567109469274728e-01
3.214732266470022859e-01
1.343618176354578198e-01
7.673764824298454079e-02
1.355595115793613303e-01
1.519297627446725696e-01
1.610676469846794023e-01
2.101317334427710570e-01
1.827823803300608341e-01
9.652538269354783707e-02
6.560594723427719266e-02
2.679792088386014765e-02
1.077641194503374533e-01
2.878694031333924319e-01
3.698270606703853991e-01
3.641621769503671224e-01
3.003302707287383577e-01
1.226781061686126606e-01
4.155864652196579467e-02
2.225566176818881137e-01
2.377799691458340470e-01
9.355718477349186935e-02
1.945515537887520796e-01
3.568251302075184928e-01
3.523602499548180722e-01
3.275942583907883732e-01
2.467737447072556600e-01
1.680210323459441213e-01
1.154400438661100092e-01
1.077545570749772474e-01
7.662678594450703096e-02
1.538019356014172501e-01
2.593059917528587333e-01
3.131086939968858451e-01
3.690453239059587887e-01
3.885317846943316389e-01
2.805233713228832415e-01
1.220849847093164464e-01
1.628318865650124903e-01
2.824743114304623104e-01
3.342653823044781092e-01
3.942995847969760770e-01
4.832144779134337487e-01
4.722382534713768787e-01
3.171620088829509854e-01
1.729978643502084468e-01
1.465466034591062228e-01
1.578631412666478828e-01
1.918631566075438555e-01
2.613936782781165480e-01
2.960856198879528445e-01
3.629976049603330646e-01
3.661835281653020857e-01
3.632925743828326337e-01
3.502443935623975046e-01
2.845004653437201436e-01
2.167252928183072136e-01
1.815102903689179148e-01
2.223190618457999146e-01
3.069573430040840045e-01
4.040893262334626090e-01
6.148775177666037095e-01
7.043189819654515071e-01
5.787244712080698017e-01
3.585220322414364724e-01
1.575536978172591140e-01
1.816849840370879376e-01
1.365134360427917581e-01
3.553268146833503671e-01
5.382291249912490860e-01
6.559940969944348943e-01
5.949123903059567731e-01
3.593445038003299508e-01
2.006518900152061968e-01
2.073462863727718319e-01
2.467475511897342100e-01
2.273470088701869118e-01
2.644064342199807238e-01
4.397459560109427401e-01
5.531040292839404238e-01
6.372271542012079015e-01
6.066777293117161518e-01
4.564835162050626116e-01
3.345549578711487504e-01
2.210453249478633864e-01
2.172007486457026848e-01
2.159100298458339340e-01
3.905011620616953838e-01
5.777876744005518983e-01
7.248060170656810408e-01
6.496768022241092844e-01
3.552150693702810780e-01
2.335911396585332311e-01
2.515057779343283784e-01
2.488792667739185005e-01
5.097535788833759129e-01
7.209202398729697148e-01
7.770168340045728872e-01
6.448236915346551301e-01
3.640045367153971756e-01
2.709916447208982060e-01
2.440560877060112821e-01
2.773464629919401014e-01
4.824544104223453811e-01
6.115577092523730718e-01
6.867693143643649467e-01
5.789298011682936229e-01
4.699593771610845461e-01
3.404122753702664705e-01
3.076729409748972799e-01
3.370429562971322679e-01
4.176163957516814684e-01
5.334284712784032045e-01
5.539929821185206604e-01
5.065126773481293254e-01
4.723532426569629350e-01
4.865496653345582345e-01
5.349165513813547435e-01
5.464536068985651474e-01
5.413444839994600022e-01
5.358976481150590221e-01
5.080424114743783415e-01
4.889255660537926707e-01
5.046294421134398522e-01
6.578022453841193551e-01
9.810530251544800073e-01
1.643714285645657469e+00
2.005841971126754775e+00
2.084953177780737743e+00
6.225471888568782086e-01
6.025677334681605046e-01
5.871466740284629893e-01
5.753122776985570841e-01
5.711984879072273813e-01
5.636636494336051406e-01
5.786325190931806972e-01
6.286141677373184855e-01
9.466547900346558020e-01
1.326961139409856605e+00
1.885883967791226024e+00
2.036635644371513898e+00
1.230524142055291037e+00
7.812211823258315979e-01
4.887969918610245990e-01
5.925192596176716009e-01
5.606197204200110695e-01
6.027045600063541952e-01
1.003673796047620081e+00
1.213604109901486705e+00
1.414276387658103484e+00
1.555876129811486930e+00
1.774011641793598493e+00
1.771858338716648440e+00
1.309734099554971554e+00
1.634101818522003757e+00
1.634091171563233136e+00
1.168965161364539096e+00
6.092534070579074257e-01
7.751405651900825644e-01
1.572942665667671269e+00
1.740438275132470736e+00
1.488235636506198611e+00
1.208070804464666193e+00
1.151939018631387368e+00
1.253675351683843475e+00
1.247736351397108923e+00
1.459726709902322339e+00
1.558539214869696599e+00
1.479833090610735535e+00
9.959475540799186399e-01
5.204193029826977845e-01
9.398346738362471919e-01
1.719652083051993463e+00
1.957495851045863544e+00
1.882014789898105445e+00
1.746371794825541723e+00
1.509402873086519659e+00
1.332467919778054455e+00
1.363780293123877829e+00
1.574985949629415183e+00
1.847703626957892808e+00
1.759326138739859990e+00
1.060621988432785212e+00
4.573304732321469834e-01
1.273822652246074494e+00
1.995705411744431279e+00
2.035606004813311110e+00
1.708476428759064358e+00
1.477797275161978785e+00
1.263733301777891560e+00
1.566090747197210309e+00
1.583327565895102262e+00
1.377110766317070745e+00
1.013500139338066708e+00
5.168659265283331861e-01
9.422052849561778354e-01
1.659538948709809558e+00
1.720418288157595343e+00
1.509777437614550966e+00
1.272886821518042444e+00
1.339352219256011889e+00
1.530974596373184227e+00
1.614050007473792681e+00
1.637494763075131754e+00
1.564922841895883376e+00
1.275961406828079792e+00
5.813669054096370914e-01
9.490148403196502214e-01
1.822760292571862006e+00
1.900403413416588139e+00
1.565455188225775451e+00
1.198736472653393559e+00
1.186596695054347395e+00
1.326012334408585458e+00
1.734864741002923205e+00
1.656385371225975067e+00
1.471766627982402431e+00
1.279080551631666562e+00
8.184160098810812078e-01
1.027339663013617788e+00
1.794850364392559072e+00
1.890372248908317676e+00
1.565866232994762575e+00
1.106490006671377202e+00
1.100201659390591002e+00
1.336044357212004652e+00
1.647648994944657774e+00
1.538238021248086618e+00
1.393255764665081831e+00
1.157011609209470437e+00
7.883946135230351926e-01
1.233062027384245640e+00
1.903574848517244344e+00
1.852759812685529806e+00
1.254202787755206661e+00
8.558174911224472048e-01
9.259339374231295716e-01
1.399412482218113318e+00
1.076565617623506332e+00
1.401887818451052148e+00
1.633920912157133642e+00
1.515047764832293975e+00
1.401013853220896666e+00
1.460230655577561487e+00
1.298707561100900687e+00
8.232558083342018662e-01
1.307603979448059173e+00
2.497244204903303011e+00
2.885667875380264480e+00
2.652066729464289008e+00
1.668672508519841280e+00
1.098698010092391097e+00
1.612151159332030570e+00
1.911880986067357568e+00
1.971272667035413040e+00
1.478478029869148891e+00
8.944045580579376153e-01
1.068581573256915052e+00
1.638460144992370360e+00
1.924121576014914847e+00
1.673025199544476260e+00
1.214565621548728824e+00
1.025237061484215895e+00
1.061203603115212335e+00
1.689181469027605687e+00
1.587174619509282403e+00
1.558421879705778057e+00
1.238421220661633404e+00
8.570428509088737767e-01
1.204257581864449644e+00
1.711125983049237798e+00
1.782521719173499886e+00
1.434023632473191201e+00
1.056383121313214657e+00
1.022864018351633097e+00
1.144763328546082537e+00
1.712985954624033136e+00
1.704695117071154398e+00
1.635113463924035004e+00
1.237262585536587967e+00
9.013144012743722344e-01
1.302291155322474747e+00
1.671128930026303916e+00
1.610162031790393966e+00
1.175962331281853235e+00
9.854628290910265598e-01
1.104913114312157107e+00
1.276838783724245197e+00
1.586365473922809244e+00
1.572948908753876829e+00
1.530079284149620467e+00
1.115049158329793011e+00
9.050028831934228135e-01
1.508162937683205751e+00
1.844386022467256803e+00
1.650088894185326005e+00
1.052345494054415687e+00
9.126224118233619009e-01
9.262411893269539842e-01
1.090713865048573705e+00
1.498085062886143293e+00
1.507303393053544882e+00
1.489067748475903841e+00
1.435627555257209975e+00
1.148641591229990322e+00
9.747075071355969511e-01
1.290143394340445226e+00
1.547562690782424033e+00
1.573539872438951548e+00
1.317305803760622895e+00
1.180948739311296736e+00
1.193340481959770605e+00
1.469375957942506972e+00
1.547089606179102184e+00
1.554735219478763364e+00
1.402898688867164845e+00
1.016695137371503410e+00
1.102615733155781541e+00
1.610221557280282045e+00
1.694375961174180212e+00
1.348963086256346200e+00
9.854110895706268414e-01
9.748109872502618289e-01
1.130138511572156057e+00
1.404678074744358574e+00
1.418987079318944744e+00
1.491688970871154041e+00
1.341057501545671826e+00
1.014494310318835746e+00
1.206885045759629627e+00
1.685299737104777096e+00
1.683131382223483241e+00
1.251590949894568761e+00
1.023891382958133978e+00
1.055003415107709674e+00
1.177799103455602125e+00
1.411494760712041385e+00
1.491677627084033730e+00
1.409505500522880261e+00
1.366994163955867814e+00
1.377899352370387742e+00
1.275188921258421537e+00
8.973986198629895217e-01
8.353107173756221249e-01
1.282238001222754109e+00
1.534361883297352014e+00
1.607819583977427635e+00
1.490622105264885811e+00
1.368668701414189171e+00
1.382484229917540830e+00
1.364771617582916319e+00
1.234623575539010254e+00
1.093461031814366713e+00
1.128339481628070073e+00
1.313395034077536883e+00
1.424765623403824844e+00
1.306470423212542364e+00
1.059398252887751246e+00
9.609844694782169183e-01
1.000349302367292248e+00
1.202120830318906153e+00
1.357388635005413402e+00
1.391536516264950230e+00
1.285153081578130907e+00
1.090126014347193140e+00
1.054521844911548545e+00
1.123861520158985661e+00
1.190720969514928340e+00
1.223500482629218622e+00
1.199683560264866555e+00
1.109320658716971053e+00
1.063122966297878058e+00
1.084866650627298812e+00
1.136859314756609063e+00
1.245884342502443731e+00
1.271518886374146895e+00
1.261086892877637311e+00
1.222873144157827996e+00
1.168773784870096977e+00
1.147977340834162030e+00
1.149639623206022199e+00
1.278578034848858458e+00
1.180807739397472300e+00
1.125297260175621927e+00
1.094978482572096290e+00
1.098743462025800977e+00
1.171267047679271034e+00
1.232894316086900144e+00
1.199716122061801782e+00
1.140687689504667146e+00
1.078096820359392582e+00
1.076982456749966177e+00
1.151076380440350100e+00
1.272687746551965260e+00
1.294975691489670622e+00
1.225832741100233214e+00
1.179208588552338455e+00
1.123143153691247953e+00
1.124479325236515281e+00
1.189361359944106411e+00
1.217892880982861081e+00
1.208194634369334608e+00
1.163177425113586017e+00
1.079191633587299304e+00
1.054071975942967976e+00
1.101703949861395415e+00
1.143959741465539581e+00
1.241653614177171683e+00
1.323979165273022840e+00
1.340969201113355158e+00
1.246234067211144048e+00
1.142521937080868355e+00
1.157705466401875327e+00
1.153087651747210174e+00
1.139200064774101628e+00
1.128325183010473687e+00
1.124633664644659525e+00
1.135221483870405335e+00
1.177530122603942520e+00
1.190503276270087785e+00
1.182485940646403666e+00
1.155014224176296400e+00
1.134034814305786121e+00
1.122528672326723154e+00
1.136415269690315144e+00
1.164924361177755330e+00
1.190920435640907327e+00
1.165353676306050357e+00
1.163141081979583769e+00
1.163141071441287755e+00
1.163127120308329099e+00
1.164356862465058873e+00
1.166076329287150992e+00
1.164420647247949470e+00
1.164420647247949470e+00
1.164323491543380218e+00
1.171488996981859154e+00
1.164953108210256882e+00
1.157720909366076301e+00
1.147986406535424608e+00
1.172999268659451477e+00
1.175954168696056623e+00
1.168351496406633050e+00
1.145133189073749724e+00
1.145118568670893566e+00
1.144465583594516778e+00
1.144452305641221690e+00
1.144465583594516778e+00
1.117945798217294895e+00
1.101413741667864876e+00
1.074851264042145038e+00
1.064867931297476478e+00
1.089920279159602101e+00
1.151838332450533908e+00
1.161663238925866093e+00
1.171502851970930514e+00
1.179169215401029147e+00
1.177468868376212674e+00
1.167551434361512097e+00
1.159417827371490128e+00
1.131457103808106046e+00
1.108479343994337896e+00
1.056269684806804277e+00
1.033723070731265237e+00
1.028405749727196783e+00
1.058616737403219821e+00
1.157691141199552964e+00
1.157693588810154717e+00
1.156437160548049903e+00
1.155694412281860872e+00
1.145787750853889397e+00
1.129957865341640000e+00
1.114626623883296697e+00
1.101433389635499527e+00
1.057596372254419270e+00
1.029020400653100964e+00
9.989749373120458964e-01
1.011232472689871598e+00
1.069356495098692905e+00
1.147866590426782851e+00
1.160243723272252003e+00
1.168137849696020414e+00
1.171539353364936753e+00
1.162160179940546323e+00
1.162138237746185299e+00
1.136203620764902000e+00
1.108852849194337686e+00
1.049465207199719696e+00
1.003121964332142513e+00
9.744213477602896578e-01
9.983115677436666946e-01
1.095619037722356914e+00
1.204381615090630797e+00
1.254975149366081455e+00
1.240960440420629141e+00
1.181018246456698950e+00
1.060699840599473420e+00
1.105664193898698855e+00
1.194203773001312197e+00
1.234920932358046120e+00
1.242357062296910009e+00
1.198745907586916459e+00
1.134514149675701411e+00
1.023413658195831299e+00
9.699953817469310069e-01
9.267485384288944861e-01
9.289140401594262464e-01
9.887508684889568800e-01
1.072005446013690522e+00
1.424659327241782236e+00
1.453431280144377835e+00
1.386469769547213016e+00
1.276387754723704804e+00
1.119888202325027837e+00
1.037279812836846338e+00
1.039729858166919207e+00
1.064325404200638925e+00
1.059624913097833021e+00
9.949178727329214267e-01
9.518936611425511396e-01
9.651985815280295089e-01
1.031646125559167571e+00
1.278838189112507351e+00
1.425405774084735455e+00
1.460040186468022805e+00
1.390765657558398871e+00
1.270313188970919827e+00
1.109939162447028060e+00
1.025243171666049280e+00
9.859991640347381958e-01
9.643247096739625546e-01
9.722639466554640064e-01
9.772983910488908244e-01
1.001001892290931616e+00
1.093893307633725831e+00
1.364851384315308502e+00
1.411943659377490112e+00
1.391367715925430959e+00
1.239581473530363853e+00
1.117792291741932509e+00
1.020358937688184309e+00
1.000250414817745348e+00
1.015293761758832902e+00
1.050597945530373556e+00
1.024082998361650843e+00
9.520287289672755282e-01
9.642847121753675976e-01
1.073394094771166207e+00
1.388981759745032907e+00
1.495244906516942640e+00
1.466506320622388282e+00
1.277423580229223976e+00
1.158078692931292286e+00
1.031906864444548821e+00
9.699013801354512410e-01
9.827893193196841626e-01
1.013694149352542873e+00
9.677025932743221759e-01
9.010866136330323295e-01
9.699422386810250263e-01
1.138913525713172170e+00
1.400639808256967322e+00
1.486130360345302659e+00
1.434294074849065126e+00
1.251221037554252513e+00
1.148283407002056222e+00
1.015268659215150748e+00
9.182110071954006081e-01
9.643118957806825486e-01
1.097806224551246324e+00
1.097440930805957171e+00
9.905397451670587827e-01
9.896242879025453076e-01
1.093777393680227084e+00
1.473109196875716176e+00
1.529864313560565403e+00
1.462690419506479600e+00
1.234215512706827278e+00
1.114992940964920631e+00
1.043742824688371096e+00
1.008440956769353969e+00
9.990047845486734746e-01
1.096454810387229362e+00
1.101399009904254545e+00
9.648620107389327405e-01
9.248700231201611999e-01
1.048391683631847648e+00
1.156504959908020158e+00
1.282435701641663428e+00
1.153048182871123872e+00
1.217908531181803866e+00
1.375011416041497903e+00
1.479672493963297697e+00
1.620187346884168322e+00
1.687760722325866158e+00
1.689933343053865666e+00
1.623780117083946761e+00
1.367606452701691122e+00
9.983348431505734144e-01
8.750613801177868911e-01
9.800352429027914258e-01
1.168241873707170031e+00
3.664060734633636240e+00
3.942076843492973826e+00
4.182658752206412700e+00
4.181015885309742330e+00
3.995746684055520248e+00
3.789030166030622926e+00
3.494950143250739050e+00
3.398579395894509414e+00
3.371443808409051446e+00
3.428977031548603449e+00
3.421352811635861357e+00
3.370985466746307502e+00
3.369383920721336967e+00
3.531532610050778231e+00
3.789274743209076757e+00
4.385572879315883910e+00
4.878681615375347391e+00
5.662352799224631639e+00
7.526128136507658439e+00
7.678312143820375191e+00
7.463215750635965762e+00
6.902493277264183824e+00
5.590558404071805043e+00
4.797278385604432316e+00
4.343121649009381358e+00
4.400439063327286959e+00
4.601258870312030069e+00
4.633897630952920288e+00
4.468517654846799303e+00
4.010002386871803104e+00
3.786691843512082656e+00
3.902206389744908854e+00
4.446212199732876513e+00
5.814024959761840528e+00
6.970070900254536461e+00
8.788651103897230144e+00
9.989107721457356703e+00
1.181592270864170580e+01
1.312681297910685174e+01
1.537850211966580538e+01
1.701857078546085589e+01
1.960467987441992932e+01
2.129944391970487061e+01
2.507149646175264479e+01
2.713021589069620987e+01
2.856937828068696206e+01
3.103861802630973443e+01
3.290398161475297911e+01
3.578181312821350701e+01
3.825342014680710889e+01
3.939291715696100482e+01
4.024204302474977624e+01
4.037423319465148808e+01
4.027035627689987507e+01
4.017484208998341444e+01
4.016961268380261885e+01
4.013740812334195596e+01
3.989447468414323339e+01
3.948472718110063084e+01
3.852722642141824139e+01
3.774538164035205767e+01
3.656712805658544596e+01
3.583882326851698252e+01
3.490179469992798289e+01
3.426670463958102175e+01
3.303448596052631103e+01
3.197179678296928529e+01
3.012129125838185928e+01
2.891114088104567514e+01
2.734977828950980694e+01
2.652677734813579491e+01
2.544147677677506181e+01
2.469614717865930942e+01
2.342427466883615850e+01
2.204844855485808353e+01
2.117125304190345503e+01
2.002907069520146877e+01
1.941183836049515321e+01
1.857567385396239601e+01
1.800929571680914165e+01
1.706729893775574425e+01
1.639603484334324435e+01
1.549508854397657664e+01
1.500660356132356021e+01
1.452011544323943681e+01
1.430656095480507695e+01
1.406780878107543842e+01
1.392166699866123558e+01
1.364481955854429529e+01
1.347441416956091231e+01
1.331001681802377767e+01
1.328893633498151594e+01
1.337735549807906743e+01
1.350750687840900000e+01
1.369735486207521191e+01
1.382470808037226462e+01
1.401534287950585700e+01
1.430557993876299072e+01
1.457546918372742084e+01
1.506375865045530738e+01
1.737858045422905562e+01
1.735456860369307108e+01
1.735879756959233333e+01
1.738309710460486812e+01
1.742352704823324672e+01
1.744579427593239629e+01
1.747432678910064396e+01
1.752747903658948658e+01
1.769759386881470320e+01
1.789362395986272247e+01
1.831738902018936344e+01
1.855366452196044591e+01
1.873101856818875177e+01
1.857086806027765391e+01
1.834332359268950441e+01
1.793124323122331631e+01
1.769843177427762981e+01
1.742419540040769377e+01
1.724816920545382715e+01
1.684374713733997453e+01
1.645251860578247616e+01
1.273130797287775984e+01
1.277542790282426566e+01
1.284174123589665761e+01
1.288188013502753826e+01
1.296245412263509600e+01
1.298072360638577116e+01
1.296055957021581229e+01
1.292238479033776066e+01
1.281444621499757908e+01
1.269904793085724393e+01
1.253588833481855858e+01
1.235715863814857940e+01
1.220254688422281930e+01
1.199925835787000317e+01
1.184185190517246689e+01
1.161696190901072079e+01
1.151892600131262157e+01
1.145876039731043328e+01
1.145662036442313791e+01
1.154111196542061890e+01
1.157312350016647962e+01
1.153396393030661748e+01
1.153396685575803815e+01
1.150798234148862775e+01
1.148597369847302474e+01
1.150402041352561611e+01
1.150798527354484335e+01
1.151195655377701854e+01
1.154039337846161217e+01
1.159336064602602612e+01
1.180795394071699356e+01
1.207342439150159485e+01
1.261635432236598930e+01
1.301379797574443131e+01
1.343679978825270993e+01
1.357565222923352088e+01
1.358169248980937027e+01
1.358297464686001810e+01
1.374297257008271878e+01
1.397047938724017691e+01
1.439755699476650186e+01
1.459860040260821101e+01
1.442331986909917418e+01
1.444603895039574581e+01
1.446876183667251503e+01
1.449158675463779034e+01
1.449158675463779034e+01
1.451432038509355671e+01
1.451433486067208101e+01
1.449654444310456824e+01
1.449819965146625655e+01
1.452752542857654205e+01
1.457630665503971024e+01
1.475841787251314763e+01
1.485121658185582660e+01
1.492285318448547393e+01
1.485608251319954931e+01
1.462356055486000983e+01
1.444006476268798700e+01
1.429302297781429765e+01
1.425798194594463730e+01
1.421458750079619371e+01
1.415566352408320583e+01
1.390950668091880082e+01
1.372588294899203021e+01
1.347325621858146683e+01
1.335928297748382754e+01
1.325677372969048484e+01
1.313230504657705033e+01
1.300628492057159491e+01
1.278986861905034367e+01
1.266075545730015861e+01
1.255006765355940779e+01
1.252386294518720611e+01
1.249567522317814472e+01
1.242727807040275145e+01
1.224653548992750096e+01
1.211420427123051624e+01
1.198224172086107231e+01
1.193622498965534184e+01
1.193216554587823808e+01
1.191763397817378234e+01
1.189086376327071015e+01
1.189834073434804651e+01
1.202475880979145728e+01
1.200643803794248754e+01
1.200706906925535655e+01
1.200540607727488407e+01
1.197740696318504838e+01
1.197741072706863541e+01
1.198137463148305848e+01
1.201107560993680679e+01
1.213162352985950676e+01
1.229478517172275787e+01
1.266498284494727677e+01
1.310205427262765809e+01
1.333790018697259327e+01
1.357241473076565441e+01
1.362114616757200025e+01
1.360408905192537077e+01
1.360966592540054521e+01
1.368110227304304694e+01
1.379581709778016219e+01
1.397474820164431719e+01
1.408272048989844372e+01
1.415625815507933005e+01
1.411835355670059400e+01
1.397781890364654167e+01
1.389271492209045711e+01
1.383043038542112768e+01
1.384830690717311086e+01
1.391519353860478603e+01
1.396241851961959313e+01
1.391843902165589419e+01
1.384846163647488027e+01
1.368945764461442849e+01
1.362490701950101091e+01
1.354472602942398929e+01
1.348525222102792931e+01
1.225393248376872890e+01
1.222986874498506182e+01
1.222824231051949972e+01
1.220572219652579449e+01
1.218328438594300067e+01
1.218328438594300067e+01
1.215705842568961437e+01
1.213463288709380272e+01
1.214168565812696521e+01
1.220625110834084737e+01
1.229351524887380442e+01
1.249848206221395763e+01
1.266862521400267738e+01
1.282317914677130410e+01
1.288951409625399691e+01
1.289190977764176793e+01
1.288592957781045811e+01
1.291075877698979646e+01
1.294748435240450135e+01
1.305720597054067511e+01
1.312457892361290313e+01
1.322048497904001785e+01
1.322088108684989294e+01
1.324171280149649732e+01
1.325835670322443249e+01
1.336278648760939447e+01
1.346594828627411644e+01
1.360715455939197405e+01
1.366407152385008850e+01
1.364431115806076455e+01
1.363715907347551948e+01
1.360405432426316175e+01
1.362326076574519895e+01
1.366515821175364565e+01
1.371937176419267956e+01
1.373185920457754072e+01
1.371839575895746144e+01
1.371015248186260571e+01
1.371843855254515709e+01
1.375114652691313211e+01
1.379064783068572453e+01
1.271000911997092864e+01
1.268783280730224483e+01
1.266728772086688437e+01
1.269346412494339127e+01
1.269345721288541995e+01
1.269492956187792032e+01
1.269434810190161933e+01
1.267325922409011341e+01
1.264501659559483571e+01
1.263436900610824587e+01
1.264983768719746138e+01
1.270726362846478530e+01
1.280977167371930570e+01
1.286185581601848149e+01
1.289696649221111713e+01
1.287793694115722332e+01
1.281599278849066970e+01
1.279526472931114434e+01
1.279709107967313741e+01
1.284388909379841337e+01
1.295988381281614110e+01
1.300857172557194374e+01
1.307976406920280432e+01
1.301649846425030255e+01
1.299547615658891608e+01
1.297788931911734167e+01
1.298114321762527368e+01
1.300735409759028016e+01
1.304903947908709050e+01
1.304903647268796973e+01
1.303159202353285906e+01
1.298278659385508327e+01
1.300220156054349729e+01
1.313200033413644441e+01
1.328551355437334358e+01
1.355326197733081806e+01
1.369747152920717603e+01
1.374229259270301640e+01
1.367650534174729060e+01
1.354316722112140070e+01
1.350013592487887415e+01
1.358114395061610047e+01
1.368662375072778126e+01
1.380604920016672388e+01
1.381974075312613515e+01
1.301900993987331212e+01
1.303818137437196789e+01
1.304164825181272391e+01
1.301389086142994600e+01
1.296856028383668757e+01
1.296687209471764035e+01
1.296853770143434836e+01
1.297886081473275155e+01
1.296671583359085567e+01
1.297242359120250299e+01
1.299404240368797048e+01
1.309448884647884981e+01
1.322341343079596143e+01
1.340335476078272769e+01
1.348803127666140256e+01
1.347553102883600573e+01
1.342499790160565709e+01
1.330068109029216217e+01
1.326650123241174128e+01
1.328487441504054267e+01
1.333353991817987705e+01
1.339551817074551643e+01
1.259332411500226989e+01
1.257056337828392323e+01
1.254790204129945153e+01
1.254790204129945153e+01
1.257056337828392323e+01
1.259331408515856054e+01
1.259493958790051948e+01
1.258239042370991179e+01
1.259266015361177260e+01
1.266567263286922973e+01
1.277537605052878256e+01
1.298449304014620509e+01
1.315692044072345013e+01
1.337111962757753680e+01
1.346531571953481610e+01
1.351249098335950372e+01
1.349510106194508907e+01
1.343464102778582969e+01
1.341929911905207184e+01
1.347181982269195011e+01
1.352083777196225434e+01
1.362047388013147575e+01
1.276567591505558319e+01
1.274302855489165864e+01
1.274302855489165864e+01
1.274300583005524423e+01
1.274300583005524423e+01
1.274297975494299173e+01
1.274299579691775897e+01
1.274299579691775897e+01
1.274805517602314353e+01
1.278251704711596126e+01
1.284666066480177449e+01
1.302077723496949524e+01
1.316393377273391607e+01
1.337891509414581748e+01
1.350635517776623473e+01
1.364412325280535399e+01
1.368237423307429523e+01
1.371354975507419205e+01
1.370489955718707087e+01
1.371699496118698214e+01
1.378889510154577991e+01
1.384366636280228668e+01
1.310774836560796963e+01
1.308486483069712136e+01
1.306195574515409774e+01
1.303903885165374277e+01
1.301604121584545659e+01
1.301603798980861448e+01
1.301748170697975482e+01
1.302981204993218967e+01
1.302093631514728678e+01
1.303315497707589721e+01
1.302037527865233635e+01
1.304691440222869936e+01
1.309748255334606348e+01
1.320741434921238344e+01
1.325097383648517990e+01
1.327345123388503723e+01
1.317949630069164790e+01
1.309438602183986511e+01
1.299006878688578404e+01
1.296574424489309330e+01
1.300773001207779700e+01
1.225755616702649320e+01
1.225754493337971418e+01
1.225612905579221668e+01
1.225471009556057389e+01
1.225471769119815413e+01
1.225612207755454719e+01
1.226064771218590366e+01
1.227122583443834181e+01
1.228195498705029820e+01
1.231019745236721441e+01
1.238313484035057144e+01
1.256276969972616975e+01
1.272131063242399307e+01
1.299057141239747715e+01
1.315031786033041783e+01
1.326949439894251270e+01
1.327777626958507895e+01
1.322412277114545276e+01
1.324001102470136537e+01
1.332814297145615612e+01
1.347196419452161642e+01
1.357627849799967734e+01
1.384477067845716469e+01
1.372659876100491338e+01
1.361959953161300518e+01
1.346075087099929668e+01
1.337976333055025613e+01
1.330017010094428009e+01
1.327257759642105661e+01
1.320223416528247995e+01
1.316259035581235715e+01
1.310787567409455256e+01
1.312657980820196535e+01
1.318280664618519893e+01
1.325297242360901784e+01
1.334635188288942587e+01
1.339835604690463455e+01
1.339493968095660037e+01
1.331496046177612236e+01
1.324348888635119970e+01
1.314756994009866276e+01
1.310037702823200689e+01
1.302712825023870202e+01
1.297332620019041016e+01
1.287400999210517760e+01
1.280421047191074813e+01
1.269593273672811762e+01
1.268339989128112322e+01
1.273726411478986797e+01
1.278077057422513185e+01
1.281428322567301059e+01
1.278486890000350051e+01
1.266488362085133446e+01
1.254851984711637058e+01
1.240625585773054418e+01
1.237690148030794113e+01
1.241074764876670500e+01
1.247394425098319282e+01
1.253718740917516072e+01
1.254060378147649857e+01
1.248582484359877220e+01
1.246804010586716949e+01
1.248386502289496214e+01
1.253822364503602138e+01
1.259824932876529680e+01
1.263422943413596045e+01
1.263278485342064883e+01
1.260848261492045808e+01
1.260039051375858321e+01
1.255544037212649577e+01
1.253965598696653672e+01
1.256231816655315114e+01
1.258029380347807091e+01
1.268023238767862715e+01
1.273312297735894916e+01
1.280767375100791661e+01
1.283368324501903146e+01
1.290090916358650119e+01
1.294384966479410792e+01
1.299426331948834346e+01
1.304477135142611210e+01
1.308289213758507508e+01
1.311344104437327474e+01
1.309673905239649372e+01
1.310005714705000912e+01
1.311434616537281528e+01
1.310993444732992863e+01
1.315592879920565927e+01
1.320060537416295965e+01
1.322075789964055303e+01
1.319347688846499089e+01
1.314595036083479052e+01
1.305813852088644111e+01
1.302535747834236446e+01
1.301100561360317975e+01
1.301291645755470405e+01
1.308560091708064910e+01
1.320934227449856557e+01
1.329921317636494393e+01
1.340735512376018868e+01
1.345321131216526567e+01
1.344268513394754549e+01
1.336554739200043151e+01
1.327261486200979590e+01
1.325809117830061901e+01
1.331179560706618048e+01
1.337842647321969203e+01
1.267251511700112410e+01
1.269360220151926733e+01
1.268705547052461391e+01
1.268213053357082565e+01
1.267545407361823706e+01
1.267544318857784269e+01
1.265919635923157038e+01
1.264469882164383918e+01
1.257239882422791943e+01
1.254600426749362363e+01
1.255665056243045896e+01
1.262135385153600886e+01
1.279913941227523821e+01
1.293998298031766048e+01
1.308953969214171487e+01
1.310011500504595894e+01
1.297452939422018403e+01
1.290639346489834693e+01
1.287697638379301779e+01
1.298854745886845130e+01
1.309309836057671284e+01
1.323045328456140624e+01
1.326846007474880373e+01
1.323362424293880579e+01
1.311569210973434352e+01
1.294137659087063774e+01
1.283095280219296619e+01
1.279699213789689516e+01
1.284221059567086343e+01
1.292322877034619566e+01
1.287123175236201966e+01
1.287123175236201966e+01
1.287419486878353325e+01
1.289871593014754403e+01
1.292464432467841817e+01
1.290017767768737222e+01
1.286008393345267997e+01
1.284163171729694852e+01
1.289192334058207301e+01
1.296260813646693144e+01
1.311506159369494107e+01
1.322407735261416306e+01
1.329913587480587189e+01
1.331077399105507553e+01
1.332565765312143391e+01
1.331140120029700924e+01
1.328840994952959953e+01
1.324408212564605236e+01
1.322597053548955337e+01
1.320474621839352025e+01
1.317559161846183891e+01
1.249390408933564345e+01
1.246942662503444410e+01
1.242460262596425657e+01
1.240154637870285548e+01
1.240294197577540913e+01
1.240576312553369753e+01
1.241000010503784701e+01
1.241569447066089005e+01
1.243444428165680904e+01
1.248419913012933335e+01
1.257911481698719491e+01
1.277732421506449789e+01
1.291427741419348685e+01
1.307439739458864381e+01
1.314654663365414144e+01
1.318816004042972168e+01
1.320801622742940573e+01
1.321463652664466615e+01
1.324419107065441636e+01
1.332254724664977985e+01
1.337431974506187160e+01
1.344518035197329731e+01
1.347353923507792395e+01
1.266478973951573828e+01
1.261314651272874698e+01
1.261312938589165888e+01
1.261725243079312797e+01
1.264317239744085342e+01
1.268661171248933783e+01
1.268661293079458652e+01
1.269072610259872036e+01
1.270030508844704720e+01
1.274446398540772840e+01
1.283078318769743653e+01
1.298782340734073948e+01
1.308723297327523127e+01
1.310880299878712485e+01
1.303117263783894053e+01
1.293362403685669548e+01
1.282056180168218162e+01
1.282228193146777606e+01
1.292166983963340954e+01
1.301802184143475927e+01
1.315571779280662490e+01
1.317747322324089687e+01
1.277959094780304383e+01
1.277823395837499021e+01
1.275373277890074064e+01
1.273064369800707318e+01
1.268433501619228032e+01
1.268433501619228032e+01
1.266123188571452829e+01
1.268571017816709379e+01
1.269551052884860809e+01
1.272852102192620904e+01
1.282232307390867021e+01
1.290904140106526476e+01
1.306360738945797628e+01
1.318035095590305872e+01
1.325658480925517679e+01
1.323944133399839984e+01
1.320510606184818236e+01
1.315741411835045227e+01
1.314006318723995470e+01
1.317630923498836992e+01
1.322945855549378535e+01
1.328121057499121527e+01
1.233731496031611385e+01
1.233591999144979923e+01
1.233591999144979923e+01
1.233591999144979923e+01
1.235905244933650948e+01
1.236044480753179720e+01
1.236715360878323722e+01
1.234814142837886841e+01
1.231014625187116529e+01
1.230122206618842462e+01
1.237517722374489182e+01
1.251023451002704689e+01
1.281110304967660518e+01
1.300046438611490984e+01
1.315571931997424926e+01
1.312222245018837263e+01
1.297024425878983678e+01
1.289827734482040178e+01
1.293496044698591696e+01
1.304107446420099414e+01
1.324318643131504381e+01
1.334081089851842528e+01
1.280402685526954976e+01
1.280404016545581847e+01
1.280404300228145331e+01
1.280524224246927822e+01
1.280645580334732259e+01
1.280645292682356384e+01
1.280522863738268136e+01
1.281155843955951568e+01
1.282300237569914003e+01
1.283333620135502251e+01
1.292541889921639964e+01
1.303298640994614388e+01
1.323888284735941134e+01
1.338741117001965186e+01
1.346904497720889715e+01
1.342829890328664533e+01
1.330057142181124163e+01
1.324267470537847124e+01
1.321693991429013870e+01
1.322582798825951933e+01
1.325782616962347582e+01
1.323948250882461863e+01
1.216960809588772996e+01
1.216823786476481395e+01
1.216822549469311099e+01
1.216686687286827429e+01
1.216822549469311099e+01
1.216822549469311099e+01
1.217248487670105206e+01
1.215238832824852722e+01
1.211938919603285392e+01
1.211402391204514473e+01
1.214277176062344665e+01
1.228082601939543927e+01
1.244761309167323837e+01
1.276474834066278774e+01
1.291823075784514252e+01
1.297091189500879516e+01
1.286982152479774122e+01
1.269958388451605913e+01
1.262900388602097657e+01
1.266939305199831800e+01
1.277783624399207341e+01
1.302393991951076124e+01
1.315621637998728310e+01
1.326298496739687849e+01
1.325643244337974735e+01
1.322673505047576015e+01
1.320088881950347215e+01
1.322293108213867896e+01
1.329641871666814090e+01
1.339693327424204305e+01
1.344844635414647804e+01
1.345230884559161844e+01
1.343051993645813980e+01
1.335895440037832849e+01
1.333126115230309772e+01
1.335116874151700195e+01
1.337336885352794980e+01
1.337335526132645391e+01
1.330372707287321710e+01
1.323411129786375007e+01
1.312097431430650296e+01
1.305423141473863424e+01
1.296444032466272489e+01
1.176528455712190713e+01
1.176528455712190713e+01
1.176527221843351612e+01
1.176254089320817187e+01
1.176252862139718935e+01
1.176252862139718935e+01
1.178986059375363737e+01
1.179821342486487445e+01
1.183396383621722947e+01
1.184404369310446548e+01
1.195830286373522000e+01
1.210731927905135485e+01
1.245012814502391407e+01
1.268909541560824117e+01
1.297709691169866453e+01
1.307641774680531022e+01
1.301257999104807439e+01
1.289839133031145479e+01
1.282859088305065320e+01
1.285265824682477742e+01
1.298765800550168770e+01
1.296435083824749590e+01
1.293985254190640433e+01
1.291544993175525846e+01
1.288962383550761537e+01
1.289078940048375266e+01
1.291518162856787022e+01
1.293958296257365070e+01
1.294337410681833056e+01
1.299614305833280703e+01
1.304626441219287258e+01
1.324230880608514482e+01
1.336501597055623947e+01
1.351602005844910082e+01
1.354312479265350433e+01
1.350054792869077858e+01
1.343097823697688931e+01
1.336414497275947433e+01
1.334367783108255345e+01
1.329885468427440642e+01
1.325670201225831057e+01
1.314036916472951155e+01
1.309322973167372872e+01
1.303553335106473376e+01
1.300620753449507561e+01
1.299628113949370167e+01
1.294780036912725940e+01
1.293028206361561416e+01
1.289565700459222342e+01
1.287870369419401051e+01
1.182585478912637456e+01
1.184905557449170033e+01
1.184904240972433698e+01
1.184904240972433698e+01
1.182583894547011738e+01
1.180511104027160663e+01
1.183222502856271241e+01
1.183604813839500558e+01
1.184374423852891667e+01
1.187739471795241109e+01
1.199720758372445317e+01
1.213427316071488882e+01
1.248590837961546285e+01
1.275265366305196579e+01
1.302852389796599120e+01
1.306163014498139852e+01
1.296553245982686597e+01
1.286076423791297785e+01
1.276388763765010026e+01
1.287109646123911944e+01
1.302232235664757631e+01
1.329611114199689581e+01
1.342108303605658470e+01
1.273581635042614657e+01
1.275568459093334894e+01
1.280001215540281301e+01
1.282233986087465105e+01
1.282235700963905245e+01
1.279803079743633276e+01
1.275125860841718506e+01
1.270702156567281982e+01
1.267173644393439957e+01
1.270670792201728716e+01
1.277378284550981213e+01
1.285594371915845002e+01
1.298468202008412042e+01
1.305700540847281133e+01
1.309595154976689102e+01
1.309221786577900382e+01
1.302238181950410123e+01
1.295764029701532394e+01
1.290066335928878338e+01
1.288658774240373539e+01
1.293032635855602486e+01
1.230729595411112598e+01
1.233137312852642964e+01
1.233208850584935767e+01
1.233043138463289701e+01
1.228357899136672238e+01
1.223372801203732685e+01
1.221199927399734619e+01
1.222063853338936745e+01
1.223093268992836791e+01
1.224984190618008917e+01
1.231186671083749751e+01
1.246803194391098124e+01
1.261436004624889407e+01
1.285411153191327749e+01
1.294983313648660861e+01
1.300252787810234523e+01
1.298288624555725868e+01
1.294618778769464917e+01
1.295098542981328293e+01
1.299972822912940096e+01
1.307207244700811799e+01
1.253865421839977401e+01
1.251630625899036708e+01
1.251524513387163218e+01
1.251524513387163218e+01
1.253862496522897452e+01
1.256213378255850088e+01
1.256319952468365386e+01
1.254515991481867765e+01
1.253279542147320136e+01
1.254637667758596464e+01
1.263873376177941132e+01
1.274666211812373540e+01
1.299873045409833239e+01
1.328536988584943401e+01
1.345004335600185108e+01
1.353978974310239458e+01
1.351423747261435260e+01
1.339845603166752852e+01
1.330973691942183557e+01
1.325009881837106640e+01
1.323263294399817269e+01
1.222660584131949690e+01
1.222762109398689034e+01
1.220183714399336239e+01
1.220521225965661039e+01
1.218291888146772095e+01
1.220860993365901770e+01
1.223438863833558443e+01
1.226111675079676999e+01
1.224576650670470457e+01
1.220967881496196128e+01
1.220696678556285519e+01
1.226715880927326019e+01
1.247475312536615100e+01
1.264643127054019267e+01
1.281430930240919253e+01
1.285953028932057052e+01
1.278336073529527717e+01
1.268276919162230776e+01
1.265447768563196007e+01
1.273889394068616809e+01
1.285294759617288740e+01
1.306043814569100014e+01
1.315616581124551843e+01
1.316573412737145787e+01
1.312770627968361126e+01
1.302620706969775988e+01
1.303013011648968522e+01
1.307691122838610731e+01
1.311854007506058650e+01
1.316035913297857896e+01
1.316038739535329682e+01
1.311859143909032888e+01
1.307581315628410401e+01
1.303181006999683511e+01
1.300859866374685581e+01
1.298165336748758492e+01
1.298052927401742629e+01
1.295247414447423751e+01
1.292583641172493003e+01
1.284719948333560069e+01
1.279402469108420171e+01
1.276250870647571745e+01
1.275723617818731803e+01
1.275464282431087071e+01
1.270208537315903108e+01
1.265384550250455753e+01
1.258227436597268500e+01
1.258132449360612171e+01
1.255364551081678393e+01
1.253028517319835977e+01
1.245788668819579570e+01
1.243289038766694077e+01
1.240802576351248909e+01
1.243036715033601958e+01
1.247019577142945224e+01
1.246589869672588335e+01
1.245674387608532641e+01
1.242924091082860549e+01
1.240011966884260985e+01
1.240012529871999369e+01
1.242113451196570395e+01
1.244206273775778371e+01
1.190233655541418756e+01
1.190453086641610803e+01
1.190453086641610803e+01
1.193011150515528485e+01
1.195129101350039136e+01
1.197250981529796299e+01
1.197355560596831303e+01
1.195771057432996365e+01
1.194427707249738191e+01
1.194385534956265360e+01
1.203050761649001998e+01
1.228615700123524057e+01
1.253206374053990402e+01
1.289539326843765643e+01
1.306524907335252372e+01
1.317117474347461759e+01
1.315929319201517345e+01
1.314763636716237016e+01
1.317477327465645587e+01
1.326395295596022628e+01
1.332769245666687574e+01
1.264790001373718198e+01
1.267137580205348435e+01
1.271813184854075196e+01
1.274154186724651083e+01
1.272039716628363948e+01
1.267591412821006358e+01
1.265244706580973499e+01
1.265681816317989394e+01
1.268806649113715324e+01
1.275075468007609203e+01
1.283372358008052672e+01
1.301875424955291827e+01
1.319175631923490144e+01
1.347563871466915764e+01
1.361560843929508735e+01
1.370420094217106666e+01
1.367735275689044983e+01
1.356033481043908928e+01
1.349132374982864135e+01
1.343055639531171686e+01
1.341568612225118429e+01
1.269804953350949184e+01
1.269708271129904098e+01
1.269705282922445910e+01
1.269442601621797806e+01
1.271441320192125701e+01
1.273619126846364225e+01
1.271381514877461960e+01
1.269412205558387541e+01
1.263516606619884364e+01
1.260096626684739363e+01
1.262117208495211607e+01
1.272920119297655361e+01
1.282557828185672300e+01
1.293609899396138552e+01
1.293101833442319659e+01
1.287459974285372510e+01
1.282843160091335655e+01
1.276150168550305075e+01
1.274101360432869434e+01
1.276534206561357720e+01
1.278207862733314215e+01
1.281707982210015828e+01
1.280962057722088510e+01
1.287097557381092550e+01
1.291388206982184883e+01
1.297665327188696693e+01
1.299642885613721610e+01
1.296168988160870406e+01
1.290916570706536781e+01
1.285655205986506644e+01
1.213080691432286073e+01
1.213080691432286073e+01
1.213081218071271117e+01
1.210718713791867174e+01
1.208366726629723509e+01
1.206014367751457605e+01
1.206102399140230830e+01
1.204317592785358393e+01
1.200382407629486714e+01
1.197903007044974899e+01
1.197461981684705634e+01
1.207870895947924872e+01
1.219237155328556454e+01
1.244429977068375592e+01
1.261130358884029334e+01
1.274737382094322058e+01
1.276554252601492934e+01
1.262266418671634405e+01
1.250790986841328056e+01
1.242518820425656401e+01
1.245941393368520345e+01
1.261260294780841740e+01
1.273039876062236786e+01
1.260568105557712748e+01
1.258310839072997922e+01
1.258310839072997922e+01
1.255877963637136574e+01
1.257840377156696832e+01
1.257630428561106228e+01
1.255413331595320692e+01
1.253364129309514219e+01
1.249696120518354192e+01
1.250619876713165368e+01
1.257115997355819914e+01
1.265104247729653153e+01
1.284480567479645607e+01
1.296195986547518331e+01
1.311954199895109952e+01
1.320838610705185090e+01
1.325058957424476169e+01
1.324889194376186374e+01
1.320464751073892273e+01
1.315757601870059013e+01
1.311203049916283447e+01
1.264913703018903846e+01
1.262502387421503514e+01
1.260340852159048275e+01
1.255427409388928517e+01
1.250413080435474811e+01
1.247758324292403032e+01
1.240679671570059739e+01
1.236796585999080555e+01
1.233061792274282809e+01
1.233010014150525890e+01
1.237080818377470948e+01
1.246202731242949291e+01
1.254240793721133151e+01
1.271258619332779993e+01
1.280626606015829694e+01
1.292337937612512810e+01
1.292338296408713560e+01
1.287492888827339499e+01
1.282722409710821765e+01
1.277804230240340644e+01
1.277724886296314821e+01
1.224003514398076575e+01
1.228914350380568798e+01
1.233866575947048894e+01
1.236253436312652809e+01
1.233699032621344749e+01
1.231309536796767112e+01
1.228944557601788645e+01
1.227470730336249360e+01
1.228452652119954713e+01
1.235280814508508485e+01
1.239559499168485068e+01
1.251406980743714392e+01
1.259654050123775981e+01
1.277044130741985661e+01
1.288821343453948387e+01
1.305060303613610806e+01
1.317306751097540918e+01
1.327834837933795420e+01
1.331355008995572220e+01
1.335231701891896527e+01
1.330969647103708375e+01
1.313337010990829334e+01
1.301788486502153397e+01
1.292638496175080576e+01
1.280446908504337067e+01
1.277564450702893772e+01
1.278778787548922757e+01
1.283228068519028220e+01
1.288552343118509924e+01
1.289751763291935305e+01
1.289945178463991304e+01
1.294132347535079042e+01
1.303096478977087358e+01
1.310611647046866501e+01
1.319612020015942555e+01
1.319163701587767434e+01
1.312352625199811662e+01
1.299637653018172223e+01
1.294325058220726632e+01
1.296181644010819767e+01
1.299067694778283055e+01
1.308708274497083224e+01
1.310556873324068050e+01
1.305051445739972849e+01
1.302404602499657393e+01
1.297428146806277027e+01
1.299814295042237866e+01
1.303321824756975644e+01
1.304265999227368766e+01
1.301537521700286426e+01
1.298035531173716883e+01
1.293962453927276357e+01
1.293487435945669084e+01
1.296785847062486496e+01
1.300207336607168429e+01
1.301686556401898187e+01
1.296574952771004696e+01
1.286717226436479677e+01
1.281876260592935068e+01
1.274446681335726872e+01
1.272026309896775409e+01
1.271768756273835521e+01
1.162489245217953382e+01
1.164840863837524587e+01
1.164841140241188100e+01
1.164839712759965806e+01
1.164838015666020077e+01
1.164837743646044288e+01
1.162699424188630992e+01
1.160838009517815728e+01
1.164156952879555007e+01
1.170942860952816389e+01
1.179708103501807237e+01
1.197985919407338962e+01
1.212515859966021559e+01
1.231083216845095585e+01
1.244399122823755732e+01
1.255411209272054762e+01
1.260217464021920186e+01
1.267794644897262835e+01
1.273133142743570900e+01
1.287788879484476645e+01
1.306139237195226954e+01
1.270544214664488614e+01
1.275279854022229564e+01
1.277808044192068770e+01
1.277808044192068770e+01
1.277990606573444232e+01
1.275483430938230356e+01
1.273278868321008872e+01
1.271479139872650421e+01
1.270266064507139703e+01
1.275483521895515437e+01
1.283146825389698620e+01
1.299751030649770200e+01
1.316512486350807443e+01
1.339207721116988559e+01
1.353131321230927675e+01
1.368480101520775705e+01
1.372750359934977382e+01
1.371023785726078614e+01
1.367699108210252845e+01
1.363989965493606071e+01
1.360073069133675894e+01
1.247036985041061463e+01
1.247086673253895484e+01
1.244771192838052443e+01
1.242414867473945073e+01
1.242363844342377810e+01
1.240006230769655993e+01
1.240250457770692805e+01
1.241247030328696965e+01
1.239979587569217578e+01
1.243531673510401170e+01
1.244318644804089757e+01
1.254340144907680532e+01
1.267260275074031384e+01
1.276798263548742085e+01
1.286478428796212903e+01
1.289490740703876881e+01
1.288216996385645707e+01
1.286440217793341922e+01
1.283770904018202685e+01
1.283012375899066981e+01
1.288275576047377413e+01
1.261945110897341671e+01
1.257259855863842013e+01
1.257259855863842013e+01
1.254841140819886469e+01
1.252189715053775920e+01
1.251823348125090618e+01
1.249704899786277501e+01
1.247887853920034118e+01
1.246372412546688935e+01
1.253169038876296426e+01
1.261477124776899039e+01
1.279061866974616102e+01
1.291070990318765332e+01
1.304528966220427222e+01
1.310913601838754872e+01
1.312543883746375784e+01
1.309974024450893104e+01
1.309744210153080246e+01
1.312083645159539280e+01
1.316470785118417197e+01
1.320180272313195680e+01
1.319521870423559662e+01
1.318876058742769253e+01
1.318657626832869312e+01
1.318358441953058069e+01
1.320498556697938319e+01
1.321734154237215364e+01
1.318718880932396154e+01
1.308135901390924438e+01
1.302853525503752863e+01
1.295323066734948902e+01
1.293070238376254544e+01
1.298094006887772878e+01
1.302854275529987937e+01
1.155904619458785731e+01
1.153544961666497137e+01
1.153544961666497137e+01
1.153545918564291561e+01
1.156095349568013653e+01
1.158644377170487871e+01
1.158831767264870649e+01
1.154895393312054530e+01
1.153780086026926099e+01
1.154949124719735210e+01
1.171407540692281479e+01
1.186213688623477580e+01
1.214592689592461028e+01
1.230991906430519123e+01
1.250970865385907693e+01
1.259467886385425217e+01
1.270652213404234487e+01
1.277855893648403018e+01
1.289925746554807340e+01
1.297049260492008749e+01
1.307929642544563187e+01
1.315988968251973112e+01
1.325977639026488220e+01
1.332157207439898627e+01
1.338838437730526287e+01
1.344101678119893961e+01
1.352107074715730484e+01
1.357416150534160337e+01
1.368946341431113289e+01
1.377746373601627283e+01
1.385930868676666883e+01
1.390026353981673601e+01
1.390234369976501583e+01
1.388457869007694612e+01
1.389328819773391466e+01
1.392424609619274989e+01
1.397211837303741078e+01
1.394666802695445895e+01
1.387597610022573669e+01
1.368711813038622971e+01
1.354435356666856372e+01
1.342757775920756380e+01
1.340537991371512305e+01
1.339447684669214489e+01
1.338476941585060231e+01
1.325821550632504220e+01
1.311979632157610354e+01
1.292811930743120286e+01
1.285467950135964799e+01
1.278515701891380019e+01
1.279138762309886879e+01
1.272750502272353401e+01
1.262917557687170778e+01
1.244949678253568948e+01
1.234575612258079325e+01
1.224921236163431004e+01
1.221201238412230872e+01
1.216279220532366168e+01
1.212267135612099800e+01
1.211604363087767489e+01
1.207164017293880676e+01
1.206161790473814577e+01
1.208435116600915116e+01
1.211572219190468935e+01
1.214464559524389742e+01
1.214395161354466168e+01
1.212752634736453672e+01
1.211452789132179397e+01
1.212246433734078543e+01
1.216443271955893835e+01
1.223153911935967386e+01
1.230153618264218096e+01
1.235296797952189607e+01
1.237970033248168100e+01
1.240925715130846640e+01
1.240983069661658078e+01
1.238079642366204958e+01
1.253353803638269426e+01
1.253676905551186138e+01
1.256371395585997242e+01
1.256537116917131947e+01
1.254337502070762866e+01
1.249430020118499485e+01
1.244697512178512255e+01
1.242541115818931985e+01
1.243521631260432514e+01
1.246922015144199847e+01
1.260358488053182491e+01
1.282730774308007327e+01
1.299234182069262644e+01
1.322487427501768842e+01
1.334009369279408297e+01
1.340762838119000833e+01
1.340537649577923318e+01
1.335419649246555629e+01
1.335034870764305737e+01
1.335087584754804446e+01
1.340487963412519079e+01
1.255595436479960725e+01
1.255460611966463524e+01
1.255461335319267668e+01
1.255594862019748348e+01
1.255697205130108962e+01
1.255696484281806669e+01
1.251383625792899856e+01
1.249673331500303775e+01
1.249201627096760525e+01
1.250938512304315786e+01
1.259149605226510893e+01
1.266191730282911010e+01
1.282583345840025935e+01
1.292456193655991825e+01
1.301574704848701636e+01
1.306144623527783821e+01
1.301961541960274538e+01
1.300265501650326883e+01
1.296695436137713742e+01
1.299261195343897946e+01
1.301167426232498414e+01
1.197890132759170712e+01
1.197890285424896462e+01
1.192978428254200907e+01
1.192978428254200907e+01
1.197887903206638427e+01
1.200242478629403386e+01
1.205249540211599069e+01
1.205749366463073891e+01
1.204798062925908297e+01
1.206283955056970925e+01
1.216382307524404460e+01
1.230128209109436099e+01
1.255912781612757811e+01
1.272676158090537690e+01
1.293902067950322277e+01
1.303350041802164760e+01
1.311131197761146971e+01
1.316483355650575682e+01
1.321617723275423728e+01
1.323733819094006847e+01
1.332323367421150095e+01
1.334004422473652518e+01
1.268077721101871624e+01
1.265891762293845701e+01
1.263511534695614991e+01
1.263494939982494714e+01
1.263495964298053842e+01
1.263513711939547512e+01
1.263730804524677609e+01
1.263976953612905518e+01
1.265061219048922680e+01
1.268764695422889588e+01
1.282603329238054890e+01
1.293668639653443009e+01
1.314567571582930761e+01
1.327310072044737232e+01
1.340299678286875107e+01
1.343698437653954159e+01
1.344880522712539417e+01
1.343038565138515494e+01
1.341651315742992523e+01
1.339525488872664738e+01
1.337285870331890258e+01
1.202553944492238713e+01
1.202367552314163568e+01
1.202646758672505101e+01
1.202834974343186758e+01
1.202931595337203952e+01
1.202886172310378221e+01
1.203121243889498970e+01
1.203598079102828500e+01
1.203567406904065429e+01
1.206318194150603418e+01
1.213773967184120828e+01
1.223886965208458832e+01
1.242621849450181593e+01
1.256349140666042530e+01
1.277056168973869887e+01
1.284881444982667453e+01
1.293826159192510872e+01
1.292115069119416582e+01
1.289414546177469489e+01
1.290775034139764443e+01
1.295325958001325617e+01
1.303887257269508382e+01
1.277598483403344787e+01
1.277230739434002693e+01
1.277284930102186067e+01
1.272582759311456613e+01
1.269967567483942084e+01
1.269859500204454150e+01
1.269860164397930191e+01
1.269914791288372946e+01
1.267611455028617407e+01
1.270834990938387854e+01
1.278154785583119235e+01
1.295041857770558558e+01
1.308834913300689884e+01
1.319973807899979690e+01
1.322328022650326496e+01
1.320759140221194095e+01
1.319269270694382712e+01
1.320566191951389534e+01
1.323196280369556277e+01
1.327058444320653230e+01
1.328525584212982125e+01
1.329672167902513458e+01
1.329528533865850903e+01
1.325411839301819761e+01
1.321176910586553888e+01
1.318851808631277223e+01
1.318515498293294641e+01
1.301209699697199973e+01
1.295477921267696608e+01
1.277117294485436005e+01
1.262020757144064476e+01
1.235283608504922626e+01
1.220882766146731058e+01
1.209461426646098303e+01
1.209719981243096854e+01
1.218011098987988383e+01
1.223756511662532276e+01
1.235157139267822579e+01
1.238593070002278829e+01
1.241833627518634486e+01
1.244235171146012853e+01
1.246363238131488238e+01
1.248649682626096435e+01
1.251389695568714977e+01
1.251900993950201091e+01
1.251958015913058020e+01
1.253973149577490354e+01
1.255928457677761578e+01
1.260176530635057901e+01
1.262532859912802863e+01
1.267110360001945857e+01
1.269182217381101907e+01
1.267997411424932963e+01
1.269410843597946936e+01
1.272791516536316969e+01
1.276775239156340902e+01
1.283050196743346838e+01
1.289604453644904147e+01
1.293399665073067695e+01
1.292799528617557137e+01
1.287476721928914891e+01
1.284784012792845687e+01
1.286824216972155810e+01
1.291388908234955402e+01
1.302717901890910390e+01
1.309470889026608553e+01
1.311305201320556080e+01
1.308778772929368550e+01
1.214499448432977147e+01
1.214490206526531857e+01
1.214627593637348468e+01
1.214623170225507920e+01
1.214467866431510856e+01
1.214315827841631190e+01
1.214649881994337477e+01
1.214995389050643659e+01
1.213524070773022956e+01
1.214488863033983179e+01
1.220768103187837461e+01
1.228826444918399829e+01
1.252711799695910422e+01
1.271532010651189815e+01
1.297289720116432221e+01
1.309047161688115146e+01
1.311529921341215754e+01
1.308989201968358529e+01
1.303652512719356515e+01
1.302698180919748694e+01
1.307019256223277459e+01
1.316597447708510416e+01
1.324098305742764836e+01
1.276414534247589394e+01
1.276377042986232269e+01
1.273618481667279489e+01
1.271031407584562523e+01
1.271030860368418658e+01
1.268668988392513164e+01
1.269065383409026992e+01
1.266925253163424969e+01
1.265427040461442409e+01
1.268249461981729276e+01
1.276331644209572502e+01
1.283696288694617849e+01
1.298014180729586009e+01
1.302350646634403297e+01
1.297208375526168389e+01
1.287290621886992348e+01
1.270337300954109949e+01
1.262646382991413496e+01
1.264650604708628201e+01
1.273518332507247131e+01
1.278020264983729426e+01
1.195369267209285802e+01
1.192980809582237178e+01
1.188076824780237040e+01
1.183323194125717137e+01
1.178580979184667576e+01
1.176370295886414397e+01
1.174323779848799454e+01
1.177217201879096820e+01
1.182686982612479731e+01
1.190394429663133380e+01
1.207420735862473116e+01
1.223854795474804646e+01
1.247028687777191713e+01
1.261110179335242698e+01
1.275281078824748171e+01
1.280320271451886605e+01
1.285939764558749410e+01
1.295920674458124289e+01
1.303191636654512386e+01
1.319563369768739847e+01
1.328953017646949242e+01
1.286107812349827917e+01
1.283711377471656512e+01
1.281341636625524494e+01
1.281342006505814801e+01
1.283892164388730350e+01
1.286414631596254843e+01
1.286596433833313746e+01
1.286657939371457360e+01
1.287261501984194467e+01
1.295043103196484502e+01
1.312634907439442777e+01
1.334855084477409193e+01
1.351663355404217093e+01
1.366058436521998232e+01
1.368486985691107805e+01
1.364202572071007324e+01
1.360173805050184725e+01
1.361061216101340499e+01
1.363667197366726924e+01
1.370859387235956284e+01
1.372980417196706249e+01
1.196581523257513879e+01
1.196581523257513879e+01
1.196597681407207325e+01
1.196446961170073919e+01
1.196280085562244899e+01
1.193921956843112575e+01
1.191913583349370853e+01
1.190480806825152627e+01
1.189121460392139085e+01
1.189422199918385559e+01
1.194032761118447183e+01
1.206344563565692418e+01
1.221725967546294100e+01
1.247800200982601204e+01
1.266127853655407165e+01
1.286169126813320140e+01
1.292734007853486666e+01
1.297425324064089480e+01
1.299865097529804814e+01
1.304744414327694635e+01
1.309002899904017880e+01
1.200321798444218047e+01
1.200321798444218047e+01
1.200466261706069027e+01
1.200321798444218047e+01
1.200321798444218047e+01
1.202703403514816571e+01
1.202854559158392433e+01
1.203792433232328740e+01
1.204823748322758270e+01
1.205149476865744695e+01
1.212151125725792689e+01
1.231688869210534953e+01
1.251612519773779475e+01
1.286574122268750742e+01
1.306818417078460293e+01
1.329336297759028795e+01
1.334302797892745573e+01
1.338001051230718907e+01
1.341495378449527287e+01
1.351822178455046775e+01
1.360995937125471755e+01
1.319487956800214334e+01
1.321858017301282473e+01
1.321847249692419268e+01
1.319476662248868060e+01
1.317258675402724499e+01
1.315052789897849550e+01
1.315556952062357787e+01
1.313883011362637454e+01
1.313005043687887508e+01
1.314195374123465854e+01
1.323250403758063420e+01
1.335975702979462021e+01
1.360149493534820309e+01
1.372000830690035578e+01
1.376621680958551508e+01
1.369684508827168123e+01
1.351325963509826344e+01
1.344439384691450989e+01
1.347231497799725020e+01
1.354795604857083546e+01
1.365221225237510083e+01
1.366157475714076774e+01
1.361297996062846138e+01
1.356064336877280319e+01
1.355690172910687608e+01
1.355679450523212992e+01
1.356238576828140907e+01
1.349638261288960273e+01
1.342212425430352951e+01
1.336483539540050103e+01
1.335827019260655568e+01
1.335578599892421359e+01
1.333775981493102236e+01
1.324828633854903437e+01
1.317925532060533378e+01
1.308677793988546156e+01
1.306624644458541695e+01
1.310261961657862528e+01
1.313429845433044107e+01
1.315837445780309523e+01
1.314376313037681143e+01
1.306952619506855662e+01
1.300596658462852240e+01
1.297072074001840392e+01
1.297652501572843420e+01
1.301901681194418536e+01
1.305479054162008090e+01
1.305607599504391558e+01
1.299519519516197086e+01
1.293919473971093659e+01
1.285758898034976205e+01
1.283516396663967107e+01
1.281529571050091576e+01
1.284128472934868448e+01
1.290705519767295506e+01
1.294900370960978186e+01
1.303836944302298306e+01
1.310965742357913832e+01
1.316311943311577970e+01
1.317121089735851847e+01
1.312950004219594291e+01
1.310561039538323236e+01
1.307786721846381894e+01
1.262125940121109124e+01
1.259749954708790298e+01
1.257216035871639370e+01
1.257215984647738161e+01
1.257216035871639370e+01
1.257406075765390874e+01
1.257771032870557981e+01
1.258346820606088912e+01
1.261507570311215787e+01
1.267481955168375585e+01
1.273110869771891984e+01
1.292751143292611538e+01
1.306790831150062537e+01
1.329264199270154734e+01
1.342276787573266539e+01
1.352948266752379780e+01
1.352697714374506255e+01
1.353347240511588367e+01
1.356286205374533083e+01
1.366583855387276536e+01
1.382917454367180810e+01
1.391913844292289149e+01
1.402857119712727574e+01
1.404977753207923463e+01
1.405577430986632237e+01
1.406073347685525476e+01
1.409347901638386702e+01
1.411978626109440427e+01
1.416807189239032638e+01
1.417208762599804217e+01
1.415809132198839926e+01
1.414406688267443712e+01
1.409178396381537191e+01
1.405356751186327102e+01
1.396218606045940192e+01
1.391561706981072710e+01
1.380523810500401716e+01
1.374505591460216358e+01
1.369633981891239571e+01
1.368503725636708879e+01
1.242903624205920288e+01
1.240323545397975558e+01
1.235511663606048671e+01
1.230657317150487451e+01
1.225966418658535595e+01
1.223627943711622557e+01
1.221473027152496726e+01
1.224368325993708240e+01
1.224753263185414909e+01
1.230102027614154636e+01
1.235171396315466019e+01
1.251387169020836687e+01
1.265264447647625445e+01
1.285883041664937565e+01
1.300016110673194980e+01
1.316738298339746294e+01
1.326285309042353866e+01
1.336061831826028268e+01
1.342964869378195658e+01
1.351314573167721811e+01
1.359777444426454629e+01
1.372768765156522974e+01
1.381944121057939334e+01
1.394250597593193142e+01
1.401598237071059749e+01
1.410953526899663224e+01
1.417217994805540293e+01
1.422617191509070267e+01
1.421983463903565870e+01
1.421731388194427659e+01
1.421733227291423241e+01
1.424150248018229448e+01
1.234225448410892056e+01
1.231867870826683919e+01
1.231866393892360101e+01
1.231849061627213970e+01
1.231847735245094277e+01
1.234207783496025890e+01
1.236712396559674154e+01
1.237143326727267478e+01
1.232982418626769139e+01
1.227123358563598110e+01
1.223765849546006734e+01
1.225700871381491552e+01
1.233636269538749985e+01
1.252664612485467366e+01
1.263986896357799417e+01
1.279882095664945574e+01
1.284524377392708061e+01
1.285029159392470710e+01
1.285505188329090664e+01
1.295587744230433813e+01
1.307026274398990040e+01
1.327622701010339412e+01
1.338936326802096843e+01
1.304707322421763038e+01
1.304923976706568034e+01
1.302559103870630608e+01
1.299990449281305871e+01
1.297523068985600503e+01
1.297522681856204407e+01
1.299987140312961031e+01
1.300163384444135950e+01
1.297981894531426938e+01
1.290581588171010985e+01
1.282911710682665785e+01
1.269631491189191408e+01
1.261436352567396035e+01
1.250895391448451655e+01
1.250595937574660077e+01
1.252836948166555864e+01
1.260031922459886111e+01
1.272153495116299027e+01
1.274670584352538683e+01
1.272423927964950252e+01
1.265250784708166698e+01
1.190518466160726518e+01
1.190480731999184627e+01
1.190479705571695845e+01
1.190477158612827679e+01
1.190443786402652826e+01
1.190443786402652826e+01
1.190446326598950222e+01
1.188127649002029074e+01
1.185745638966000293e+01
1.180987880830201675e+01
1.183365814508816705e+01
1.197689600350402728e+01
1.212031188315825858e+01
1.236021400595734221e+01
1.250467351205816335e+01
1.262703806089476544e+01
1.270082907354541035e+01
1.279884400601326533e+01
1.289506131410405843e+01
1.301380312596297451e+01
1.305993384518890110e+01
1.303336676804044814e+01
1.287334344203502390e+01
1.284977761899852666e+01
1.285042153723410152e+01
1.282657039643138930e+01
1.282593937055934319e+01
1.280239573230197614e+01
1.280210450763895835e+01
1.277890659140551044e+01
1.275504252658143933e+01
1.270829322065777944e+01
1.268493826335197738e+01
1.268618441554585985e+01
1.271127732672900201e+01
1.275799127077148576e+01
1.277885185802886525e+01
1.274877401851078673e+01
1.272152919376419078e+01
1.271927657340224549e+01
1.271897400018069568e+01
1.271857953238579952e+01
1.267178517998668319e+01
1.697302524153638004e+01
1.699711511677534403e+01
1.711677455791922142e+01
1.726054794355310307e+01
1.728430484233542330e+01
1.723642692836829937e+01
1.718842335579470770e+01
1.718866203425188033e+01
1.721251838016920743e+01
1.721260008910726214e+01
1.718861556960423087e+01
1.714083258240858854e+01
1.714095512243240904e+01
1.716493527953574372e+01
1.723682094666553866e+01
1.726072642683921643e+01
1.723683108986916324e+01
1.721262917862710040e+01
1.716491087259977277e+01
1.714102513566367847e+01
1.716484896617261668e+01
1.656924816255783384e+01
1.656898389303305308e+01
1.659294956645242891e+01
1.664046215252133720e+01
1.664025144828035607e+01
1.666462395396117557e+01
1.664126535941292317e+01
1.664150960386530187e+01
1.664122148423071224e+01
1.664100995748698608e+01
1.664049479188530967e+01
1.664078081581520863e+01
1.664100011316104855e+01
1.664100011316104855e+01
1.664122800700182125e+01
1.661710521496407367e+01
1.659322337085794175e+01
1.661683180407245786e+01
1.661681545689904027e+01
1.661680566023849082e+01
1.661681545689904027e+01
1.661681545689904027e+01
1.661683180407245786e+01
1.661681545689904027e+01
1.666458013178366571e+01
1.668856247160428197e+01
1.673660535013690165e+01
1.671301008922080911e+01
1.668862279245154667e+01
1.666415136132241059e+01
1.663999714889025583e+01
1.661659584068190298e+01
1.661687548011573057e+01
1.664104580286536361e+01
1.666492792967915193e+01
1.668862249917615515e+01
1.668834409284791320e+01
1.666436114504745092e+01
1.661687574365315356e+01
1.661709509294250608e+01
1.661704368277574773e+01
1.664092566732022860e+01
1.661707253930986994e+01
1.664095448244138709e+01
1.664096095191498037e+01
1.666483647734612816e+01
1.666506404522592533e+01
1.668928153363251354e+01
1.666530022858416160e+01
1.666506404522592533e+01
1.666506404522592533e+01
1.666507050534005074e+01
1.666507050534005074e+01
1.664118884629204587e+01
1.664118237690705016e+01
1.661701439532421887e+01
1.664060926107008953e+01
1.664086390714271957e+01
1.664116609314532980e+01
1.664146071507234126e+01
1.666536802134252682e+01
1.666508031419191482e+01
1.666478495167976348e+01
1.664190642460069824e+01
1.664166134026773136e+01
1.664166160341264700e+01
1.664164567619054580e+01
1.664188436217593647e+01
1.664214759200250171e+01
1.664214759200250171e+01
1.664191653153140393e+01
1.661777426864557583e+01
1.661777426864557583e+01
1.659413917727169263e+01
1.661801970526763128e+01
1.664165520474627513e+01
1.666553619550414922e+01
1.666530004630043038e+01
1.666553619550414922e+01
1.664163898341466918e+01
1.661774183263754878e+01
1.659387711941687371e+01
1.659387711941687371e+01
1.661801970526763128e+01
1.659437731989482145e+01
1.661775802400272539e+01
1.664140249509845404e+01
1.661752119583029597e+01
1.661775802400272539e+01
1.661800346086470626e+01
1.661800346086470626e+01
1.661776443187070029e+01
1.661776443187070029e+01
1.661753405242655646e+01
1.659388353650666303e+01
1.656989608585309171e+01
1.656989608585309171e+01
1.659387025893346390e+01
1.661775140590226485e+01
1.664163898341466918e+01
1.666577141397529260e+01
1.664213804244407413e+01
1.659467484571949214e+01
1.659472632518451363e+01
1.659393722560560036e+01
1.659393722560560036e+01
1.659393722560560036e+01
1.659417439066879041e+01
1.661831654429659011e+01
1.664221320746053223e+01
1.666609369232330451e+01
1.666578122241462978e+01
1.668980663264916942e+01
1.664192931930255881e+01
1.661829420932918566e+01
1.661823493814324237e+01
1.661825115129256858e+01
1.666575839461583897e+01
1.668973933458617509e+01
1.669009550683244214e+01
1.666636009770883220e+01
1.664217469342719369e+01
1.664217439933327469e+01
1.666575813185140120e+01
1.666605464613097709e+01
1.669003516043476054e+01
1.666605526439351692e+01
1.666605526439351692e+01
1.664187801681147150e+01
1.664158964030529830e+01
1.664158937715924225e+01
1.664187745957081077e+01
1.664247967006437534e+01
1.664247967006437534e+01
1.664247967006437534e+01
1.664217439933327469e+01
1.664187772271230870e+01
1.664187772271230870e+01
1.664217439933327469e+01
1.664217439933327469e+01
1.664246348051856472e+01
1.666603877315892390e+01
1.666604860269498900e+01
1.666604860269498900e+01
1.666607110548573800e+01
1.666605493980349806e+01
1.666581021094944859e+01
1.666557406532395191e+01
1.668955497689492873e+01
1.668979078321195786e+01
1.666605493980349806e+01
1.664217469342719369e+01
1.661854854421038397e+01
1.661854854421038397e+01
1.664217469342719369e+01
1.664192961340080856e+01
1.666605493980349806e+01
1.664217469342719369e+01
1.661854854421038397e+01
1.659466848230335501e+01
1.657063778870217163e+01
1.657035817090513063e+01
1.657041148255887109e+01
1.659464591369901143e+01
1.659466211793404611e+01
1.657069877548159553e+01
1.657069877548159553e+01
1.657068248468949534e+01
1.657068248468949534e+01
1.657068248468949534e+01
1.657066625700509377e+01
1.657066625700509377e+01
1.657066625700509377e+01
1.657066625700509377e+01
1.657066625700509377e+01
1.657066625700509377e+01
1.657066599273275997e+01
1.657066575954810261e+01
1.654677972436760314e+01
1.652315819494875981e+01
1.652343101983978002e+01
1.652343731719724218e+01
1.652286567875120227e+01
1.657065965026115251e+01
1.657091704202394311e+01
1.659489663126481318e+01
1.659518088001228620e+01
1.659518691729604001e+01
1.659491527209140571e+01
1.659464591369901143e+01
1.661797816500826031e+01
1.661797193450477295e+01
1.661794371773935097e+01
1.659434838735560902e+01
1.657091343537306471e+01
1.657097284470307841e+01
1.659494572518903510e+01
1.661853560218957071e+01
1.659434838735560902e+01
1.657037464179143527e+01
1.654679292489757003e+01
1.649929166998275676e+01
1.649959934974033970e+01
1.652317061925804609e+01
1.652317085311298328e+01
1.652317085311298328e+01
1.654678022254270076e+01
1.654676400251699420e+01
1.654674778164459070e+01
1.657062752038558884e+01
1.657038894308953303e+01
1.659440141046111350e+01
1.659415562486841722e+01
1.657040513998984466e+01
1.654652508031223590e+01
1.654676400251699420e+01
1.657090712494172990e+01
1.659490260657117133e+01
1.659463958039252773e+01
1.661826534850740344e+01
1.661832563000170637e+01
1.659476031490823189e+01
1.659500609139205807e+01
1.659494572518903510e+01
1.659520874651543210e+01
1.659548038706920536e+01
1.657150193789321690e+01
1.657066655236813091e+01
1.657123624653089422e+01
1.657119535983097336e+01
1.659517425198312424e+01
1.661878203754964289e+01
1.661851938931776118e+01
1.659463958039252773e+01
1.657091704202394311e+01
1.654703116718631506e+01
1.654703093366859079e+01
1.657091704202394311e+01
1.659489663126481318e+01
1.659489663126481318e+01
1.657091733738251094e+01
1.657122362508210145e+01
1.657121708072991950e+01
1.659550449148038354e+01
1.661906901536663383e+01
1.659489006520298204e+01
1.657091704202394311e+01
1.652286567875120227e+01
1.652316425855517679e+01
1.654703722293668378e+01
1.654733819279327633e+01
1.657091076181911760e+01
1.654703745645432278e+01
1.652315819494875981e+01
1.649955221323910237e+01
1.649955221323910237e+01
1.652371250128117097e+01
1.654730988763440536e+01
1.657118280052071668e+01
1.659515550275985163e+01
1.661902491450266695e+01
1.659514553808238091e+01
1.654731644054961492e+01
1.654705397196092065e+01
1.652261174822006495e+01
1.652230531096083510e+01
1.654672308650799195e+01
1.657087490479741376e+01
1.657085873941108645e+01
1.659513563547886861e+01
1.657117285254331662e+01
1.657117285254331662e+01
1.654729390078234275e+01
1.652341500988426404e+01
1.652341500988426404e+01
1.657118908062244600e+01
1.659549032047572936e+01
1.661966702726680012e+01
1.661966105997583298e+01
1.659546846702989598e+01
1.657147380476599352e+01
1.652342163549276322e+01
1.652342133928520695e+01
1.654759466460459905e+01
1.657147318297472793e+01
1.657147318297472793e+01
1.659545167369814678e+01
1.659545167369814678e+01
1.661933061024948088e+01
1.664320963822920518e+01
1.664320963822920518e+01
1.661933061024948088e+01
1.661933061024948088e+01
1.659545167369814678e+01
1.659545167369814678e+01
1.657147318297472793e+01
1.659545167369814678e+01
1.659545167369814678e+01
1.659545167369814678e+01
1.657147318297472793e+01
1.654759466460459905e+01
1.652371620834885491e+01
1.652399768472737307e+01
1.652427157412876113e+01
1.652427157412876113e+01
1.652396526138704047e+01
1.652367398195981707e+01
1.652337517768863862e+01
1.654755249914910564e+01
1.657173765177459046e+01
1.657177219509073041e+01
1.657177219509073041e+01
1.657120114888701323e+01
1.657147318297472793e+01
1.654730386311539192e+01
1.652371620834885491e+01
1.649983754907039568e+01
1.650013762517134097e+01
1.652371594332562310e+01
1.654759439996379911e+01
1.654756871923267525e+01
1.652365908600347666e+01
1.654782009970517720e+01
1.654785328916474896e+01
1.652368378445619612e+01
1.654756202285893707e+01
1.654757817990540048e+01
1.654757794639539270e+01
1.654759439996379911e+01
1.654757251434844889e+01
1.654756628760354431e+01
1.654756628760354431e+01
1.654757221857320104e+01
1.654760439327573351e+01
1.654761061917554699e+01
1.654759466460459905e+01
1.654759466460459905e+01
1.657145698628876218e+01
1.657145698628876218e+01
1.659545167369814678e+01
1.657147318297472793e+01
1.657147318297472793e+01
1.657147318297472793e+01
1.657145698628876218e+01
1.657144085252397758e+01
1.654757794639539270e+01
1.654727115859791553e+01
1.654757874032159748e+01
1.654757874032159748e+01
1.654789440396291056e+01
1.654757844454645976e+01
1.654757794639539270e+01
1.654757794639539270e+01
1.654757794639539270e+01
1.654758446890416579e+01
1.654758473354512205e+01
1.657145698628876218e+01
1.657145076928678407e+01
1.659542929239541209e+01
1.657145698628876218e+01
1.657145698628876218e+01
1.657146326622533294e+01
1.657145698628876218e+01
1.657145698628876218e+01
1.657118495193515884e+01
1.657092154929199523e+01
1.654704223487659576e+01
1.649954833203752358e+01
1.647612531182335971e+01
1.645224719461922902e+01
1.645224719461922902e+01
1.647584301758429959e+01
1.650010316606858041e+01
1.650010343147107861e+01
1.649982128206488596e+01
1.649982128206488596e+01
1.649982758926645232e+01
1.649957060917859053e+01
1.649959321413970770e+01
1.647559197987343893e+01
1.645169071533090488e+01
1.647554689165097130e+01
1.652340469659105437e+01
1.659516385912601777e+01
1.664294467287360391e+01
1.664294437879329180e+01
1.661904291471811490e+01
1.654757844454645976e+01
1.652398144150627246e+01
1.654787573481489460e+01
1.657148937881530770e+01
1.659545167369814678e+01
1.659549479088941837e+01
1.657177219509073041e+01
1.654791032794214090e+01
1.654732223795965851e+01
1.657089456541301331e+01
1.657063115815394028e+01
1.659518003267437436e+01
1.657151636255529326e+01
1.652375951272705379e+01
1.649956459931213359e+01
1.647558596126020092e+01
1.647558569546275464e+01
1.647558546093239329e+01
1.647559197987343893e+01
1.647559832764646615e+01
1.647559832764646615e+01
1.647559224567078218e+01
1.649956459931213359e+01
1.649955832319905724e+01
1.652343712096993755e+01
1.649956459931213359e+01
1.649957060917859053e+01
1.647557548646759429e+01
1.647556916998180299e+01
1.649953186254649751e+01
1.652342687921924735e+01
1.657118495193515884e+01
1.657145698628876218e+01
1.654785951503225760e+01
1.654785951503225760e+01
1.652369372988060547e+01
1.654730601763447950e+01
1.652311343914577435e+01
1.652311343914577435e+01
1.652341467332743363e+01
1.652347287566004397e+01
1.652379766066664857e+01
1.649991938467132258e+01
1.649927727613938799e+01
1.647525455361743951e+01
1.649951313791156338e+01
1.652339223483381758e+01
1.654790013243620095e+01
1.654789384355740367e+01
1.652369969982756004e+01
1.649982128206488596e+01
1.652339223483381758e+01
1.657145672202903697e+01
1.659543550041452420e+01
1.661931446020392755e+01
1.659516415405304102e+01
1.659515765100528739e+01
1.659489462886904931e+01
1.659515117823260510e+01
1.659542308360677509e+01
1.657173143487790767e+01
1.657204663861285354e+01
1.654788788233891950e+01
1.657181779309117076e+01
1.657149394892575245e+01
1.657176597820700792e+01
1.657145076928678407e+01
1.654727142324388112e+01
1.652339879806635636e+01
1.654758473354512205e+01
1.657144085252397758e+01
1.654727370228619421e+01
1.652338852499656952e+01
1.649925507014576809e+01
1.649953584306941323e+01
1.652370994140915172e+01
1.652370994140915172e+01
1.654730601763447950e+01
1.652314053226186275e+01
1.652314053226186275e+01
1.652342090917371920e+01
1.652397520664203512e+01
1.654786947702478983e+01
1.657173143487790767e+01
1.657145076928678407e+01
1.652342090917371920e+01
1.649954208794047972e+01
1.649981530347826819e+01
1.652369372988060547e+01
1.659541315016000596e+01
1.664346840183043952e+01
1.649981503807113370e+01
1.647551191205302956e+01
1.645132306888483953e+01
1.645131701914739253e+01
1.647551214658443897e+01
1.647611905884949124e+01
1.650041349433469051e+01
1.652459739396090299e+01
1.652399115287561315e+01
1.654754600852451318e+01
1.654754627316608406e+01
1.654785358493497682e+01
1.654783739628998518e+01
1.650008095208410097e+01
1.650008068668124395e+01
1.652397494162295999e+01
1.654758840670820064e+01
1.654731597996023140e+01
1.652368749413727755e+01
1.652366510918336573e+01
1.650005233155215123e+01
1.654814654270452223e+01
1.654816272120179121e+01
1.657205661717955536e+01
1.657205661717955536e+01
1.657204042106380726e+01
1.657204042106380726e+01
1.657202426587722499e+01
1.657200815394750393e+01
1.657200815394750393e+01
1.657202426587722499e+01
1.657170906171673508e+01
1.654752386730524449e+01
1.652395276881971142e+01
1.652395276881971142e+01
1.650007471729096764e+01
1.652367129167606308e+01
1.654727738536413284e+01
1.657115636092373734e+01
1.659540695118259634e+01
1.659600196037659003e+01
1.657263738515193552e+01
1.661988043178465801e+01
1.661956580975897069e+01
1.661956580975897069e+01
1.659568750654546676e+01
1.657169324482529404e+01
1.657167715146808362e+01
1.657141257858735628e+01
1.657114054350475030e+01
1.657145546297686423e+01
1.657205106788391902e+01
1.654817338338441957e+01
1.654813040752648234e+01
1.652366164244140379e+01
1.652366164244140379e+01
1.654814285982002886e+01
1.657201434945759999e+01
1.654842632089763654e+01
1.652394282355121646e+01
1.650006475763018443e+01
1.649977304717191373e+01
1.652366774697956942e+01
1.654784706252549498e+01
1.657202426587722499e+01
1.657234193498901220e+01
1.654845470854575851e+01
1.652393661001710967e+01
1.649975685241578915e+01
1.649975062977364360e+01
1.649975036436547171e+01
1.650005803551842831e+01
1.650037460841769033e+01
1.650037484259571130e+01
1.650005826970093992e+01
1.652362914963646290e+01
1.652362914963646290e+01
1.654781474823378673e+01
1.652393661001710967e+01
1.652393661001710967e+01
1.652393661001710967e+01
1.652393661001710967e+01
1.652393661001710967e+01
1.652393661001710967e+01
1.650005853510415932e+01
1.647608061590691619e+01
1.650005853510415932e+01
1.652393661001710967e+01
1.654781474823378673e+01
1.654753367698759448e+01
1.652338231125402146e+01
1.649950343416013965e+01
1.649977665033798502e+01
1.652334740174600469e+01
1.652304835774296521e+01
1.652304859159963257e+01
1.652334766677514466e+01
1.652365542880156113e+01
1.652397154945889568e+01
1.652425272544881807e+01
1.652424263693085749e+01
1.652425883883185520e+01
1.654814654270452223e+01
1.657202426587722499e+01
1.657206773935996935e+01
1.654814654270452223e+01
1.652364530873974147e+01
1.649976681226243258e+01
1.647549619377970842e+01
1.647552101717806750e+01
1.649981633306988726e+01
1.650009945099508357e+01
1.649978287297031798e+01
1.649977304717191373e+01
1.649977304717191373e+01
1.649979906770090210e+01
1.649979906770090210e+01
1.649979283280125131e+01
1.649979283280125131e+01
1.649978664136126483e+01
1.649978664136126483e+01
1.649979906770090210e+01
1.649980534366089557e+01
1.649980534366089557e+01
1.650008696253411955e+01
1.650036500487681934e+01
1.650035857947327855e+01
1.652394632141279729e+01
1.652366510918336573e+01
1.654727768114465292e+01
1.654728389815234735e+01
1.654754981274749426e+01
1.654753341234582109e+01
1.654779836701630202e+01
1.650034238535335263e+01
1.647607390301379482e+01
1.645219618092437130e+01
1.645219618092437130e+01
1.647636511376033397e+01
1.652451907275863263e+01
1.652421413278806028e+01
1.652391786697369369e+01
1.650007445835415254e+01
1.645222479717120478e+01
1.645250749680897329e+01
1.645248140148569149e+01
1.647605059648912729e+01
1.649974416069759897e+01
1.650005206614883235e+01
1.647610888141860386e+01
1.647640738891735523e+01
1.647609035551005263e+01
1.650006852595675255e+01
1.652390812435680090e+01
1.654778659944916086e+01
1.650035867967925185e+01
1.650065546203421007e+01
1.650036491436508612e+01
1.650032646879532194e+01
1.650001239611657766e+01
1.650032029659314148e+01
1.647634893952017165e+01
1.647634893952017165e+01
1.645249380093615699e+01
1.647638133144677042e+01
1.652393015040981084e+01
1.654780215557088496e+01
1.654777637273327429e+01
1.654777666850487705e+01
1.652389817906142966e+01
1.652391428774818749e+01
1.654780856258494381e+01
1.657168677274463775e+01
1.657167069154008487e+01
1.654779245817545785e+01
1.652391402272813181e+01
1.657258919122741503e+01
1.654808246909258784e+01
1.654806608816588565e+01
1.654806608816588565e+01
1.654808217332645270e+01
1.654869617964136808e+01
1.654934356098597092e+01
1.654932745807021632e+01
1.654902046952243566e+01
1.657227518842951852e+01
1.657167069154008487e+01
1.659595750973180728e+01
1.659624029043556348e+01
1.659654387604276948e+01
1.659654417094527190e+01
1.659624700474078907e+01
1.657196061101883444e+01
1.654748544104815977e+01
1.654748517640561545e+01
1.657168650848857894e+01
1.654782444561615051e+01
1.654812422199563215e+01
1.654812451776101767e+01
1.654841422689413832e+01
1.657258919122741503e+01
1.659656580569759399e+01
1.647638133144677042e+01
1.647669835904995495e+01
1.650065329223184563e+01
1.650062101038841789e+01
1.652449243673682133e+01
1.650062130700527163e+01
1.650064949285187055e+01
1.650066539009001332e+01
1.650034908837324465e+01
1.650003618053150234e+01
1.647575360842285264e+01
1.645187518659981407e+01
1.642859388921728581e+01
1.640533559881325232e+01
1.640566272249570545e+01
1.642953281063315529e+01
1.645277679961278494e+01
1.645216791203179696e+01
1.645246519158036591e+01
1.645216258577166002e+01
1.645277744782681495e+01
1.642859987228654362e+01
1.640471622670679963e+01
1.638073274283276604e+01
1.638106171646484910e+01
1.640505503501769269e+01
1.645279915578020180e+01
1.650062690493426132e+01
1.650062690493426132e+01
1.647635267286377925e+01
1.647636881586736024e+01
1.645190729791204021e+01
1.645219000285118582e+01
1.647605178171783180e+01
1.650032029659314148e+01
1.647636881586736024e+01
1.657230358523253955e+01
1.659661315403981874e+01
1.657291984902618864e+01
1.657289141013129097e+01
1.657226933835849891e+01
1.657226933835849891e+01
1.657259287183920193e+01
1.657259287183920193e+01
1.657230332098631465e+01
1.657230358523253955e+01
1.654778630367773928e+01
1.652390812435680090e+01
1.652390812435680090e+01
1.654839167304099590e+01
1.654871596909366360e+01
1.657289078839320950e+01
1.654871596909366360e+01
1.654871596909366360e+01
1.654871596909366360e+01
1.654871596909366360e+01
1.657226904302402914e+01
1.657258305803539500e+01
1.657255091630470289e+01
1.659621435005142231e+01
1.657223725818506921e+01
1.657196432282297494e+01
1.657228543107939345e+01
1.657228513574521145e+01
1.657199557966859160e+01
1.657197948666622977e+01
1.657199084852785020e+01
1.657258798194029126e+01
1.657262029459875663e+01
1.657259316716790210e+01
1.657259916946743772e+01
1.654839022836534923e+01
1.652419825826659761e+01
1.650001388836638583e+01
1.650004858183824652e+01
1.652426754338027592e+01
1.654811807973621640e+01
1.657228513574521145e+01
1.659654387604276948e+01
1.659652758606976164e+01
1.657225272918966752e+01
1.657225299343669889e+01
1.657226933835849891e+01
1.659686634931292204e+01
1.662043699502157779e+01
1.659624638387766993e+01
1.659595750973180728e+01
1.657196399639002848e+01
1.659594210392762292e+01
1.659595780464472980e+01
1.661983542502222377e+01
1.664371314059715345e+01
1.661983516153172857e+01
1.661983542502222377e+01
1.659595813060573377e+01
1.657198037268987534e+01
1.657196370105011596e+01
1.659594121918324561e+01
1.657255442589893590e+01
1.657319474232857104e+01
1.654902092725913931e+01
1.654869406941633159e+01
1.652449243673682133e+01
1.654805994588489071e+01
1.657194366300973698e+01
1.657225886250393998e+01
1.659623035747791775e+01
1.659623035747791775e+01
1.654805994588489071e+01
1.652387470614677056e+01
1.652387470614677056e+01
1.652418216198913470e+01
1.652449800750795816e+01
1.652449800750795816e+01
1.645244286629917596e+01
1.642855897282237265e+01
1.638070417758353159e+01
1.638071031978737224e+01
1.640502843118490972e+01
1.645313124755204370e+01
1.645311531663227811e+01
1.645276062133791939e+01
1.645273809290828737e+01
1.645212920389477773e+01
1.647605789119244690e+01
1.652450214783164739e+01
1.652389590325189417e+01
1.652419213825610456e+01
1.652388468259936971e+01
1.650003000822072963e+01
1.647604564382338310e+01
1.647608038776486694e+01
1.650064906218537075e+01
1.650064929635949440e+01
1.650059878144901404e+01
1.650091438244597697e+01
1.652479122067242656e+01
1.652449214054845683e+01
1.652420787906595834e+01
1.654808562585368747e+01
1.654836947717350171e+01
1.654836947717350171e+01
