4.244138803041661717e-02
4.759757550854724212e-02
5.397377487757050452e-02
5.859236452305981863e-02
6.194278514409276570e-02
6.541825855478555773e-02
6.833447563001288083e-02
7.071253796307841455e-02
7.292042984796984206e-02
7.405809964707939230e-02
7.941241093469837697e-02
8.820880649008940033e-02
1.001445004391814386e-01
1.101016083200977852e-01
1.136342360291185405e-01
1.080748579448560648e-01
9.466828880945851732e-02
7.746622245844203558e-02
5.786482576973165509e-02
4.652850944828664653e-02
4.778125342657930236e-02
7.141309264132866819e-02
1.182657288972773502e-01
1.535323359020847878e-01
1.539811086423606978e-01
1.318665428052015753e-01
8.853755804651720906e-02
6.164779989760803269e-02
5.640199828418383105e-02
5.486210736012061412e-02
2.250916534906272429e-02
3.914456352237541403e-02
9.249375315768643135e-02
1.389820898212025257e-01
1.406299314524063482e-01
1.129149141285246405e-01
1.069219366498142809e-01
9.660944340487905013e-02
1.005119314551173038e-01
9.308934648086536479e-02
1.036147791553203162e-01
1.071188759255736062e-01
1.549298194035196308e-01
1.496339871835840607e-01
9.610202511286482230e-02
2.960966554159968553e-02
1.103632570091823834e-01
1.076178715713426576e-01
1.016454709719347149e-01
1.197543377393846253e-01
1.277146260422698798e-01
8.164093090111007589e-02
4.267345209046428250e-02
2.583079075577510847e-02
3.897814304474599145e-02
6.682975615083704135e-02
9.498839809442362336e-02
1.043732152724543560e-01
8.052990098879737879e-02
6.216282717964445592e-02
6.173026416547186535e-02
7.055334511578117973e-02
6.134417229637730701e-02
4.883584977544554173e-02
4.888887151763603167e-02
5.110611326130486826e-02
5.455673021847758097e-02
6.498725921604953104e-02
8.738485119943179003e-02
1.009128457147089319e-01
1.008748779772669080e-01
7.815407252248365855e-02
5.884347184083996846e-02
5.428103029775017963e-02
6.083079775782124915e-02
8.045972018218246202e-02
9.725314931045317413e-02
9.925960522958067467e-02
9.512718847180495763e-02
9.026422829187095986e-02
9.108541589840768449e-02
9.267281765214112343e-02
9.247764524050176849e-02
8.495388150148586170e-02
8.532403679148715947e-02
9.729333782937044095e-02
1.062439415889120525e-01
1.114435154304421888e-01
1.150189881709707262e-01
1.217666080116281135e-01
1.184472963661429568e-01
1.118637694794999415e-01
1.017160773496353504e-01
9.329252610956034752e-02
8.481267804775946550e-02
8.928473849640229665e-02
1.108895302953331191e-01
1.308098483810370694e-01
1.505914894537945248e-01
1.634050830797729448e-01
1.585947293213917086e-01
1.435018097654625624e-01
1.379234203468556186e-01
1.563532385902873245e-01
1.726547449205698970e-01
1.700631622066686721e-01
1.568060408973410980e-01
1.289284239600023418e-01
1.047989586102467119e-01
1.063954774888599408e-01
1.509262135741955280e-01
2.019849663608855317e-01
2.205222990525416427e-01
1.937182960045090718e-01
1.746491757824679969e-01
1.703863928242689563e-01
1.704783505705888547e-01
1.805008961056445982e-01
1.956719338377859718e-01
1.872712768602269873e-01
1.584849167847331708e-01
1.519405859388826829e-01
1.951534788393445574e-01
2.394307666408126700e-01
2.492160754380707832e-01
2.270508734139162210e-01
1.847775672613669595e-01
1.674139754914358846e-01
1.770603285652892767e-01
1.966921272493144246e-01
2.369524043540620073e-01
2.680477021505702218e-01
2.650546523473144012e-01
2.486717388008040375e-01
2.266913133589141538e-01
2.205449701394101292e-01
2.340931386882806331e-01
2.532655803358101476e-01
2.634705602744489283e-01
2.610341429806986024e-01
2.557017439805421288e-01
2.519407261745282289e-01
2.542865082648155250e-01
2.581023478862995990e-01
2.546467840537585126e-01
2.376011333468605324e-01
2.183503627969853034e-01
2.177188353636664853e-01
2.428597618461753593e-01
2.988193071576282778e-01
3.447782357663305430e-01
3.521171424917422521e-01
3.252168439058813476e-01
2.720948980572125975e-01
2.378008723461631779e-01
2.438362923458772258e-01
2.953870927921957712e-01
3.536027657898549448e-01
3.878055106952737474e-01
3.845534650227798723e-01
3.342269968956711468e-01
2.908915437863441866e-01
2.835159980661615120e-01
3.014035222360995081e-01
3.396779222642264950e-01
3.698142225835438501e-01
3.738290439508943352e-01
3.674357428936028125e-01
3.561723322693348126e-01
3.505515693034585434e-01
3.562473756994476437e-01
3.621565036574451724e-01
3.622989199439439201e-01
3.608449704358217547e-01
3.680123096676548577e-01
3.876109214499078304e-01
4.144995583035016029e-01
4.361071348214707877e-01
4.435417896657640746e-01
4.212380497959430925e-01
3.934679957958553409e-01
3.741697840580132106e-01
3.775498787224036423e-01
4.096365169332819578e-01
4.448793022678858011e-01
4.722080308768203949e-01
4.789598138159531504e-01
4.575040053151304131e-01
4.352513525616660273e-01
4.304160387859108372e-01
4.569561816883430105e-01
4.913022489416774552e-01
5.128704166877731119e-01
5.130989077296306267e-01
4.898106413386503766e-01
4.727665909420270540e-01
4.719589942924010129e-01
4.821762866300307593e-01
5.010261157916087171e-01
5.129654630340916288e-01
5.028332646242689163e-01
4.860742406177990804e-01
4.762532730191612607e-01
4.870968266133480218e-01
5.224183712929250101e-01
5.563082894619784113e-01
5.764852653166313567e-01
5.644159958394265875e-01
5.422660958661278396e-01
5.165696109669846159e-01
5.047249285698268695e-01
5.141631045361563235e-01
5.352154703005976843e-01
5.650328301844945722e-01
5.908877839021804412e-01
6.091677263251394914e-01
6.148915857397871942e-01
6.017335863005238705e-01
5.826576278149372401e-01
5.620541446655473727e-01
5.560288417963342722e-01
5.618626935586211735e-01
5.697702903600510016e-01
5.780055054736070730e-01
5.939172220497482835e-01
6.145804081963075483e-01
6.376725647354056781e-01
6.529193440373550761e-01
6.508600611517194601e-01
6.402256106499801813e-01
6.214475285851975839e-01
6.144191004857271210e-01
6.245382257595686326e-01
6.405691057392403076e-01
6.573763278584117131e-01
6.650179572861246724e-01
6.653123058218448627e-01
6.709422344734380372e-01
6.820470867604815357e-01
6.938226588097710090e-01
6.975121836839626166e-01
6.914234112603796500e-01
6.819074262118428598e-01
6.732066235231126683e-01
6.733769377963060299e-01
6.922699312509029701e-01
7.173765923077431994e-01
7.390892187988875595e-01
7.504808409620328247e-01
7.433128961900835607e-01
7.327300696179869233e-01
7.246718397206972639e-01
7.258580060965781344e-01
7.384402613258842507e-01
7.515912411565744966e-01
7.641311571882473119e-01
7.697354301884966610e-01
7.728299427879524730e-01
7.744231542904691512e-01
7.776948352902505190e-01
7.832560490777583651e-01
7.899660992511704505e-01
7.975161881139090081e-01
8.011293853663964404e-01
8.026881639375592625e-01
8.006688956432989057e-01
7.959305286586387806e-01
7.936577984026553789e-01
7.899809146457525966e-01
7.882160328425322771e-01
7.944919147933036108e-01
8.054990014529999076e-01
8.279254074501760652e-01
8.480394214126664165e-01
8.579548400455935253e-01
8.501410612042803461e-01
8.368869794283694263e-01
8.232102863886845423e-01
8.188619006147068724e-01
8.344003470469615324e-01
8.570935406784605526e-01
8.754194129940743307e-01
8.837103272347166527e-01
8.830101193956215733e-01
8.835094446562810067e-01
8.936535299070998972e-01
9.053813041677467588e-01
9.085222962491013021e-01
9.009036179598403082e-01
8.847758716205703644e-01
8.788200340339595851e-01
8.871261977183122482e-01
9.175818525527518199e-01
9.458122174890425393e-01
9.587633612649993919e-01
9.527440315583927122e-01
9.308428407420288320e-01
9.142474429331537422e-01
9.208353100280259884e-01
9.399571279139704583e-01
9.705235721019298545e-01
9.905425682835896639e-01
9.813319506817252957e-01
9.600668468522439714e-01
9.415271194045871095e-01
9.437359004359906489e-01
9.717734503914892130e-01
1.001230466910615791e+00
1.015871325637268008e+00
1.005531156094280343e+00
9.898681291799478199e-01
9.829806959682626522e-01
9.901536873358348645e-01
1.008886142164644895e+00
1.021461465602716778e+00
1.018123412306489506e+00
1.010620274300832566e+00
1.012000069023663684e+00
1.024000608926376676e+00
1.042856235407153109e+00
1.054198213389275551e+00
1.049685895542780800e+00
1.041033813875217096e+00
1.032795026232761426e+00
1.040321030439037120e+00
1.058901880396578399e+00
1.084633968825764683e+00
1.103165015097292700e+00
1.102949643892004561e+00
1.091675895002422347e+00
1.075614142818269503e+00
1.070511652253349766e+00
1.078372287201111890e+00
1.091853784502938352e+00
1.101330516664799530e+00
1.104354275262537932e+00
1.103917733929822287e+00
1.103009046431351781e+00
1.105013176183561319e+00
1.106624201843259270e+00
1.107094303805680191e+00
1.107382535080095654e+00
1.105490956771898237e+00
1.101399772816813671e+00
1.098416507159657662e+00
1.098994593337459635e+00
1.104171531165625275e+00
1.116013871332521390e+00
1.126881252596365179e+00
1.135840409446707611e+00
1.141722935567596631e+00
1.140307048220377428e+00
1.135046175780083821e+00
1.132649243096907732e+00
1.135145699337553937e+00
1.147390732317423057e+00
1.159275233190220966e+00
1.162918661020508893e+00
1.154061422839239182e+00
1.145648332351534515e+00
1.143067800267334011e+00
1.151039893640681377e+00
1.168200450364858645e+00
1.183780074792857295e+00
1.193107178874875274e+00
1.195160178622165503e+00
1.191286307969626312e+00
1.191464252088022091e+00
1.198179265926572645e+00
1.209607884377165599e+00
1.222001754724194367e+00
1.228056257357583281e+00
1.223588904749077777e+00
1.214477763896726792e+00
1.207966059084376598e+00
1.209995234216649784e+00
1.215803803690578500e+00
1.223248209241755591e+00
1.227762427436160264e+00
1.230838643144244182e+00
1.234150744021128121e+00
1.233323820284786931e+00
1.231175807081564821e+00
1.223264709346290724e+00
1.216470042929395534e+00
1.221922776593104443e+00
1.235851230154079827e+00
1.253930856389447124e+00
1.266092515615501846e+00
1.264777153633489082e+00
1.255784593145403694e+00
1.244061597033410127e+00
1.235682394605660095e+00
1.238456372671724592e+00
1.245442707278228589e+00
1.252935634914767338e+00
1.259352428244844058e+00
1.263904803595982118e+00
1.267520580768070060e+00
1.269033560043351549e+00
1.267648268584227189e+00
1.265777516724846841e+00
1.267691216571889656e+00
1.274089594647380252e+00
1.285704661898751100e+00
1.293955855760200224e+00
1.290071864965303128e+00
1.282441607311682441e+00
1.273455182882334613e+00
1.271298055638569791e+00
1.279736495882400238e+00
1.288973955279987926e+00
1.295729445699202564e+00
1.296430080713041999e+00
1.296314702435084731e+00
1.298354909713882899e+00
1.302136706208686823e+00
1.309768061155176300e+00
1.314609334175750766e+00
1.310695456785984314e+00
1.302332099463722637e+00
1.294679173334442268e+00
1.291803706765936477e+00
1.298490279501984146e+00
1.307031858006279190e+00
1.316376072135601705e+00
1.320665156984664579e+00
1.319707548269575037e+00
1.320154217570342903e+00
1.320759661508381866e+00
1.325633477219042122e+00
1.329983307698849426e+00
1.334078593599644869e+00
1.333274284644466956e+00
1.323870456210858970e+00
1.316089874932585557e+00
1.313010660361221715e+00
1.318119725787043617e+00
1.332810595934880382e+00
1.343342231810554566e+00
1.339385627917495381e+00
1.327395757757964478e+00
1.306890095453896672e+00
1.296361129988197192e+00
1.303985639468547175e+00
1.322322669016910757e+00
1.337817467799592430e+00
1.343854053321005271e+00
1.341094656791747219e+00
1.333674814052032254e+00
1.328535288305047857e+00
1.325523693140681303e+00
1.324654255682598425e+00
1.325136319353130032e+00
1.327664977549415148e+00
1.330923979294720061e+00
1.334561988699119128e+00
1.340409611332159523e+00
1.342128031908861097e+00
1.341494249917768222e+00
1.342875908462141776e+00
1.345741429722464577e+00
1.347741804560074197e+00
1.349037936762615075e+00
1.349155833662053716e+00
1.346480391237167229e+00
1.339759242911898074e+00
1.341780377100769028e+00
1.352328879852687349e+00
1.366205484992836672e+00
1.369979276583296768e+00
1.364782959971940990e+00
1.345065495416089441e+00
1.327347034860082653e+00
1.322065313578637102e+00
1.328276282826636567e+00
1.348286947457713714e+00
1.365390104663215975e+00
1.367045254684937428e+00
1.355778148600837563e+00
1.347480932786972119e+00
1.350883709244639075e+00
1.359792335003747521e+00
1.369217007982306500e+00
1.371764956318112905e+00
1.363506235119581911e+00
1.357311127686349872e+00
1.353837205872162164e+00
1.356327862214205870e+00
1.362900941824064516e+00
1.365666832113301199e+00
1.359736469129721126e+00
1.352881350708177166e+00
1.349805489362944089e+00
1.352780438778068195e+00
1.372638293732411530e+00
1.393071892296722236e+00
1.397445409989074516e+00
1.375784279386047748e+00
1.351648472095087428e+00
1.334975135184174766e+00
1.328899974565216358e+00
1.341907185572993599e+00
1.361094919968747208e+00
1.375915395140229869e+00
1.380602582684472113e+00
1.370375349775948548e+00
1.358230892057052053e+00
1.353951724070164397e+00
1.356860794483915500e+00
1.367389311265633234e+00
1.378553154656902313e+00
1.378945710569935423e+00
1.370119449290367220e+00
1.358555050496921934e+00
1.350549041237848469e+00
1.349857430689972881e+00
1.356108342225124996e+00
1.363809209379834853e+00
1.366939878600402780e+00
1.364796692977478854e+00
1.356886666654669504e+00
1.348840649925183488e+00
1.345506787935704551e+00
1.347341830672446950e+00
1.353586341456179953e+00
1.360271822971117706e+00
1.361131733288160728e+00
1.355428592138691046e+00
1.348118306693598445e+00
1.344904956385479355e+00
1.344516631184673905e+00
1.349264468202448164e+00
1.352496020684850864e+00
1.351233529278801582e+00
1.347334687895604510e+00
1.338364744735560663e+00
1.331473145162564764e+00
1.327743939986301580e+00
1.330931337755861810e+00
1.337431275514795459e+00
1.342234155762695780e+00
1.343822668855390701e+00
1.343038134397042560e+00
1.342334098324847957e+00
1.341914731574663566e+00
1.344824852277241467e+00
1.349934400961647629e+00
1.352681890082835681e+00
1.351563345189092269e+00
1.349635942357417573e+00
1.347445941551666637e+00
1.346570731303435853e+00
1.347844824890559012e+00
1.348463594884661276e+00
1.347896663547206275e+00
1.345366578113782685e+00
1.345375724667885908e+00
1.345827156929046531e+00
1.348558394293378981e+00
1.351515046281670074e+00
1.355872316898772079e+00
1.355763801558566017e+00
1.348842798213201633e+00
1.336912574363700479e+00
1.331012194631929768e+00
1.337771033573797119e+00
1.352047442119237664e+00
1.370601029180260166e+00
1.383379200473817239e+00
1.380875038740856819e+00
1.370701514582261193e+00
1.354312408833995729e+00
1.341925411221455589e+00
1.334957067111519180e+00
1.330111147600672172e+00
1.333148686516890447e+00
1.341270882893179861e+00
1.353587052985663286e+00
1.366465481094015777e+00
1.370969390827247558e+00
1.361974484880253522e+00
1.350503108296940091e+00
1.338978252220606624e+00
1.333304019230837634e+00
1.339530251866006605e+00
1.348044918426491545e+00
1.358740615229248272e+00
1.364514204025234934e+00
1.365247160834509810e+00
1.362460145056074934e+00
1.355706181773510544e+00
1.348431478297762665e+00
1.344339651521372137e+00
1.342927267345258580e+00
1.347733637719859434e+00
1.354950324370795434e+00
1.361154187667003912e+00
1.363366099993840175e+00
1.361889982618811334e+00
1.356257918372567817e+00
1.348657168616919089e+00
1.339691746068845113e+00
1.335634555546313385e+00
1.336796630122505158e+00
1.342426968311607904e+00
1.348651692301058302e+00
1.356083011743658640e+00
1.360069178065542506e+00
1.360515900903551456e+00
1.359175065939593585e+00
1.358586201210163935e+00
1.357819047369917653e+00
1.359228972383515366e+00
1.363416434934179078e+00
1.368041786157255579e+00
1.370659259509145134e+00
1.367315773021146263e+00
1.360825461303290185e+00
1.351738570504785075e+00
1.346587363559937023e+00
1.348061374538416901e+00
1.352559935881154418e+00
1.358661300361432955e+00
1.362220907944053483e+00
1.360488713082671275e+00
1.357541212242065365e+00
1.353159004787531261e+00
1.350615784184382662e+00
1.352125216435783095e+00
1.359539397933126947e+00
1.366934758252079884e+00
1.368842686021056521e+00
1.365078588922510328e+00
1.350456686186696231e+00
1.335714598168910028e+00
1.328577949573165107e+00
1.329634430361900543e+00
1.342793499213706943e+00
1.352851061257328347e+00
1.355551948291641606e+00
1.354489362841878597e+00
1.351303017855052024e+00
1.353019706965242985e+00
1.360376963369789083e+00
1.365461628687978823e+00
1.365059627575273327e+00
1.355648759350522425e+00
1.343809260654002191e+00
1.339273190539765013e+00
1.339952343058729900e+00
1.347571126749181891e+00
1.352149055980774506e+00
1.350472449659132712e+00
1.344953835255458641e+00
1.343659784522398981e+00
1.346618577760451130e+00
1.354602589487372999e+00
1.363998209993102062e+00
1.368581257059989120e+00
1.368981881831538017e+00
1.364169256915075179e+00
1.357850662951158416e+00
1.353582545618570609e+00
1.353261321798124861e+00
1.356426647822370990e+00
1.365426867318877635e+00
1.372557603101035806e+00
1.378117966031547459e+00
1.378367048912999770e+00
1.366377363775859610e+00
1.350005365276929936e+00
1.335497285306358251e+00
1.332583997409975574e+00
1.344856136543967517e+00
1.361172429816032148e+00
1.376030573368243415e+00
1.382011300874228743e+00
1.375536601903955214e+00
1.371803653192698036e+00
1.370269553891095837e+00
1.372046842448916060e+00
1.362843868907706257e+00
1.308870024112127606e+00
1.210679910067595566e+00
1.021144258160937346e+00
8.167092336804185893e-01
6.486955908359849365e-01
6.583776940718678583e-01
8.261073303828868619e-01
1.001610929234950209e+00
1.140794611320780083e+00
1.255993394807644048e+00
1.353514020066334478e+00
1.446349303879479686e+00
1.534938093601326825e+00
1.608144142960516110e+00
1.654382097870487733e+00
1.671132912385461244e+00
1.680223581703250035e+00
1.688079662959763860e+00
1.700454469176218009e+00
1.713996227048709020e+00
1.721827349384373429e+00
1.718732376374504822e+00
1.707453246309217798e+00
1.684524167462535305e+00
1.659227718135012797e+00
1.622115759910190302e+00
1.587797120035664644e+00
1.548174840257961149e+00
1.515256377843314128e+00
1.492437341150328889e+00
1.478796386382683625e+00
1.469972605748219641e+00
1.455913986454242748e+00
1.435524075312235137e+00
1.390128106174032485e+00
1.326367393510174297e+00
1.200926174083054576e+00
1.041151350980337842e+00
8.140364381072753286e-01
6.421683905458676067e-01
7.570129861233952928e-01
1.240830773471648829e+00
2.083563253095295220e+00
3.048889109738869951e+00
4.237941345255954673e+00
5.692144265456752450e+00
7.021763907241653335e+00
8.422048711478771210e+00
9.770569980075030969e+00
1.117568878238794561e+01
1.246670641336098839e+01
1.366442629006768783e+01
1.469858513096498598e+01
1.558968443464110010e+01
1.639783554809405075e+01
1.713326788987544091e+01
1.783912764730837353e+01
1.846762167620330075e+01
1.903475166445430844e+01
1.953922189452464053e+01
2.004040571392580361e+01
2.054144056130090235e+01
2.111501622100220033e+01
2.168382703662978628e+01
2.227711559348952264e+01
2.282046169484434373e+01
2.334383163487708401e+01
2.382943569923346061e+01
2.432305605709128216e+01
2.479506594745926407e+01
2.527253746878118790e+01
2.570139910403955241e+01
2.606675973152292514e+01
2.635041702710818257e+01
2.653202556562511916e+01
2.665249630545688575e+01
2.670438095682483848e+01
2.670920636578339113e+01
2.668327696297186691e+01
2.657918697769580163e+01
2.643168540374472286e+01
2.618485300231441215e+01
2.591575272335592572e+01
2.559586125237054688e+01
2.529046156088718078e+01
2.495460596605973080e+01
2.462217768729705725e+01
2.423410215189671391e+01
2.384353693567095434e+01
2.341159751920355703e+01
2.300392417477707241e+01
2.258898782839392538e+01
2.220938955802545323e+01
2.183645641965746975e+01
2.149544295266466420e+01
2.115891602747281652e+01
2.085085949850098785e+01
2.054059314547875559e+01
2.025407984463026168e+01
1.997650222492762850e+01
1.972506491898425551e+01
1.952821064878188650e+01
1.938079716965504318e+01
1.927471193430576335e+01
1.921609571252950133e+01
1.918351388841838556e+01
1.918067984134671633e+01
1.919740782967119230e+01
1.924093344893045199e+01
1.930152376941020265e+01
1.940414855245093406e+01
1.952235966146755430e+01
1.968148114621023481e+01
1.985294117722583351e+01
2.005015878289022524e+01
2.024776427660515665e+01
2.046422056241160448e+01
2.067387754762702912e+01
2.089526355850195927e+01
2.110640229491471231e+01
2.131406387671185243e+01
2.150105045188083253e+01
2.167038606711408022e+01
2.181274087540481688e+01
2.192221054233876743e+01
2.201395878809256956e+01
2.209826213144033602e+01
2.217883425264862751e+01
2.225256131449918939e+01
2.230475142636119656e+01
2.232300320976400343e+01
2.227587908816222395e+01
2.219430419379316533e+01
2.206522911077521343e+01
2.193104161122813878e+01
2.179240939386003006e+01
2.166463488207601884e+01
2.152773455561058213e+01
2.139480789724109755e+01
2.125290948283364045e+01
2.112285662994908719e+01
2.099374852286510773e+01
2.087877807836466815e+01
2.076006633509259913e+01
2.064438872707894035e+01
2.050702137301178141e+01
2.036340696003006911e+01
2.019951974623607427e+01
2.003683572968775906e+01
1.986222295233443802e+01
1.968028687009475419e+01
1.950693889742237630e+01
1.933200931413333379e+01
1.917471208249552816e+01
1.904630627708105095e+01
1.894636136475901367e+01
1.888056583143685785e+01
1.882765163070245862e+01
1.877656868040007510e+01
1.872044800166398559e+01
1.864881227912086104e+01
1.857904765271646141e+01
1.851450237294753620e+01
1.847051041818511763e+01
1.845247478917950090e+01
1.845178151527553823e+01
1.847367305378186231e+01
1.849938867662285702e+01
1.853304761635767761e+01
1.857124043321506335e+01
1.862991669740355860e+01
1.870775666750952126e+01
1.883388763236685293e+01
1.900344826684991517e+01
1.917714495362979932e+01
1.935595075439140089e+01
1.950859753065596536e+01
1.963795171909252346e+01
1.974579374172499513e+01
1.984775074597970601e+01
1.994418380242894173e+01
2.005517106640654035e+01
2.016268594795606717e+01
2.027039401371707683e+01
2.036485770071676882e+01
2.044489530941816824e+01
2.050909806451900153e+01
2.055393708287312649e+01
2.058347508736632392e+01
2.059115004523632564e+01
2.059585158851466602e+01
2.059793650956702038e+01
2.059607344521137051e+01
2.058942614275339622e+01
2.057830153429874187e+01
2.054842541470893380e+01
2.050949525926081662e+01
2.045614544918220901e+01
2.039965580027246617e+01
2.034431893298925331e+01
2.028241221506399228e+01
2.022129714336192308e+01
2.015029556785927056e+01
2.008400844185077005e+01
2.001174331734474166e+01
1.994669414557008480e+01
1.986823346955398151e+01
1.979046116144381529e+01
1.970051622251673606e+01
1.961320553365341723e+01
1.953129220169574509e+01
1.946152567875738271e+01
1.940509060394001395e+01
1.935729767126375123e+01
1.930809310590833405e+01
1.925857753321657029e+01
1.920386000241173008e+01
1.915032735011276444e+01
1.910457525090639308e+01
1.908040149518015482e+01
1.909935418921990546e+01
1.915793801628035098e+01
1.922761609857046139e+01
1.930392724240111590e+01
1.936623707859149235e+01
1.941918386078606673e+01
1.946744607052681530e+01
1.953466638352303519e+01
1.961343921735395313e+01
1.971720289363126355e+01
1.981611589538837848e+01
1.991738596819175910e+01
2.000908973403450375e+01
2.010573590820957790e+01
2.020458582796866054e+01
2.032016297284473083e+01
2.043014273683950677e+01
2.053010832751848724e+01
2.060624967163641941e+01
2.066360478652768862e+01
2.070906265741346886e+01
2.075810387620384390e+01
2.080387572632140447e+01
2.083406938488659677e+01
2.084130976432311400e+01
2.079739259490018455e+01
2.070456713557774364e+01
2.060390027290420534e+01
2.048867405339979442e+01
2.038284931172994874e+01
2.028235738047273884e+01
2.019317729091370595e+01
2.010307577777594545e+01
2.001743926909068705e+01
1.992772672133981615e+01
1.984555631023424027e+01
1.976349260776846961e+01
1.969003192344476716e+01
1.961480365047358632e+01
1.954288713541287237e+01
1.945836287982043800e+01
1.937251448776048690e+01
1.926956064122765611e+01
1.916549945753759943e+01
1.904202566673123087e+01
1.892611106644685037e+01
1.880911274904826769e+01
1.870694235794802651e+01
1.861729770396321371e+01
1.854010477668926171e+01
1.847452152769110256e+01
1.841492758243580496e+01
1.836314686695112641e+01
1.832241373353440039e+01
1.828858167959691627e+01
1.826779329705640720e+01
1.824936087845220811e+01
1.823221779225744399e+01
1.821997829886331033e+01
1.821493800350201298e+01
1.822302084021600876e+01
1.825802845494200710e+01
1.830233782756689109e+01
1.836054179484774806e+01
1.841586978781376871e+01
1.845675667212164939e+01
1.848701750262578258e+01
1.851037883335802903e+01
1.853868312937906637e+01
1.859566876658949397e+01
1.866467597493002017e+01
1.875157898524892275e+01
1.882713790890742445e+01
1.888237229232476366e+01
1.891662365139582747e+01
1.894376815352122634e+01
1.897369069070403569e+01
1.900558583241637223e+01
1.903588678511334820e+01
1.905521576849362120e+01
1.905284488042901359e+01
1.904204059237231306e+01
1.903004227517492808e+01
1.902518730072135256e+01
1.903452111507231947e+01
1.904765651820184047e+01
1.905098253943664588e+01
1.904629305048145227e+01
1.903076126639425780e+01
1.901894475560999354e+01
1.901348995682468157e+01
1.900854451114416577e+01
1.898756220349302737e+01
1.894962678745428875e+01
1.888573423456575640e+01
1.881783948514562965e+01
1.874390798378129119e+01
1.867228891530960766e+01
1.858411477409712376e+01
1.847944538131915948e+01
1.837438536706047287e+01
1.827378705526793468e+01
1.818879202395664763e+01
1.812214780934177583e+01
1.807040691112665698e+01
1.802878817166755709e+01
1.799298655924827273e+01
1.796306541333410678e+01
1.794212615371015573e+01
1.793810180136465604e+01
1.794610669878631626e+01
1.797305209007065230e+01
1.800516548663780014e+01
1.804739263261640758e+01
1.809157536775147790e+01
1.813844427985099017e+01
1.818680896378171852e+01
1.823914069817931249e+01
1.828821571363565468e+01
1.834464814445534842e+01
1.839504905350809238e+01
1.844346379322523077e+01
1.847691963966380513e+01
1.851498677117488612e+01
1.855780549977518135e+01
1.859722100153727098e+01
1.863375725159469809e+01
1.865662194314013433e+01
1.864928472136046622e+01
1.862472099132993719e+01
1.856979977256152381e+01
1.851132713652171091e+01
1.843992037720895638e+01
1.837492188477309085e+01
1.831683813398778327e+01
1.827029481886324191e+01
1.823861950540827692e+01
1.820828237423427254e+01
1.817320432977261646e+01
1.814094941278447592e+01
1.810562607023634385e+01
1.807620533851850553e+01
1.804527231421898037e+01
1.801062478823018864e+01
1.797416603210129793e+01
1.794330116774394313e+01
1.794419010729102126e+01
1.798377851454618437e+01
1.804079058282718506e+01
1.810674383611368654e+01
1.815784557319881998e+01
1.818108670182621367e+01
1.818975712201507022e+01
1.817933296972234913e+01
1.816383139632530330e+01
1.814460436764488804e+01
1.812354827333077623e+01
1.809384573982595867e+01
1.806698925171435377e+01
1.803698941568586989e+01
1.801344805302074903e+01
1.799421978049823778e+01
1.797381467698067681e+01
1.794076374480275504e+01
1.790161929770963667e+01
1.784640827605549873e+01
1.778559183254835219e+01
1.771146963937625785e+01
1.763756376098978862e+01
1.756964376488243573e+01
1.751805105772141147e+01
1.748720891258211552e+01
1.747743982166304377e+01
1.747053176874751657e+01
1.746618892951229896e+01
1.745457179885441334e+01
1.743992983091039406e+01
1.742230082563615667e+01
1.740762890448565159e+01
1.739417306698743104e+01
1.738939017088398487e+01
1.738177455558448870e+01
1.737252125741642317e+01
1.736271681355746921e+01
1.734962613335554238e+01
1.734269924710455513e+01
1.735034051965829605e+01
1.736346784248562258e+01
1.737757982897270281e+01
1.738183674275161650e+01
1.737433699591626990e+01
1.736000179225944606e+01
1.734666129051252881e+01
1.734698407926686770e+01
1.736553741009060303e+01
1.739629875243987556e+01
1.742580589756336096e+01
1.745021540062760934e+01
1.747088782382652994e+01
1.748872639063385392e+01
1.750034362000206656e+01
1.748921937375519420e+01
1.746785827446954187e+01
1.743713533224769563e+01
1.741390985759226240e+01
1.740731994807109828e+01
1.740111965009004891e+01
1.733116234095884423e+01
1.715692236165219242e+01
1.666019111989913526e+01
1.595226378255750710e+01
1.482630346690620726e+01
1.366314365698912070e+01
1.248905381545308657e+01
1.157494861597644409e+01
1.103559379165290544e+01
1.073098983801446060e+01
1.062776936673906469e+01
1.050736993517410767e+01
1.033620705782212390e+01
1.009351680238977167e+01
9.876611152698419716e+00
9.715690363180170763e+00
9.598170134378202434e+00
9.500286813278123077e+00
9.374444043007372329e+00
9.165350635491913422e+00
8.930170488914894733e+00
8.658243771029972891e+00
8.429095893330888600e+00
8.274783057889704807e+00
8.198765139741899688e+00
8.224808995492253416e+00
8.293620708985912415e+00
8.392394624742410159e+00
8.476649563951173860e+00
8.508026090308927536e+00
8.497281170416282947e+00
8.410505843863470332e+00
8.283770854396804495e+00
8.166261581160314975e+00
8.099005420293476476e+00
8.098022296583790691e+00
8.207128914668398778e+00
8.354963315331373153e+00
8.552746369423354977e+00
8.740768643226934032e+00
8.930772157190398630e+00
9.117683599036052300e+00
9.329622257647528727e+00
9.538523881583049757e+00
9.773330755938747672e+00
1.000052110687276929e+01
1.022627876833157856e+01
1.042925457222804653e+01
1.060969986453811131e+01
1.075470657744556924e+01
1.085249663883546134e+01
1.093568763711501646e+01
1.103405753240999942e+01
1.118501208879811593e+01
1.135730552807105020e+01
1.156546609554472482e+01
1.176045074807407609e+01
1.194311064095693631e+01
1.210430877628090585e+01
1.227641406428285897e+01
1.245166666499541996e+01
1.265887002250552307e+01
1.285616122224519309e+01
1.303969417033336775e+01
1.319596177688254102e+01
1.335820031694786181e+01
1.352831159335846500e+01
1.376108212516988161e+01
1.401043139338642973e+01
1.429554245489726227e+01
1.456351822849008570e+01
1.483316617039416840e+01
1.509743371453873806e+01
1.535226015673203825e+01
1.562545726843745797e+01
1.589305163033685631e+01
1.616833544490736685e+01
1.642462522819747761e+01
1.667221652243714303e+01
1.689745984316805405e+01
1.710525959418424335e+01
1.728924007424826215e+01
1.744924946587173409e+01
1.758643048461483716e+01
1.770256096195081597e+01
1.779629389514451887e+01
1.785256031094512252e+01
1.787973541414030620e+01
1.785608981184284971e+01
1.781198229720412129e+01
1.771907622348733113e+01
1.761862420235396698e+01
1.749257986776830265e+01
1.735986761745820317e+01
1.723858440296325512e+01
1.711834385284399929e+01
1.700702526558286820e+01
1.688987024410543114e+01
1.677340493800376464e+01
1.663757537657662766e+01
1.650368182650710835e+01
1.635206483876656947e+01
1.620293868726568220e+01
1.604613513849179185e+01
1.590741078781210582e+01
1.578934826688562154e+01
1.569936150795251173e+01
1.563874886509023021e+01
1.558961410687435922e+01
1.553044802278978054e+01
1.546471860698089174e+01
1.537885700691673918e+01
1.529738763092372800e+01
1.522643943542535894e+01
1.518747375226907437e+01
1.516757147522161020e+01
1.517738380866060943e+01
1.519988539941316930e+01
1.524524381532159545e+01
1.529701626048051466e+01
1.537227720025875755e+01
1.544958097620142112e+01
1.553749150475979413e+01
1.562225168061228153e+01
1.571073876938617175e+01
1.580474817297027457e+01
1.592342401219348424e+01
1.605078408319473482e+01
1.619957325826202066e+01
1.634611215603930034e+01
1.649538736957108398e+01
1.663730757738132127e+01
1.679132124291750117e+01
1.694780237158184022e+01
1.712090154507676587e+01
1.727496507622799982e+01
1.739988418401243564e+01
1.747421024177074500e+01
1.752197404618666354e+01
1.754759844232641441e+01
1.757977058125404568e+01
1.762811822947750429e+01
1.768031455976467470e+01
1.772888350621070686e+01
1.775776093495706931e+01
1.775387347763096102e+01
1.773845764100873623e+01
1.770324748550271821e+01
1.766332013727718220e+01
1.760448386878809757e+01
1.753147158851362519e+01
1.743207717720595085e+01
1.733276036837689915e+01
1.721876145851693707e+01
1.710626747881487120e+01
1.697662075169979445e+01
1.681841142578124959e+01
1.665788379466522429e+01
1.647065904475258691e+01
1.629196906570789238e+01
1.611163244811909934e+01
1.594715238545586011e+01
1.578561594364343001e+01
1.563957494150414895e+01
1.550261434101184044e+01
1.538752660084930568e+01
1.530169537554206549e+01
1.523612520622989486e+01
1.519041636824761987e+01
1.514744103656124352e+01
1.509346162332007601e+01
1.503177924450166358e+01
1.493807566306327139e+01
1.483596977754571355e+01
1.471289996246139786e+01
1.460157118296199208e+01
1.451541258662322065e+01
1.445536538294259898e+01
1.443976131721532319e+01
1.445921368852138045e+01
1.449474262602802810e+01
1.455099054574224127e+01
1.461225773712088127e+01
1.468150460712895011e+01
1.475360689108364554e+01
1.484556459644213255e+01
1.495064319654552776e+01
1.508224470471013490e+01
1.521130353544361569e+01
1.533455119444158932e+01
1.543821090942984142e+01
1.551438550965775853e+01
1.557791645723965779e+01
1.563288032901239966e+01
1.568411588877303053e+01
1.573840275855999415e+01
1.578850855588690472e+01
1.584468414214342680e+01
1.590887155647344997e+01
1.599462407958145960e+01
1.608041738376204677e+01
1.614851755405128486e+01
1.618413676119514832e+01
1.619919825489453302e+01
1.620264508423336025e+01
1.620476368258527344e+01
1.620090965810321038e+01
1.618137884264875481e+01
1.611941201181110017e+01
1.603998365187904440e+01
1.593372358505278008e+01
1.583886948370599335e+01
1.576811309603176881e+01
1.572314675977994725e+01
1.570577008608088221e+01
1.569774790984863877e+01
1.568750385877316411e+01
1.566519295056534133e+01
1.561984479989478736e+01
1.556478475024502295e+01
1.549566196287710440e+01
1.542461726908376463e+01
1.536652490693146333e+01
1.531815662397402278e+01
1.528015444333373374e+01
1.524024747524849843e+01
1.520166086216704748e+01
1.516211165592590859e+01
1.513247330275861557e+01
1.511712989515552685e+01
1.510760462817920668e+01
1.510511056920648798e+01
1.510406027405115914e+01
1.510008675102885256e+01
1.510207022743476735e+01
1.510924325935164880e+01
1.512129085161247133e+01
1.513841879911288579e+01
1.515855701013513901e+01
1.518975332417070412e+01
1.522441374322785634e+01
1.528419543208438647e+01
1.536408051598222357e+01
1.544357491524115389e+01
1.553033856486434772e+01
1.560653689947120881e+01
1.568488580071610983e+01
1.576162627527282289e+01
1.582856126130868546e+01
1.587900623113455545e+01
1.589105330172574426e+01
1.587833449982181833e+01
1.584387222275669060e+01
1.581447596489656959e+01
1.580717756570853361e+01
1.581367606611676635e+01
1.583469010079669914e+01
1.585345033342428245e+01
1.586764879695533104e+01
1.588187102633436076e+01
1.589011006343897492e+01
1.590092028708751926e+01
1.590389518824863124e+01
1.590785740741679355e+01
1.591589093789821163e+01
1.593389699736926879e+01
1.595019777260535854e+01
1.595923534824369305e+01
1.595205103039757510e+01
1.591511270630820896e+01
1.586518751329862198e+01
1.579142562949693307e+01
1.570684532351738483e+01
1.559836868637909824e+01
1.549024192338035277e+01
1.538748356394498273e+01
1.530958913620430906e+01
1.527663326274455180e+01
1.527121367107750061e+01
1.529056399381585507e+01
1.530884610173447768e+01
1.531981343390987149e+01
1.532009741630152355e+01
1.531001080063395570e+01
1.528574582067286514e+01
1.525720593611566223e+01
1.520711214462191130e+01
1.514312247229194419e+01
1.505564581065370966e+01
1.497251407755187280e+01
1.489322269270653898e+01
1.483578191029983628e+01
1.479679388610756519e+01
1.477054161014375921e+01
1.475064123332315447e+01
1.473578687153323585e+01
1.473567249677818225e+01
1.474025757461505748e+01
1.475866647990923042e+01
1.477402303035916376e+01
1.478542404115097852e+01
1.479260060550567601e+01
1.479409903904204704e+01
1.479942222219301762e+01
1.481343554707724941e+01
1.484195134115264736e+01
1.488253400185349840e+01
1.493590660785027424e+01
1.499497073444847928e+01
1.505946119302488206e+01
1.512057871415861499e+01
1.518251012952269718e+01
1.524042996962873175e+01
1.530248552891696079e+01
1.536268723747792997e+01
1.541810540004173369e+01
1.545653602689601946e+01
1.546427856047066030e+01
1.545820437201055064e+01
1.544074607635208274e+01
1.542844329374613288e+01
1.543281218030549695e+01
1.544012153644345631e+01
1.545359889569539824e+01
1.546478185120090210e+01
1.547318602149261579e+01
1.548520098648325138e+01
1.549780017548554056e+01
1.550929100100230329e+01
1.552404071332912494e+01
1.555019187065054176e+01
1.558302341260590751e+01
1.561668316278387003e+01
1.563703718747929017e+01
1.562748668230832827e+01
1.560114270867371644e+01
1.556466561833631168e+01
1.554047207488772564e+01
1.553914322893399813e+01
1.553972611836539386e+01
1.552166358849191319e+01
1.548134969633810165e+01
1.541111044717265877e+01
1.534285448997866474e+01
1.529930866278675516e+01
1.528255439858318354e+01
1.529733255492505783e+01
1.532008621880314081e+01
1.533579364036741310e+01
1.533043800640703758e+01
1.531417181228557034e+01
1.528096352920843159e+01
1.524595941858737191e+01
1.520979301673643391e+01
1.517489033460750036e+01
1.512603615957055858e+01
1.506759068498513798e+01
1.498917753208692893e+01
1.491331454290782332e+01
1.485823865942163557e+01
1.482344957100937854e+01
1.482207743417549572e+01
1.482094612405348677e+01
1.480466533440974075e+01
1.476585901133624468e+01
1.469631097908011341e+01
1.462886603494479587e+01
1.457682346129627327e+01
1.454780586956173849e+01
1.452489366195815634e+01
1.449143476760927562e+01
1.445375258126701823e+01
1.441876401168001287e+01
1.439963065520996288e+01
1.440851482311979481e+01
1.443425670730651156e+01
1.448702028022828614e+01
1.454857945320752854e+01
1.462907647875668893e+01
1.470981071391080164e+01
1.478581015851066027e+01
1.484847320884176902e+01
1.489581272285289515e+01
1.493623315450546407e+01
1.497477179122430613e+01
1.501416841270876645e+01
1.505148404499271386e+01
1.508270362944511334e+01
1.509887133222482980e+01
1.509948364942799159e+01
1.510144694259497733e+01
1.511441029615651921e+01
1.513675100128418016e+01
1.517424623466552980e+01
1.520327733756217015e+01
1.522414381206934131e+01
1.523945346502020648e+01
1.525506379701119997e+01
1.528024850851089589e+01
1.532634996776408975e+01
1.537582087684357646e+01
1.542150562500022026e+01
1.545932246609131155e+01
1.548712395725963198e+01
1.550758451713555175e+01
1.551498437434140421e+01
1.551022892250929885e+01
1.548298197945971744e+01
1.544712863537408332e+01
1.540273181220095289e+01
1.537238877281248861e+01
1.534989876726097613e+01
1.532532044083123601e+01
1.528812437797502177e+01
1.523336657818723516e+01
1.517949162788022655e+01
1.512667282362546217e+01
1.508444933603289506e+01
1.504732717801646658e+01
1.500789457356847301e+01
1.495543476391043036e+01
1.489981873936380019e+01
1.485307545260059214e+01
1.483277592426758140e+01
1.484424698699759659e+01
1.486937031274873533e+01
1.489501823296349592e+01
1.491537658712585213e+01
1.493599594735583835e+01
1.495898156348005692e+01
1.498993263596912406e+01
1.501458097646375123e+01
1.502149415938432320e+01
1.500076311803047169e+01
1.497075144458587204e+01
1.494343033553728617e+01
1.493292276623320625e+01
1.495654768191235995e+01
1.500452349633756377e+01
1.508670853639805642e+01
1.517301864683300217e+01
1.526702500227539261e+01
1.535176071784148810e+01
1.542928500905074429e+01
1.550280884738572240e+01
1.558064803878545490e+01
1.565731655607176442e+01
1.575003800648293684e+01
1.583688623746435731e+01
1.593099588756145657e+01
1.601524417620418461e+01
1.608448382737444149e+01
1.613216212930706206e+01
1.617043355241723290e+01
1.619566970548834561e+01
1.621378512938555261e+01
1.621975328235645364e+01
1.621176890488551692e+01
1.617356368503185138e+01
1.612375763708029197e+01
1.606757157566898897e+01
1.602669405948216763e+01
1.600514696959318783e+01
1.599052039678190162e+01
1.597229113790617028e+01
1.595195953762966390e+01
1.593838927324539867e+01
1.594465357890895163e+01
1.599537771993425039e+01
1.605801897786305332e+01
1.610857029689034903e+01
1.612050636140257964e+01
1.606686926342917232e+01
1.598783438674087520e+01
1.592518350853634601e+01
1.589343697115617715e+01
1.587887611610673844e+01
1.586741372692824825e+01
1.584200513912809427e+01
1.579488623803356084e+01
1.575659065906111600e+01
1.574255030450549242e+01
1.574979351226615165e+01
1.577142883247110916e+01
1.578187878419378976e+01
1.576782018790010298e+01
1.574542500214084484e+01
1.572704199274415515e+01
1.572443167756599536e+01
1.574922626032675765e+01
1.577857484676287214e+01
1.581117057280158988e+01
1.583422934833179596e+01
1.585753788040829448e+01
1.588013008136221060e+01
1.590444875805700242e+01
1.592316811907005558e+01
1.593844437957525173e+01
1.594764566199581601e+01
1.596039710610528495e+01
1.597030574265233049e+01
1.597512082846045089e+01
1.596320835359637158e+01
1.594678162952706835e+01
1.592929266632985197e+01
1.592247416422903150e+01
1.592076234129942769e+01
1.591334658618447051e+01
1.587650814225625062e+01
1.582271481426651327e+01
1.574654691621769587e+01
1.568717016354705684e+01
1.566614561247548920e+01
1.566797600583272576e+01
1.569270883613058487e+01
1.569469054712927480e+01
1.567100107223453520e+01
1.559898985374341507e+01
1.553675366599454755e+01
1.555413082542817804e+01
1.574239372119062530e+01
1.626666173332180776e+01
1.705815394425519216e+01
1.823977603225585042e+01
1.961212896081804757e+01
2.140254032555859709e+01
2.335066770246808687e+01
2.574750527060001204e+01
2.819973017973454077e+01
3.093675166299730961e+01
3.356775882952130985e+01
3.630153942656180277e+01
3.889074973097095267e+01
4.157163720249414496e+01
4.426487543676232406e+01
4.675708497464166413e+01
4.916689424541413445e+01
5.132836503043488818e+01
5.334302319074762977e+01
5.513677485579364657e+01
5.678933540776895939e+01
5.824849895124097543e+01
5.956559135279142936e+01
6.070846368611289989e+01
6.169848158065342147e+01
6.253140533388315703e+01
6.314652481151321695e+01
6.355735026808006438e+01
6.360806531959410393e+01
6.343692721943851609e+01
6.286874863974298933e+01
6.200303395581607901e+01
6.106525436622174396e+01
5.988679906813057130e+01
5.868652713000875565e+01
5.727064318012070743e+01
5.587715938714170960e+01
5.434069270639791682e+01
5.288568357008663412e+01
5.134443848551006795e+01
4.988473751396581690e+01
4.830667525817764840e+01
4.678777612195152358e+01
4.515510264322120548e+01
4.363669632487428629e+01
4.212620902908758325e+01
4.077307364682935287e+01
3.947100603158969534e+01
3.829391414225892731e+01
3.715409087684484035e+01
3.614088846323434012e+01
3.520954047173641044e+01
3.437664475274993947e+01
3.364319830195896088e+01
3.295077715272574892e+01
3.232118010735941738e+01
3.170347190394303993e+01
3.112981094447481567e+01
3.055830026033871150e+01
3.003252509618307187e+01
2.952337190465242145e+01
2.906859278584983386e+01
2.865499411056685020e+01
2.830989530199728677e+01
2.804064837175709357e+01
2.787179115414377151e+01
2.784921487974937904e+01
2.795839042017249554e+01
2.828415785874937782e+01
2.882289945581981172e+01
2.948432050727285869e+01
3.036113645803896688e+01
3.131005133373302485e+01
3.245820501607009589e+01
3.364008445647190371e+01
3.498780442980510941e+01
3.632018652066884101e+01
3.773966095844346569e+01
3.908063910513911310e+01
4.043844052453181348e+01
4.170810591079245455e+01
4.297660218255856535e+01
4.414684447754192576e+01
4.529242270616150989e+01
4.632261949013334856e+01
4.728793550505878329e+01
4.817984962519735603e+01
4.898094403116687090e+01
4.972613174350295395e+01
5.038232088342752490e+01
5.095995798221728279e+01
5.144449209269924950e+01
5.183890038205061757e+01
5.215090324033128155e+01
5.234551221468776561e+01
5.244122596394403502e+01
5.234985429435284487e+01
5.214920893336857688e+01
5.175493058845788141e+01
5.131663379208586662e+01
5.076536109150383425e+01
5.021714908309157721e+01
4.958595917473584791e+01
4.894843207710133015e+01
4.820560534180305723e+01
4.739339188902275879e+01
4.663134596031785861e+01
4.585031432459407341e+01
4.514926172764236867e+01
4.445908434351511573e+01
4.383583247380236259e+01
4.321795776779641329e+01
4.263949299047944663e+01
4.203437270515532020e+01
4.145916902196985632e+01
4.086842352397138711e+01
4.032625170677050619e+01
3.980177867913050704e+01
3.933290480447115556e+01
3.888280245735159468e+01
3.846935424721517904e+01
3.805327260601319495e+01
3.767137165801115373e+01
3.730423816850023400e+01
3.696675315316213073e+01
3.666795528499321932e+01
3.639222282989249635e+01
3.613550780529347151e+01
3.587027427150649572e+01
3.561603929180046180e+01
3.535312325463917205e+01
3.511892075613597086e+01
3.493692143890802271e+01
3.481307883126066827e+01
3.477289869735537309e+01
3.478714599797284279e+01
3.486959802876975800e+01
3.498918842481938896e+01
3.516180983662243165e+01
3.536272447100104444e+01
3.562902293904578244e+01
3.592690543850436313e+01
3.629670221839302258e+01
3.672621852106126994e+01
3.716340830379692051e+01
3.764745967574629759e+01
3.812219538164058008e+01
3.863335064529601226e+01
3.913442599206981498e+01
3.966532085873146940e+01
4.017499964898481579e+01
4.068321892211873347e+01
4.113826080054544576e+01
4.156531334056656846e+01
4.195500221600530466e+01
4.233463676798308484e+01
4.269041901239705084e+01
4.303535248823859405e+01
4.334311123787780673e+01
4.362695050310232148e+01
4.388541406512433696e+01
4.411496134192087482e+01
4.432465163777003170e+01
4.451151445681852437e+01
4.468792791151893340e+01
4.484945901682888092e+01
4.501037421939361849e+01
4.515467732237495824e+01
4.526135381163739879e+01
4.532307174678010142e+01
4.529905189546664701e+01
4.524306935689393327e+01
4.513052925940089466e+01
4.500594765710675915e+01
4.483638271236280559e+01
4.464442242238496306e+01
4.438681250304494341e+01
4.408365851671342028e+01
4.378081903672247677e+01
4.345446760351693172e+01
4.314088479499522322e+01
4.281602860290747969e+01
4.250304387542335860e+01
4.217675501554203521e+01
4.187047213772407872e+01
4.156153253913542045e+01
4.128329378355658719e+01
4.102535800246893416e+01
4.079854072334711645e+01
4.058104867580653519e+01
4.037778004732565762e+01
4.016114427670009945e+01
3.996032468860194342e+01
3.976656698980398374e+01
3.960181974328128973e+01
3.946188972573050080e+01
3.933810207364160760e+01
3.922470902247732738e+01
3.911151100464338981e+01
3.900427397167856469e+01
3.890892902491102490e+01
3.883176683808474650e+01
3.876624523820476043e+01
3.871273870960607866e+01
3.866301126739541161e+01
3.861841060785668844e+01
3.858017935525283804e+01
3.855235614753247120e+01
3.854351568913946124e+01
3.854657013450346170e+01
3.856671790886439055e+01
3.858948147680465723e+01
3.860975733318623782e+01
3.863522637607596266e+01
3.867272993557433125e+01
3.874268029903096533e+01
3.883426762554630329e+01
3.895942079842335204e+01
3.908762945308691883e+01
3.923762913405985131e+01
3.938487698598349596e+01
3.955382237829896752e+01
3.972295747093508567e+01
3.990555518259989753e+01
4.008735893199523304e+01
4.028128506551917098e+01
4.046290689584059663e+01
4.065381645878143502e+01
4.082819333502315828e+01
4.099707319881732559e+01
4.115420111608182197e+01
4.129719728133054701e+01
4.143480090517200409e+01
4.156128720646841401e+01
4.168017641628145498e+01
4.178603693471409031e+01
4.188666060208301190e+01
4.197587923950855071e+01
4.206093479932363977e+01
4.213144381282616990e+01
4.219071050164015446e+01
4.223584168534182481e+01
4.227890726836838553e+01
4.231418843762612880e+01
4.234351692178498183e+01
4.236344570112329677e+01
4.237126719180079704e+01
4.236926228030354480e+01
4.235849125622901568e+01
4.233330739525757025e+01
4.230250966186267902e+01
4.224845969735862639e+01
4.218955351689353961e+01
4.210705116289184957e+01
4.201959067848859064e+01
4.191274612842934744e+01
4.180012832151433599e+01
4.166501325979081116e+01
4.153645074995664288e+01
4.139825978283580810e+01
4.126499811261192008e+01
4.111686357973680828e+01
4.096639263286073174e+01
4.079220453892727960e+01
4.061882863718442138e+01
4.045900760445481836e+01
4.030208784874988481e+01
4.015865402500724457e+01
4.000946369627477850e+01
3.987374053990267697e+01
3.974166843571457974e+01
3.962384161772704516e+01
3.952114445511881513e+01
3.942514963809962580e+01
3.933080301543634505e+01
3.923890420998331052e+01
3.914889817193561328e+01
3.907524711032354503e+01
3.901740265433145538e+01
3.897215220791704837e+01
3.893769808297323465e+01
3.890752411707426717e+01
3.887681904000474731e+01
3.884661491131760869e+01
3.882156495718079015e+01
3.880461370777196350e+01
3.878908009996791151e+01
3.877567707281318832e+01
3.876409509755167448e+01
3.875415708900951728e+01
3.874542392402959479e+01
3.874723721064354720e+01
3.875660531745310777e+01
3.877697794450601521e+01
3.880606261794963530e+01
3.885250649013190127e+01
3.890686169869819366e+01
3.898850077938929104e+01
3.908970853318388095e+01
3.918816115902483688e+01
3.929785586310976697e+01
3.940073448634275621e+01
3.951068363263214422e+01
3.961499886290134498e+01
3.973151384004487596e+01
3.985059806521516634e+01
3.998761593082705446e+01
4.012229546773743749e+01
4.026339017980006219e+01
4.039890399367922669e+01
4.053727851722705111e+01
4.067150590225958950e+01
4.080317043149326395e+01
4.093189596278222098e+01
4.106802601214178594e+01
4.120877131249959291e+01
4.134348175198876163e+01
4.147028628166969355e+01
4.157598791910032077e+01
4.166663391687193041e+01
4.174884185444371099e+01
4.184723007722345045e+01
4.194949144452793632e+01
4.207995952928438044e+01
4.221058698095711748e+01
4.234487920587458376e+01
4.246324127883731592e+01
4.256664352554597031e+01
4.264865476711562309e+01
4.270346446226027126e+01
4.273752059475778964e+01
4.275432800314222703e+01
4.275604746133614498e+01
4.275046175623671019e+01
4.273676164198113980e+01
4.272194694585689234e+01
4.269968667072848945e+01
4.267263291705618400e+01
4.263643089737264091e+01
4.259850275339072567e+01
4.254798855538677316e+01
4.249859633117218749e+01
4.244303590326119746e+01
4.238357682878717725e+01
4.231564106237686218e+01
4.224660951348936067e+01
4.217058543890151867e+01
4.207999880155002614e+01
4.198894594001640002e+01
4.188043278720765272e+01
4.177495773916934496e+01
4.166393682492893902e+01
4.156419701953364410e+01
4.146135027550812424e+01
4.136279250805223029e+01
4.125194220614815777e+01
4.113850125629333832e+01
4.099702360712346660e+01
4.086124312527943658e+01
4.071546188681944756e+01
4.058302532117876638e+01
4.046299518570746301e+01
4.035247274386485117e+01
4.024028801137668410e+01
4.011869332093909435e+01
3.999591848197665200e+01
3.986617245048802260e+01
3.975140379542337854e+01
3.964522923149687728e+01
3.955157965192321967e+01
