1.202126214455695105e-02
1.557217057548728432e-02
2.491382983904855131e-02
3.008724700868191729e-02
3.336287142289600521e-02
3.251367146316333501e-02
3.311899135722416732e-02
3.178876502720812819e-02
3.119147193639626447e-02
2.861964982828375109e-02
2.906722419999432233e-02
2.908790748028321910e-02
3.057161891881235091e-02
3.693740806176204483e-02
4.474535237343482685e-02
5.147168945171286952e-02
5.390239477291947773e-02
5.238386509432236410e-02
4.878627713356898515e-02
5.074679340681274853e-02
7.384230254370285906e-02
1.093321068270368540e-01
1.470560573022331452e-01
1.569071949523893617e-01
1.267104136288522143e-01
1.001393688380532304e-01
9.204667580876360611e-02
8.137790275404992169e-02
4.993845531827176276e-02
1.001831412575826807e-01
1.714329304987726177e-01
2.033797782457690551e-01
1.670137042361763691e-01
1.333812112958453755e-01
1.431408366900763229e-01
1.632596792687604215e-01
1.835010779278560544e-01
1.863832743629930400e-01
1.825101068607815347e-01
1.505778486513163483e-01
1.241519566472288894e-01
9.680044866083072075e-02
1.450709766502076836e-01
1.739674567448346032e-01
1.752966844743692743e-01
1.666270177001580866e-01
1.850451631103082473e-01
1.193384520485032130e-01
4.275267241113122479e-02
1.000243587162107234e-01
1.134309909810811146e-01
9.928621014991745319e-02
8.980389929849655339e-02
1.080411481522078193e-01
1.368116060663063793e-01
1.615948082418209308e-01
1.686015629306097663e-01
1.624673972334289285e-01
1.369333404042170632e-01
1.222051088628479110e-01
1.234335099636678507e-01
1.309259573327713755e-01
1.265934647299295224e-01
1.149004088186341560e-01
9.248859798045389047e-02
7.604775432015029035e-02
7.193557012314211185e-02
8.232321801412542661e-02
9.743208911638299996e-02
1.102022016684738870e-01
1.169621771413826561e-01
1.068905921908285678e-01
9.503269038354693332e-02
8.844460048974360500e-02
9.280737409024553131e-02
1.089647749110727593e-01
1.191542149204995599e-01
1.178565743100748742e-01
1.069448371898784195e-01
8.341454098937703399e-02
7.036741740354306163e-02
7.071921941694464531e-02
8.514621246733704296e-02
1.027183425463552291e-01
1.209647909587382164e-01
1.341420471366529532e-01
1.390740111213391861e-01
1.437723047828921574e-01
1.583062178175108914e-01
1.730149938663612108e-01
1.780881107489916126e-01
1.685602680307877188e-01
1.440799851679744059e-01
1.237122965453395923e-01
1.174057097685733408e-01
1.185572567848989650e-01
1.255564163612415685e-01
1.325861069984725082e-01
1.420861887721217021e-01
1.492619774386596543e-01
1.554859202676904806e-01
1.666217955548787155e-01
1.834473419136407046e-01
1.921207621886614481e-01
1.911698286123565960e-01
1.727535007664748046e-01
1.480744150302462092e-01
1.222334430829086771e-01
1.089146859477591323e-01
1.128997785701127271e-01
1.371029450291114393e-01
1.831092616963035380e-01
2.167307322923182067e-01
2.097032744395213033e-01
1.764351835099499111e-01
1.461363100856518937e-01
1.252873815918928158e-01
1.205776800717364150e-01
1.377702111958846731e-01
1.611246633312088672e-01
2.021987610111048994e-01
2.478292115975759824e-01
2.723603616870795552e-01
2.704365847846333937e-01
2.297300074472435893e-01
1.812102821218050941e-01
1.462863933946520478e-01
1.377468920203225589e-01
1.596264244041089020e-01
1.998173412318655640e-01
2.371063810001820815e-01
2.515772050199590049e-01
2.493643762651452100e-01
2.363068230479268284e-01
2.267997578192492147e-01
2.309012824589595225e-01
2.412104634169375816e-01
2.549987679231627835e-01
2.606331595454939865e-01
2.571258024965705213e-01
2.520235153956094654e-01
2.423572065358509386e-01
2.410431221413842640e-01
2.535946860832825056e-01
2.647443904380687441e-01
2.571838181397190781e-01
2.373580201486821528e-01
2.277697470728911044e-01
2.479418041371444503e-01
2.832627312004430964e-01
3.198429221683020685e-01
3.309411797297528990e-01
2.976465278833492767e-01
2.517363806936536164e-01
2.172426336704462446e-01
2.150374727217254089e-01
2.664147731516505191e-01
3.337262923330437947e-01
3.930603218586486980e-01
4.162104225946324232e-01
3.730664632559412275e-01
3.153175237016309640e-01
2.696229548098527107e-01
2.681008087201064427e-01
2.834759015196004484e-01
3.140178727226693445e-01
3.467470685516683693e-01
3.779759218898542938e-01
4.003938902643531805e-01
4.068386371180605643e-01
3.992941554683119842e-01
3.694481220050314652e-01
3.323121239646247282e-01
2.992999396644319687e-01
2.899922539154290990e-01
3.139379951972440241e-01
3.496933040414045291e-01
3.973638497455887486e-01
4.197206848301976434e-01
4.180277498227012445e-01
3.803410258218950513e-01
3.449338329666538083e-01
3.254129974457733998e-01
3.300584831099378502e-01
3.667858544744301841e-01
4.038215291559960618e-01
4.247402583699346201e-01
4.300687018588895683e-01
4.212361707573556435e-01
4.203785489103958328e-01
4.293026857399100393e-01
4.404890779931013300e-01
4.539710668195844345e-01
4.596835811031602659e-01
4.530143708956470561e-01
4.463160131635655614e-01
4.494280859883576507e-01
4.645374497539676573e-01
4.749874067731839622e-01
4.650352096479667408e-01
4.473044725483910633e-01
4.354134716050123144e-01
4.417902586555037536e-01
4.762309989197651139e-01
5.117112467928752739e-01
5.348359347710753831e-01
5.333672987459707748e-01
5.040142016419597581e-01
4.784955106512285838e-01
4.696285187886017898e-01
4.818757371655252864e-01
4.951982437661027192e-01
5.074597686226651749e-01
5.226094727105460302e-01
5.398811221961182794e-01
5.571616246908417391e-01
5.690634799171122582e-01
5.763258205449327543e-01
5.668207548730286316e-01
5.556418252128794144e-01
5.443383602238865970e-01
5.393287014907485188e-01
5.323337939886917392e-01
5.326339125343387826e-01
5.528131724160704197e-01
5.877054817096909467e-01
6.230218030771474957e-01
6.336275713948770205e-01
6.314647721892884258e-01
6.120153520376183653e-01
6.009670977021195348e-01
6.001449722215939087e-01
6.068792757146264094e-01
6.182653822774084595e-01
6.291509640227057609e-01
6.368934021615076935e-01
6.407081644662646625e-01
6.393494237988880391e-01
6.327175201980500541e-01
6.182218828897497742e-01
6.028310877918872102e-01
5.925939282825638532e-01
6.127424585273570923e-01
6.524603524240993879e-01
7.120330654707617279e-01
7.565145663963979139e-01
7.580717610883419555e-01
7.352307862834944752e-01
6.942168228796318230e-01
6.692771990981165597e-01
6.658774657182054968e-01
6.749075925720349201e-01
6.944935272095486001e-01
7.143731498207571695e-01
7.336379657867428961e-01
7.499864835776774985e-01
7.519164845307356737e-01
7.492724661282101906e-01
7.480510462423135554e-01
7.507758432735365250e-01
7.546289054682838726e-01
7.555184704611395130e-01
7.578082664412284508e-01
7.688872864936511231e-01
7.819907934303959030e-01
7.940246272632669466e-01
7.964968900589757261e-01
7.844939928484219172e-01
7.687558177000965998e-01
7.525210291333896961e-01
7.483286956391956846e-01
7.649962151355716999e-01
7.883522937738496328e-01
8.109654570025099929e-01
8.220886631579468196e-01
8.280012009019128705e-01
8.361121865246335938e-01
8.463215886062579463e-01
8.516240871786624478e-01
8.555533054930709591e-01
8.541718928318883242e-01
8.557971821623859832e-01
8.671308958364821740e-01
8.829756176962703096e-01
8.985106300036410643e-01
9.050575703637642189e-01
8.852794708253884925e-01
8.597470669852326219e-01
8.339047006764176428e-01
8.397022373301502585e-01
8.653255200352120147e-01
9.064509255881038063e-01
9.355086481071247517e-01
9.379221413009291020e-01
9.281334446331949151e-01
9.073933390534394405e-01
8.960265401464680979e-01
9.004875993202682283e-01
9.135108448557520688e-01
9.280038750168612127e-01
9.349997004837488079e-01
9.256921816306541428e-01
9.172614413898473318e-01
9.195734708205810515e-01
9.337354212519196617e-01
9.579578643468562582e-01
9.723245908412579963e-01
9.770154409980735810e-01
9.731374977470860221e-01
9.680601021987530475e-01
9.628257029913825926e-01
9.605391315191327273e-01
9.609432857694413244e-01
9.623611818171491361e-01
9.698027635593796658e-01
9.838276358502540120e-01
1.004607718531970173e+00
1.019241295289084137e+00
1.020534416129020183e+00
1.012865582642899387e+00
9.999673708696753538e-01
9.959656864506661877e-01
1.000088098063215636e+00
1.016268585043186290e+00
1.036197748227113191e+00
1.052831233822425050e+00
1.062470208701769003e+00
1.061726939562032568e+00
1.056571401607809157e+00
1.048441989173589217e+00
1.047221532927108401e+00
1.051811081862558561e+00
1.056341099156118624e+00
1.057091423304362232e+00
1.058387423973767172e+00
1.065064277555021421e+00
1.078243345100843520e+00
1.090845530421874043e+00
1.092871484776080315e+00
1.085149729851935696e+00
1.068942102724574683e+00
1.057423522883357503e+00
1.058906336633850476e+00
1.070689861559490197e+00
1.088712900925403959e+00
1.099519005269482541e+00
1.098160303623502809e+00
1.093457208481991128e+00
1.094870541762628990e+00
1.101926868564073514e+00
1.115886671981103362e+00
1.125901747625213556e+00
1.129731548992524592e+00
1.132125299380510208e+00
1.135387231107807038e+00
1.135572359158800060e+00
1.129631691167031438e+00
1.114357926725953796e+00
1.103755564732053829e+00
1.109146417942586949e+00
1.130102643039455401e+00
1.155932898054145452e+00
1.164570474199928540e+00
1.150257266735459583e+00
1.132951920526190870e+00
1.126673983771721677e+00
1.133723816881619717e+00
1.155164893826041927e+00
1.174019744718424185e+00
1.178396231470287603e+00
1.173511399159853807e+00
1.174991625575080967e+00
1.184640708036122758e+00
1.194649254124728666e+00
1.194300327942806605e+00
1.187799985528265712e+00
1.179542502033584350e+00
1.176918193323014172e+00
1.186109927853155721e+00
1.193304084749039706e+00
1.191360765568893365e+00
1.184034492475315448e+00
1.175969934959019358e+00
1.177609762659941772e+00
1.192811401014006512e+00
1.208946631896841595e+00
1.222364317196974914e+00
1.219908730880099546e+00
1.210591172732002452e+00
1.198092971036001098e+00
1.192502035763791879e+00
1.200921727847035214e+00
1.211937920540315350e+00
1.221322174072699829e+00
1.225466575617549125e+00
1.221440667987069961e+00
1.219877219495721699e+00
1.228501863402398531e+00
1.241771590383378809e+00
1.254693454579739686e+00
1.261365122082753087e+00
1.252962423885891630e+00
1.237249977465010309e+00
1.222535967770361331e+00
1.209266656869418588e+00
1.200372934614600151e+00
1.202482959506164573e+00
1.213039649439920264e+00
1.235397366456578050e+00
1.259752471743349922e+00
1.277155539284492880e+00
1.285095987075976831e+00
1.282880727866724024e+00
1.279131523349287258e+00
1.269122570049757925e+00
1.262485306942476404e+00
1.257983079522194236e+00
1.257371690280475462e+00
1.260597433122802036e+00
1.265568306144583044e+00
1.266518233686353412e+00
1.268149592403107206e+00
1.272408903270711544e+00
1.278466981074784181e+00
1.285113256768992462e+00
1.284993999130437992e+00
1.280598229002131827e+00
1.270842142287877952e+00
1.262852073197787917e+00
1.259036345782083677e+00
1.259665078137748528e+00
1.262302775213619555e+00
1.264571827964797057e+00
1.261812900610633559e+00
1.260408015076482702e+00
1.270454579921155291e+00
1.302574875879753291e+00
1.338223737909053135e+00
1.358996092392645849e+00
1.356728941508007935e+00
1.316726813706470489e+00
1.275781799056533661e+00
1.248420145854643559e+00
1.246173284624864985e+00
1.272754020682574927e+00
1.302384723105156183e+00
1.326590302221556827e+00
1.338351939186246398e+00
1.337161655327494980e+00
1.333793890394764814e+00
1.329723855508835761e+00
1.326855257855535486e+00
1.322696750549989364e+00
1.316640500386215384e+00
1.311561371176364510e+00
1.310406150378020884e+00
1.314449299957585859e+00
1.323841655532413508e+00
1.332478395822139783e+00
1.341067394620179654e+00
1.348328767899301228e+00
1.352905880385016246e+00
1.355464272701746742e+00
1.351459897499098561e+00
1.344089689500151730e+00
1.331369813952240078e+00
1.318129757371466315e+00
1.308510988514104412e+00
1.314420491753598652e+00
1.326064788597353994e+00
1.343193706023315004e+00
1.355974361584721288e+00
1.356273532843600638e+00
1.348717483815147888e+00
1.335699385934612904e+00
1.328503292317041673e+00
1.332932608169638211e+00
1.339242973907631473e+00
1.343603610742195587e+00
1.344027825393112607e+00
1.343250005320681284e+00
1.346760688646463811e+00
1.354192780321277878e+00
1.357221035582938828e+00
1.352708098236655720e+00
1.341284292362607822e+00
1.332687846318431735e+00
1.337518793981232301e+00
1.346766846241582050e+00
1.358205167161564919e+00
1.358233967402672437e+00
1.341753468268538807e+00
1.325788458369689948e+00
1.323925919728132117e+00
1.332742541121635371e+00
1.363279989386137592e+00
1.387464108937308982e+00
1.387516368416184198e+00
1.367937414913160676e+00
1.338212995227770374e+00
1.321427463735005192e+00
1.318988275123602838e+00
1.338561619637995470e+00
1.361786944666935950e+00
1.373210859423341423e+00
1.368052798715742702e+00
1.348614648786564008e+00
1.335554407901943685e+00
1.334418321693239040e+00
1.340680550770187329e+00
1.355831220339807075e+00
1.367180610762353199e+00
1.366927924158714447e+00
1.357507608887327910e+00
1.340617998742954065e+00
1.328953078526848630e+00
1.323211514604774264e+00
1.330110130098437926e+00
1.338752313486174517e+00
1.345399470326408053e+00
1.344937885271820122e+00
1.337114112103483299e+00
1.328408891952152171e+00
1.321185144116527654e+00
1.320561279104425001e+00
1.328165775371700663e+00
1.338684379685704195e+00
1.342616886713861923e+00
1.339463342799503298e+00
1.330647477007814938e+00
1.325545781105403664e+00
1.324546470217367045e+00
1.332876580978694658e+00
1.340336056767690742e+00
1.341745512165060772e+00
1.340172937261376651e+00
1.334536982671885141e+00
1.329398846488772712e+00
1.329490577963925224e+00
1.332285776764567053e+00
1.336181587321357389e+00
1.338590768135296205e+00
1.336748730548640740e+00
1.336598780526726316e+00
1.334507912493181125e+00
1.332853649793796613e+00
1.330971378109924386e+00
1.328423011951537669e+00
1.327226582048397718e+00
1.330072474164052831e+00
1.333772095643829259e+00
1.335803230907838035e+00
1.333325654361906976e+00
1.322190753744522995e+00
1.310701058155029575e+00
1.298916479843095884e+00
1.290558507596242688e+00
1.286846301664224201e+00
1.286385277274960437e+00
1.288038758663628824e+00
1.290961279586842148e+00
1.301025477222614635e+00
1.314267887943735724e+00
1.327479574304976317e+00
1.334929482854517291e+00
1.339283361956473462e+00
1.337127978029615472e+00
1.328742204003301230e+00
1.315315891591605668e+00
1.303488915222716038e+00
1.298827211379178559e+00
1.301547457744172354e+00
1.317428128990369984e+00
1.334504251134984942e+00
1.345013505812178378e+00
1.345556166941416221e+00
1.333881273433597636e+00
1.320956681788099996e+00
1.314097599464643995e+00
1.312396014064948657e+00
1.311749214461525703e+00
1.309084282157908508e+00
1.306479286507697735e+00
1.305318349029430225e+00
1.310500295188884001e+00
1.321995036918215627e+00
1.335655179536324955e+00
1.346380490560265430e+00
1.352387709564830010e+00
1.340989394130287504e+00
1.323966846225112404e+00
1.301815313918628148e+00
1.284228300258347444e+00
1.278173041665042531e+00
1.286087868978138760e+00
1.299340445926207233e+00
1.313866668349414013e+00
1.326166809869777641e+00
1.329268173159766420e+00
1.332105907981459225e+00
1.333839176622063416e+00
1.338866999752855058e+00
1.342319957346950199e+00
1.345159547783170817e+00
1.343573225072611121e+00
1.340664444319262127e+00
1.338201144589501679e+00
1.334676631079344977e+00
1.328936455242624604e+00
1.322273708306079820e+00
1.316120710271703631e+00
1.313626173160543198e+00
1.314668341290519349e+00
1.322548369707738036e+00
1.331723315335965996e+00
1.337818715467613773e+00
1.339023946193146797e+00
1.338335145165462370e+00
1.337109509795984197e+00
1.337970601064835563e+00
1.338251007218487221e+00
1.337290475975591475e+00
1.333565665952245682e+00
1.325040727842541566e+00
1.317596798849459461e+00
1.313532245154445999e+00
1.317285697781676035e+00
1.325227832337690259e+00
1.333732233010020529e+00
1.339743574945952975e+00
1.338751067444910126e+00
1.332780028542281059e+00
1.326010753089534644e+00
1.320777740258838984e+00
1.325272631309803328e+00
1.332866438896468386e+00
1.342440094683008400e+00
1.345029581185386069e+00
1.333375525800636785e+00
1.322100946812958755e+00
1.317826822570938416e+00
1.327480576406675938e+00
1.341805122583603405e+00
1.356211418034039662e+00
1.356479080786014091e+00
1.337030608770679807e+00
1.309510815763831770e+00
1.287560968785295801e+00
1.279840464645984888e+00
1.298471625680270858e+00
1.320979570045433427e+00
1.343463385536420640e+00
1.355964200326455815e+00
1.352523629922756543e+00
1.344464866365199462e+00
1.334361819813266514e+00
1.328282885702461336e+00
1.325782892857949147e+00
1.320843890778579777e+00
1.315080005615004488e+00
1.308314502663803225e+00
1.298999671696776659e+00
1.272833708353662496e+00
1.229970763580662485e+00
1.155845183083033856e+00
1.148583517078935357e+00
1.314184433397197260e+00
1.658315926104716898e+00
2.278488692658837689e+00
3.011700035935755082e+00
3.778526610682095388e+00
4.649964487724275841e+00
5.485003318767049052e+00
6.312130409786668395e+00
7.061698933352795748e+00
7.707423212405371871e+00
8.240491737909334091e+00
8.664599875586489475e+00
8.970291082336620647e+00
9.231947142392126437e+00
9.483768771921933904e+00
9.735260267232021647e+00
9.973949687459333191e+00
1.015276453016381097e+01
1.023514968751257648e+01
1.026358692237053205e+01
1.023802829711375928e+01
1.021000697216907405e+01
1.017352881685461696e+01
1.012363652482847343e+01
1.003791506559395685e+01
9.909435503986188110e+00
9.772657094420591051e+00
9.634469778877010171e+00
9.518408656668066570e+00
9.417035409529310286e+00
9.331739948402596241e+00
9.238513225540105012e+00
9.152197338958623973e+00
9.080146203006261629e+00
9.028896697435062180e+00
9.008161787819132016e+00
8.995058154790461558e+00
8.985506395089233322e+00
8.980689183954236654e+00
8.986204400060195496e+00
9.004807440093479443e+00
9.044308825128331009e+00
9.088484850515760272e+00
9.122960338436534755e+00
9.131784314300828598e+00
9.123298078079114859e+00
9.105475697916402211e+00
9.093833172455507707e+00
9.099734629252605345e+00
9.111510213205020747e+00
9.118253585096530500e+00
9.113107538909876126e+00
9.095570987117991280e+00
9.079516092400925942e+00
9.068832157867557697e+00
9.056112557628411608e+00
9.032821416356830113e+00
9.005934464632378678e+00
8.966159729242018983e+00
8.932524608940369149e+00
8.897778448810047536e+00
8.862796052483549403e+00
8.821165407443752215e+00
8.769564073284852768e+00
8.719849671483411058e+00
8.680866759388964127e+00
8.654224754190204649e+00
8.658111656523070465e+00
8.672776218097258294e+00
8.707598832701846092e+00
8.742321871066877748e+00
8.794402317100455946e+00
8.847919912386329244e+00
8.907603999269214867e+00
8.965422925692212885e+00
9.007915728960643520e+00
9.024230980592617968e+00
9.012464202535745983e+00
9.000054674574810676e+00
9.019365630968643188e+00
9.101464253514603087e+00
9.209333239189747999e+00
9.346729230262177168e+00
9.469374144014183869e+00
9.577864637617652832e+00
9.677322933850907916e+00
9.782718707895320165e+00
9.894120863872785776e+00
1.002068889156386433e+01
1.013939945613186566e+01
1.024556813273767197e+01
1.034271442978655564e+01
1.044753689348606684e+01
1.055991255933125395e+01
1.069107135688225796e+01
1.080167091194249629e+01
1.085482240913294483e+01
1.085652265694932517e+01
1.079768054882748807e+01
1.073211976115467081e+01
1.069397412185150031e+01
1.071052481717648064e+01
1.075320839579250354e+01
1.082511867254208404e+01
1.089007403443634203e+01
1.093679994773617459e+01
1.096666420341090031e+01
1.097655699192196543e+01
1.099102457473378713e+01
1.101750545550629568e+01
1.105570154655890569e+01
1.111439437271518571e+01
1.117390503771523846e+01
1.122503668379631492e+01
1.126285151400221451e+01
1.127591671088914183e+01
1.127726904328122437e+01
1.126791677960859950e+01
1.126986015550743225e+01
1.127709844317362631e+01
1.129121461886160382e+01
1.129997245924605309e+01
1.129322615706979605e+01
1.127316695610857877e+01
1.122489825954890286e+01
1.116302433162780083e+01
1.108704204904878310e+01
1.102120898850190045e+01
1.098048279659495918e+01
1.096703927778378329e+01
1.099737156741351995e+01
1.104086087061433652e+01
1.110297485690495023e+01
1.115684102231779740e+01
1.119352234444302319e+01
1.122002438606281594e+01
1.122736451202713504e+01
1.122229204081937226e+01
1.117947183084250895e+01
1.109361408649773573e+01
1.091274858934930947e+01
1.067658386314302277e+01
1.046155583161548641e+01
1.030588447862588630e+01
1.020830192193579222e+01
1.018521891445613647e+01
1.018555675522855353e+01
1.022218203660260549e+01
1.027692160907530550e+01
1.037657767327532632e+01
1.049097406471410565e+01
1.063499707109870229e+01
1.078689279251003619e+01
1.096771965179973130e+01
1.115239276398123458e+01
1.136189538457096582e+01
1.156216559106108832e+01
1.176352746117481729e+01
1.196154639960628252e+01
1.217818402686742729e+01
1.240954288134063255e+01
1.262725579334959747e+01
1.283357267607340901e+01
1.301271673024388065e+01
1.317161754907122173e+01
1.331708104300503237e+01
1.346021871095466516e+01
1.359840978974780512e+01
1.374780736436796325e+01
1.388340677454773875e+01
1.401770709167490736e+01
1.413764114145712014e+01
1.423402275065615541e+01
1.430862948099268372e+01
1.434974325773834281e+01
1.437911794982157510e+01
1.440083174704273894e+01
1.442663952565586349e+01
1.445590100205881434e+01
1.447378045729687734e+01
1.446653276539651678e+01
1.444229404593736987e+01
1.439681429281752578e+01
1.434880533339291553e+01
1.430458396842291968e+01
1.425719273354523509e+01
1.420084001380108596e+01
1.412560493860985034e+01
1.405412287823092932e+01
1.399035039042846762e+01
1.394043232891914563e+01
1.390772581106598338e+01
1.388309292490462887e+01
1.386815258240022253e+01
1.386438981299480133e+01
1.388346642339383585e+01
1.391136457617576738e+01
1.395647680627610931e+01
1.399554285604488335e+01
1.402463879375504696e+01
1.404193393149974867e+01
1.405633304890525004e+01
1.407603336132029881e+01
1.411952289827432594e+01
1.418745136633299708e+01
1.426216783203991056e+01
1.435102798358009579e+01
1.443470021331146391e+01
1.451963296057489750e+01
1.459504633005983365e+01
1.466726894981946039e+01
1.473480391209889717e+01
1.480011890829198862e+01
1.486015515329654946e+01
1.491487565134480064e+01
1.496068813237298656e+01
1.500072023383873976e+01
1.503403862085534293e+01
1.506573385591681280e+01
1.509386885505518805e+01
1.511663746666622288e+01
1.513750177196851787e+01
1.516639787769574532e+01
1.519269590248462087e+01
1.522040762871353081e+01
1.523911713378534394e+01
1.523265632609575349e+01
1.518982396570447513e+01
1.513454114880860857e+01
1.505611273280855933e+01
1.498784251958443114e+01
1.493316200366409419e+01
1.489124874306318880e+01
1.484730994917442892e+01
1.479157359349755119e+01
1.469946427774869591e+01
1.460106220274566091e+01
1.449501906902039927e+01
1.440739723977915610e+01
1.434252242273136702e+01
1.428173498836822120e+01
1.421328094312520030e+01
1.413302747898743661e+01
1.403001254373163675e+01
1.392942203406035162e+01
1.382385791989725199e+01
1.372640408556610936e+01
1.362479057524724091e+01
1.353068262912078445e+01
1.344394124267292412e+01
1.337311777063299445e+01
1.331212928867042855e+01
1.324290140444445818e+01
1.317072233415783344e+01
1.309346654649516317e+01
1.303051831379596415e+01
1.299208440031306111e+01
1.296685939940712906e+01
1.294078185729687469e+01
1.290428049795795751e+01
1.285304919021303682e+01
1.280961283924483141e+01
1.278802883633071907e+01
1.278012256903183896e+01
1.278963981061894550e+01
1.279887765614633999e+01
1.281067247574899781e+01
1.282463730630730048e+01
1.285042799908407751e+01
1.288664116812934424e+01
1.294501542896141011e+01
1.300125877354750514e+01
1.304961986107127991e+01
1.308778824799946783e+01
1.312251944483135446e+01
1.316924924264576191e+01
1.322106189142230015e+01
1.329138220773167056e+01
1.335505236162157594e+01
1.341624244979532499e+01
1.346676055668155136e+01
1.351526375241201094e+01
1.356427711072197262e+01
1.361309236505938003e+01
1.365590461248755894e+01
1.369022159664733174e+01
1.371938705897220601e+01
1.374606265266730887e+01
1.377207094893001305e+01
1.379761584757750725e+01
1.382605101441977169e+01
1.384910490677076211e+01
1.387353204004650742e+01
1.389314193567279254e+01
1.390951102703466624e+01
1.392060004660291206e+01
1.392688193328158519e+01
1.392467310586413731e+01
1.391353818662215858e+01
1.390137803295112207e+01
1.388922500955510486e+01
1.387710179064670513e+01
1.387159366373323266e+01
1.387070708814183106e+01
1.387819982999841351e+01
1.388793661917392264e+01
1.390466198076120108e+01
1.391885984809840693e+01
1.392536306321386341e+01
1.391972100102390719e+01
1.390688070446065083e+01
1.389978823584737100e+01
1.391306266599248787e+01
1.393624566629456218e+01
1.396624993169852225e+01
1.398378956080636293e+01
1.398188131995011574e+01
1.396317787807198840e+01
1.395139731928863114e+01
1.396286654634717195e+01
1.399414022357143494e+01
1.404986348391848239e+01
1.410394375452263382e+01
1.415428584873716034e+01
1.419307717144460490e+01
1.422642921275739702e+01
1.425511677846172454e+01
1.428420775433310475e+01
1.430971022865306175e+01
1.434234807470314443e+01
1.438077372490385208e+01
1.443653110681696994e+01
1.449916637450846757e+01
1.457059880979158706e+01
1.463709331816173709e+01
1.469424967238075652e+01
1.474134485953561047e+01
1.478036338304687902e+01
1.480809808983790532e+01
1.482856756202290782e+01
1.483967178499150741e+01
1.485129212085955253e+01
1.486203584824212598e+01
1.487407398172945250e+01
1.488615271355265257e+01
1.489596411457791447e+01
1.490019838775145189e+01
1.489512741509051352e+01
1.487847834796451707e+01
1.485812656022894984e+01
1.483761919909393612e+01
1.482022460373100969e+01
1.481648820502098651e+01
1.481859055806195791e+01
1.481079917984083671e+01
1.478938159075794445e+01
1.473736336631155908e+01
1.467470009689162325e+01
1.460043080050338915e+01
1.453840859538102848e+01
1.449332718686203059e+01
1.445918912331635653e+01
1.443093043082936511e+01
1.439939895614612020e+01
1.436727995674153391e+01
1.432033088837960477e+01
1.427109639972815813e+01
1.421762751642062739e+01
1.416747784421973044e+01
1.412806263157397701e+01
1.409840884340077061e+01
1.407486554176401405e+01
1.404684942165733652e+01
1.400740483110094203e+01
1.396610362089405299e+01
1.392490763878148741e+01
1.389349533246508273e+01
1.388384874837049665e+01
1.388180357455175873e+01
1.388668839272347810e+01
1.388685183957184854e+01
1.388744656976040304e+01
1.388723242337295183e+01
1.389084829133631338e+01
1.390358299658965535e+01
1.391656622770434026e+01
1.392943892317992827e+01
1.394222617109351781e+01
1.396446943538342822e+01
1.399368445253761450e+01
1.404595813954181693e+01
1.410143836047511279e+01
1.415946781341124527e+01
1.420807695855727104e+01
1.424848035773899646e+01
1.427703899663750420e+01
1.429484628139305968e+01
1.431059735386168263e+01
1.432475598491318181e+01
1.434036189698687380e+01
1.436161135801613220e+01
1.438536397352048368e+01
1.441687469176818581e+01
1.445242328162979817e+01
1.449164026442421083e+01
1.453140793333650116e+01
1.456262264808073681e+01
1.457395052925383006e+01
1.457252089764341108e+01
1.455137168511728163e+01
1.453507586554831121e+01
1.452825167347933011e+01
1.453116883354786992e+01
1.454203459848696589e+01
1.454683338519369862e+01
1.453915383864071309e+01
1.452650330893178321e+01
1.450895830821706589e+01
1.449489269593031615e+01
1.447709765463578790e+01
1.445936975029375304e+01
1.443676644238736628e+01
1.441755387498264263e+01
1.441475669740443699e+01
1.441981318321582783e+01
1.443990350846427972e+01
1.446391668797680907e+01
1.448655747590358267e+01
1.451082786813684855e+01
1.453403536982241562e+01
1.456756327987220345e+01
1.460313909513707920e+01
1.464062220615148746e+01
1.467690429961652399e+01
1.472059708712825987e+01
1.476347940211730680e+01
1.481434216150322314e+01
1.485563731603710202e+01
1.488395794394602589e+01
1.490079785651073863e+01
1.490112877262742686e+01
1.489869226315531314e+01
1.490219613558984690e+01
1.490966348308321088e+01
1.492337483055351122e+01
1.493777090208535618e+01
1.495393135237530124e+01
1.496880834150153916e+01
1.499375399277702314e+01
1.501993187463701496e+01
1.504181001249374106e+01
1.505890155342128622e+01
1.507503950322485942e+01
1.508928000736870878e+01
1.510737481046938768e+01
1.512578002724163539e+01
1.514651196400738975e+01
1.517023117860690462e+01
1.519374860515679160e+01
1.522153482316855566e+01
1.524573198252599404e+01
1.526316162244578933e+01
1.527805391764923115e+01
1.529400086858585794e+01
1.531176170724316066e+01
1.533399785942847160e+01
1.535122347040261204e+01
1.535499794039455246e+01
1.534781527387680100e+01
1.533126025213416632e+01
1.531750272561036930e+01
1.531228661672005131e+01
1.530623965506962669e+01
1.529076698383331667e+01
1.525223563705042551e+01
1.519679042204593244e+01
1.512037460442743253e+01
1.504317627005497116e+01
1.495129084090249982e+01
1.485597978093444560e+01
1.473826451956559325e+01
1.461696958325353535e+01
1.448417340843960588e+01
1.435949272491117767e+01
1.423221723617293399e+01
1.411914749261972979e+01
1.400668730043321197e+01
1.390606104652633235e+01
1.381866592999392829e+01
1.373779744925058921e+01
1.365245915248805986e+01
1.356954454453947534e+01
1.348820812620212450e+01
1.342464600990547474e+01
1.338224859864981831e+01
1.336317169854264186e+01
1.334705722255988647e+01
1.332084318698793801e+01
1.328732341106100989e+01
1.325615529687325989e+01
1.324025596402954719e+01
1.324940436043367953e+01
1.326076511139990721e+01
1.326564329481559668e+01
1.325855031655048677e+01
1.323241757807918439e+01
1.321341706774178881e+01
1.321469407194184775e+01
1.322701802626967726e+01
1.325347025324695949e+01
1.327279179462817638e+01
1.327462925918509384e+01
1.327126767235767879e+01
1.326892539140962235e+01
1.328322994947953184e+01
1.330130532327929060e+01
1.332316264943069051e+01
1.334409836824331919e+01
1.335989155253147942e+01
1.337550603504088009e+01
1.339452248593872064e+01
1.341369587840461541e+01
1.343565090838780307e+01
1.345613921249661438e+01
1.347264880841154344e+01
1.348910549117924340e+01
1.350653406592268446e+01
1.351822036141673600e+01
1.351926705077982405e+01
1.351450625262417837e+01
1.350796277059235173e+01
1.350235902416344480e+01
1.351041006167414693e+01
1.352416503576864137e+01
1.354242640048695456e+01
1.355782267975687816e+01
1.356385713937746296e+01
1.356494430811534713e+01
1.357132381374941588e+01
1.359082380311911109e+01
1.361603051720364732e+01
1.364036901848120920e+01
1.365088562481632728e+01
1.364029707910056644e+01
1.362098768532202264e+01
1.359318975189079737e+01
1.357060882069347407e+01
1.355751962621721773e+01
1.354438059611176826e+01
1.353896493914516341e+01
1.353506373224795745e+01
1.353646338080209510e+01
1.354030897526493327e+01
1.354674561920716869e+01
1.355314441252602720e+01
1.354376359032910671e+01
1.353005751621641473e+01
1.352399126629310189e+01
1.354864825365262782e+01
1.358661223246031469e+01
1.362857298170914078e+01
1.365137238840875611e+01
1.365739607835976521e+01
1.367006236311503464e+01
1.371905926551514199e+01
1.378792031545996544e+01
1.387418249490782785e+01
1.394084502617451804e+01
1.397862693351416574e+01
1.400341326214206283e+01
1.403817120219101078e+01
1.409408855528555193e+01
1.418694813637623042e+01
1.428349384713977521e+01
1.436494361754634852e+01
1.441851478067760794e+01
1.444222551786969788e+01
1.446684971670670272e+01
1.451278109280423756e+01
1.456903034287108767e+01
1.463219298523447165e+01
1.467620524381990244e+01
1.471059649863844498e+01
1.474676994313230516e+01
1.479337106299355753e+01
1.484342482808679797e+01
1.487977190690140716e+01
1.489341671597844119e+01
1.490039699430707820e+01
1.491500375392472755e+01
1.493852513481854416e+01
1.496573326694177020e+01
1.497395862280405332e+01
1.494894670847535600e+01
1.491076893329069186e+01
1.487679501087144196e+01
1.485424579736677586e+01
1.485154763197827776e+01
1.485012084785142683e+01
1.484837379525710865e+01
1.484669397098578791e+01
1.484991102380492123e+01
1.485610465065944652e+01
1.485546563622811433e+01
1.483958209113779070e+01
1.482082746761875747e+01
1.479753959361396021e+01
1.477816608915342833e+01
1.477252727233198826e+01
1.477457701916374155e+01
1.479470060385749974e+01
1.482300451615134129e+01
1.486755164583905042e+01
1.491581804491015006e+01
1.496971347735145663e+01
1.501359208826573521e+01
1.504987351766096459e+01
1.508074614297412452e+01
1.512258636882084240e+01
1.517260242446956653e+01
1.523971061616852474e+01
1.530668690761780937e+01
1.536916668866513902e+01
1.542290067894451333e+01
1.547168355695406028e+01
1.551883192867067862e+01
1.556856902280886068e+01
1.561225701223379225e+01
1.563920829590388628e+01
1.563362486735692691e+01
1.560919408032800781e+01
1.556269426814884049e+01
1.552201277647911581e+01
1.548824905143515629e+01
1.546329034341308351e+01
1.544947999623591350e+01
1.543191553465665145e+01
1.540419225930155811e+01
1.537168504056426777e+01
1.533730695391661847e+01
1.530954780962341744e+01
1.529681298877444462e+01
1.529419906617326674e+01
1.529361462341748279e+01
1.528925481765826078e+01
1.527704566835638111e+01
1.527340088194184808e+01
1.527509974354440203e+01
1.528429321805203855e+01
1.529607601695362185e+01
1.530071032247648688e+01
1.530537206658212845e+01
1.532258525476143518e+01
1.535516050892631235e+01
1.539995002111027134e+01
1.544078652722604517e+01
1.546555737859434210e+01
1.547135602189694836e+01
1.545973138034308469e+01
1.544328252829966885e+01
1.543308992188793027e+01
1.542970205420283314e+01
1.544292681902792808e+01
1.545591869877571689e+01
1.547095668632685950e+01
1.548195109743646114e+01
1.549246307400309064e+01
1.550570589690310719e+01
1.552560903311144536e+01
1.553707095845995845e+01
1.553601429664988487e+01
1.552160374188541958e+01
1.550739042638651988e+01
1.550836970253798874e+01
1.552618779265408655e+01
1.557100614307556796e+01
1.562077062485121104e+01
1.567913451031499683e+01
1.572889312226426206e+01
1.577012877518694367e+01
1.580408924803055548e+01
1.582322696788552108e+01
1.583923279145628626e+01
1.585833692347418555e+01
1.588408262192598031e+01
1.592983549341494154e+01
1.597504953567547226e+01
1.601239074324317002e+01
1.603444302847983849e+01
1.603458156904353871e+01
1.602300054443222876e+01
1.601470208360897018e+01
1.601598220506572190e+01
1.602378481312602077e+01
1.604377592581854373e+01
1.606353577888181050e+01
1.609205735544119520e+01
1.612085713433251755e+01
1.615226904122499718e+01
1.617704029120834974e+01
1.618465059797763672e+01
1.617768755489009891e+01
1.616012695911079788e+01
1.614864756005997393e+01
1.614469059045992338e+01
1.613974758389699105e+01
1.612824218731286052e+01
1.610786021339838925e+01
1.607844929683009028e+01
1.605316028908940851e+01
1.603786742255276820e+01
1.603230665752088058e+01
1.603037169125389383e+01
1.601228933029737078e+01
1.598288635782931522e+01
1.593837363580445476e+01
1.589723866125210883e+01
1.586894327843852892e+01
1.585143623407389946e+01
1.583955612960566484e+01
1.583207613430803207e+01
1.581201351619826134e+01
1.578560519164676279e+01
1.574441354552090644e+01
1.570207452844804408e+01
1.567288670168964160e+01
1.565973028904988240e+01
1.568024992531286443e+01
1.570856905816583904e+01
1.574257882836836586e+01
1.576448820416305630e+01
1.576620524897139397e+01
1.575696104884427129e+01
1.573891788160885952e+01
1.572613604198074633e+01
1.572310174467826194e+01
1.572849574629159619e+01
1.573316055643807054e+01
1.572299661963024597e+01
1.570238337420224362e+01
1.566046162383586982e+01
1.562428382975732610e+01
1.560063892645978001e+01
1.558963335722047638e+01
1.558763852819300588e+01
1.557951200595061891e+01
1.555700242633844432e+01
1.552909327672764306e+01
1.549707223879669016e+01
1.547081079753136201e+01
1.545724998162961938e+01
1.544988868539176252e+01
1.544117012712493242e+01
1.542817182983658597e+01
1.540953673202164964e+01
1.539173271264347598e+01
1.537670593251947970e+01
1.536534803540354943e+01
1.535667902271013752e+01
1.534084920860767731e+01
1.532312732189462423e+01
1.529793853163930351e+01
1.527257295336123910e+01
1.524717708203294997e+01
1.522229363100212218e+01
1.520559823058835036e+01
1.519161827381770635e+01
1.517235309364654761e+01
1.514592265801733184e+01
1.509969623015918394e+01
1.505292321151737944e+01
1.500309259656807725e+01
1.496214926524136146e+01
1.493201532512295593e+01
1.490843305464500723e+01
1.488959010017842921e+01
1.487278475014757895e+01
1.485034993840203477e+01
1.481649466354719280e+01
1.478411543634756420e+01
1.474794393179962526e+01
1.471267291655524012e+01
1.468305662355881758e+01
1.465526527063611084e+01
1.462651260046231272e+01
1.460086151026805723e+01
1.457463458410505730e+01
1.455083845229308892e+01
1.453014997861739843e+01
1.451495157491242871e+01
1.450412507351184388e+01
1.449153753585539484e+01
1.448182703709374941e+01
1.447027690319776916e+01
1.445556744329025989e+01
1.444187808903718739e+01
1.443561272740919854e+01
1.443064329223706643e+01
1.442971663547361416e+01
1.442679692318843898e+01
1.442492457800253902e+01
1.442294648273101387e+01
1.442256951894034955e+01
1.442007430493936226e+01
1.441381797350598859e+01
1.441135320355267879e+01
1.441543718310964195e+01
1.443777149116909619e+01
1.446572172972861914e+01
1.450671981782906883e+01
1.454453795239681391e+01
1.457284174538197696e+01
1.459191347512471282e+01
1.459568285779475261e+01
1.459230192920510483e+01
1.458698624124265741e+01
1.458474892490122521e+01
1.458127953161016244e+01
1.458411644256709039e+01
1.458806314079114763e+01
1.459779438634346072e+01
1.462164019755140387e+01
1.465231195629216820e+01
1.468280143219466360e+01
1.470755723689709882e+01
1.473097532152826972e+01
1.475296606310338987e+01
1.477204378870977131e+01
1.478815127661866136e+01
1.480041409248949513e+01
1.481829112308886742e+01
1.483995612930057639e+01
1.486010640797060667e+01
1.487062338622000190e+01
1.486370772654303885e+01
1.485051838373589561e+01
1.483668175878738005e+01
1.483652945530521983e+01
1.485476246787079901e+01
1.487756891633436851e+01
1.488600198981747269e+01
1.488169379455709240e+01
1.485935895247846084e+01
1.484371453594293833e+01
1.484329363229328180e+01
1.485903167420513782e+01
1.487497157876777365e+01
1.487299866222438638e+01
1.485077737332802528e+01
1.479295138396105536e+01
1.472753741509657743e+01
1.464953566110959393e+01
1.458004813451878157e+01
1.451071413478485894e+01
1.444626238646813121e+01
1.438155806610222776e+01
1.432791346004730393e+01
1.428192628350008597e+01
1.424295379025214281e+01
1.420403054865719383e+01
1.416342330979832909e+01
1.412054026142348206e+01
1.407798804879809751e+01
1.403890265252300651e+01
1.399937438210298879e+01
1.396101105901668582e+01
1.392740241240157317e+01
1.390315309066796523e+01
1.389611486801970663e+01
1.389326515171258158e+01
1.389151356440138407e+01
1.388560542230520589e+01
1.387526234254962887e+01
1.387145493470473490e+01
1.388708431745886962e+01
1.391388491244310188e+01
1.395301528786055556e+01
1.398132483976501028e+01
1.399837930680937781e+01
1.400836921936229196e+01
1.402213635106125089e+01
1.403937043688632968e+01
1.407274121674647027e+01
1.409899284754158977e+01
1.411209587848515845e+01
1.410712563174079826e+01
1.409037316150967989e+01
1.408831506385416255e+01
1.409438208434427686e+01
1.412094397189480688e+01
1.414633081892032962e+01
1.416607348118779441e+01
1.417791395556692180e+01
1.418875097557661391e+01
1.420908884150369822e+01
1.429750612610212990e+01
1.446009335054059974e+01
1.487424644353369096e+01
1.547779120418199561e+01
1.650688853054390393e+01
1.770006975704608010e+01
1.921505174469079691e+01
2.077288675638541804e+01
2.257289792054875832e+01
2.442443322025105346e+01
2.662211185573832140e+01
2.912894195316285462e+01
3.162415105169228369e+01
3.432070161127867891e+01
3.687538160580930224e+01
3.946835816500527017e+01
4.187925984730170370e+01
4.428936864804781948e+01
4.652916666602646956e+01
4.874512751168610691e+01
5.076410212561322766e+01
5.267989066768226536e+01
5.438185520686658947e+01
5.591906163410356356e+01
5.725687721355686932e+01
5.843056362622268551e+01
5.944027117061344967e+01
6.029983663846622477e+01
6.101915888132944588e+01
6.158726130400970078e+01
6.200819159174406536e+01
6.233278753694748531e+01
6.251563538298845657e+01
6.258825669785867518e+01
6.242311096845239859e+01
6.208882010627707615e+01
6.134671263828005294e+01
6.040755299510476561e+01
5.902857839160378717e+01
5.754154703760661960e+01
5.574126272286027728e+01
5.394629843919554446e+01
5.193578857818084060e+01
4.995834941982823096e+01
4.777029027819832407e+01
4.563471831290027581e+01
4.336685110856855374e+01
4.109731299998819765e+01
3.901305531386046255e+01
3.699258107383906236e+01
3.516108344616912973e+01
3.342194489320198159e+01
3.187415071737099126e+01
3.045953925909919846e+01
2.922498232665842366e+01
2.813155540977319546e+01
2.718338754137291602e+01
2.634903035315080899e+01
2.562279389520613293e+01
2.499692979322284714e+01
2.446460090688839273e+01
2.402509925071109009e+01
2.366185031058245158e+01
2.338325662451416420e+01
2.320759256211384880e+01
2.312302846950836965e+01
2.321304265587300719e+01
2.342269794519656756e+01
2.388424890540505885e+01
2.445740612451059093e+01
2.528843792792689982e+01
2.619690551388797317e+01
2.733219034875423148e+01
2.849602045740857292e+01
2.984442780573954934e+01
3.118616561758769024e+01
3.268738853101088893e+01
3.415948286758027308e+01
3.575240600281252767e+01
3.729232101971781788e+01
3.891213574417589172e+01
4.053638153678924994e+01
4.204481371147667801e+01
4.352931786843202389e+01
4.488983941823472179e+01
4.619286297875564884e+01
4.736656721957686500e+01
4.846444502064336746e+01
4.944399858316415930e+01
5.034205172217678381e+01
5.112891658174037701e+01
5.183362553667096506e+01
5.244733091616596710e+01
5.298710342067526824e+01
5.344926314285322633e+01
5.382800559163381138e+01
5.412483918635860647e+01
5.433466161807140082e+01
5.445944217360822392e+01
5.453420101489124505e+01
5.450302650460240983e+01
5.439816060712132639e+01
5.410591540199641258e+01
5.370786490026340942e+01
5.307034306100442222e+01
5.234575121910458506e+01
5.140073591533686681e+01
5.041650241566800617e+01
4.925570470607939910e+01
4.809605710211346974e+01
4.679848953986967075e+01
4.552895477096018340e+01
4.416004814635894604e+01
4.284412789879899464e+01
4.146049822044916056e+01
4.015033684868636499e+01
3.882061777947296122e+01
3.754590322996343588e+01
3.640553474120268618e+01
3.536044065354782617e+01
3.443626890395607631e+01
3.356776092712549797e+01
3.277413374158528825e+01
3.202074317397808301e+01
3.136022329169388456e+01
3.078331125772683663e+01
3.028975605688854245e+01
2.985964919970069076e+01
2.947971228671286426e+01
2.913837906243810494e+01
2.885080736201928175e+01
2.863977665248326687e+01
2.849242462902213191e+01
2.844314507128514791e+01
2.848351349213604777e+01
2.858237975015284249e+01
2.881806768601503066e+01
2.911920517800621866e+01
2.959144582020280367e+01
3.012410841290161656e+01
3.082466986583571611e+01
3.155944889571395251e+01
3.244954922327187319e+01
3.335747643446977406e+01
3.441270968394611174e+01
3.545778320170640541e+01
3.659572728467853153e+01
3.768863589905360811e+01
3.883879583590136519e+01
3.992433322045230426e+01
4.104347903247335694e+01
4.215780819708947291e+01
4.319269105074517512e+01
4.422009122668885794e+01
4.516297308318885939e+01
4.607217255473951667e+01
4.688839141843912017e+01
4.763704015135891723e+01
4.829330131157630746e+01
4.888746230986434682e+01
4.941671268197741540e+01
4.991214796339559001e+01
5.034520910222893519e+01
5.072106188259301263e+01
5.102522148246230671e+01
5.124842216549609475e+01
5.142216061350321610e+01
5.153599192606827728e+01
5.159660618126027742e+01
5.161779346879315966e+01
5.154494168639875795e+01
5.140365208675111575e+01
5.111501704190094131e+01
5.075781241063118188e+01
5.024032644779003220e+01
4.967871325746442324e+01
4.898080182859867193e+01
4.826209178648852571e+01
4.741627951436375810e+01
4.656460894604548884e+01
4.558768256297987165e+01
4.461815579252244390e+01
4.355745494534230744e+01
4.253779757494205427e+01
4.147801739877071014e+01
4.047348487127521821e+01
3.943603189453956048e+01
3.839303878836533102e+01
3.743261429750020142e+01
3.650058403962316333e+01
3.567170185816188166e+01
3.491128250187199455e+01
3.423978800245145493e+01
3.363827219835444993e+01
3.310679424102853119e+01
3.261832028600579747e+01
3.218931372583364237e+01
3.179222880469254520e+01
3.145002830528374460e+01
3.114982484881340596e+01
3.090038041085190912e+01
3.070631660157616949e+01
3.056140753491925821e+01
3.048220581330140888e+01
3.047850018602566280e+01
3.052961148365964306e+01
3.069726709898595018e+01
3.092134996735836694e+01
3.128761006273268208e+01
3.170400059332865084e+01
3.225247669825581909e+01
3.282966515317383482e+01
3.352399212445220655e+01
3.423393305860176383e+01
3.505977459619860070e+01
3.588811534010145010e+01
3.682318239874451393e+01
3.773797869003148264e+01
3.870838253864128831e+01
3.963150643142321883e+01
4.058541690658341849e+01
4.154974332320881558e+01
4.245478518832548076e+01
4.336757838991985636e+01
4.420377492124044494e+01
4.500414173025157538e+01
4.571158028073424617e+01
4.636626823940034825e+01
4.694314495146860367e+01
4.746936595007970539e+01
4.793060568184268533e+01
4.833523776649649051e+01
4.868760979901639985e+01
4.899633324902817577e+01
4.925811074315407012e+01
4.947661916181752417e+01
4.964944133953887473e+01
4.976042016297878945e+01
4.981855501145518872e+01
4.984736583175896385e+01
4.982363321654836597e+01
4.976965614394352144e+01
4.963374941451845501e+01
4.945332680376058221e+01
4.916291600976172305e+01
4.883182567844008304e+01
4.838410799287299824e+01
4.790574495980537506e+01
4.729662941569109336e+01
4.665869804750096961e+01
4.587963130341091045e+01
4.508460674180905414e+01
4.418526166002871491e+01
4.331029985264075322e+01
4.238708564408969437e+01
4.145200214962233076e+01
4.056714865070819087e+01
3.964809524796046958e+01
3.878183034947748808e+01
3.791225954517624785e+01
3.712569714897402662e+01
3.639939685447678386e+01
3.575812117107900434e+01
3.517270587468875931e+01
3.464697695539983613e+01
3.415546530610681231e+01
3.371579148003714010e+01
3.330666001829460043e+01
3.293556952151416795e+01
3.258995768274184712e+01
3.228694950640600325e+01
3.201641621987757702e+01
3.179837852795946063e+01
3.163492193809054243e+01
3.153494387212274930e+01
3.148015828777509029e+01
3.149934475797588362e+01
3.156979727254567081e+01
3.175361181722005099e+01
3.199634280508513839e+01
3.237799311933027013e+01
3.280295919733427468e+01
3.334565862238964939e+01
3.390149470675045507e+01
3.455251806200764975e+01
3.520695356224607764e+01
3.594619497784773188e+01
3.667984497548683720e+01
3.750556493278293146e+01
3.831407112638495249e+01
3.917299190381071838e+01
4.003049571774356963e+01
4.082948826044467694e+01
4.163076038699917802e+01
4.238664620027692820e+01
4.316581751749435369e+01
4.388974446126875506e+01
4.458910094933409596e+01
4.520618451599916199e+01
4.575480932252578015e+01
4.623228174488568953e+01
4.666672038023703806e+01
4.705653772539438506e+01
4.743873760445472243e+01
4.778397296012469297e+01
4.809741099355918692e+01
4.835012695240164504e+01
4.853319880715424972e+01
4.864679982001164404e+01
4.872900814374348499e+01
4.877428600898193167e+01
4.880406281455002926e+01
4.879273304456884119e+01
4.874647229131659998e+01
4.862196101186113850e+01
4.845037492092554743e+01
4.817727581536807691e+01
4.786893622073591814e+01
4.746817521777447979e+01
4.705387514284170436e+01
4.655783302628871212e+01
4.604325598061264913e+01
4.542128361752940435e+01
4.478327356451872987e+01
4.404091285025651104e+01
4.323981440459374426e+01
4.246960906762600985e+01
4.166433950322340962e+01
4.090720713537231035e+01
4.013782673635053300e+01
3.941040135885073425e+01
3.867038018926012910e+01
3.798174210138907370e+01
3.731113518398506557e+01
3.670836946239213461e+01
3.614896116598967524e+01
3.564733988374271689e+01
3.518162206300031869e+01
3.476319008801764454e+01
3.436751395481412885e+01
3.401362043378014732e+01
3.369160277919968394e+01
3.340169824685992950e+01
3.315310910629361274e+01
3.294201280318803526e+01
3.277171148309686544e+01
3.265382806962762174e+01
3.258167157622121834e+01
3.257711139482076845e+01
3.260949469161166547e+01
3.270609335232484938e+01
3.283686813753692491e+01
3.305876860261034267e+01
3.332717798479972515e+01
3.372274738160087537e+01
3.416157294616702700e+01
3.471113664999605675e+01
3.526409855427542794e+01
3.587998008148508688e+01
3.648147992617013813e+01
3.714690162310081689e+01
3.786386831103012440e+01
3.855384552276694166e+01
3.928890443014874023e+01
3.998732328300572902e+01
4.072151891011266400e+01
4.142099725214689698e+01
4.214101978647517655e+01
4.280181383993836164e+01
4.343062088610814442e+01
4.398662477852119679e+01
4.449914578764943229e+01
4.495262992694900817e+01
4.537935370221065057e+01
4.576943461487503129e+01
4.613496555455228787e+01
4.645903662748641239e+01
4.674652880152808621e+01
4.699386174961117746e+01
4.719413943684237012e+01
4.734214394788347136e+01
4.745365368283010810e+01
4.751799896993212968e+01
4.755995941964649631e+01
4.757001102361809330e+01
4.756466797579589212e+01
4.752452975903621279e+01
4.746349954649986103e+01
4.734409112906573824e+01
4.719267259235570577e+01
4.696246093060570104e+01
4.669951775576199537e+01
4.634435034875463799e+01
4.596182109631571677e+01
4.549858658580161830e+01
4.497619217280259818e+01
4.445289304285505239e+01
4.385950334830350528e+01
4.326276779328434685e+01
4.260483273502165247e+01
4.196369839542916935e+01
4.129559213692525788e+01
4.065964020074099494e+01
4.000192147964585132e+01
3.937788099402470721e+01
3.874901434319995275e+01
3.817036168669999796e+01
3.761980076256732275e+01
3.712859697710576512e+01
3.667145457948763720e+01
3.626012506683314740e+01
3.588517528086521935e+01
3.554625690160128926e+01
3.524693127807113768e+01
3.497470986065005150e+01
3.473139878236673184e+01
3.450176930468168734e+01
3.429579349533613453e+01
3.410802032831515618e+01
3.395568463836708872e+01
3.383942047875085279e+01
3.375199723936162144e+01
3.370872283381896750e+01
3.369945555112909830e+01
3.375331635609990144e+01
3.384965781239534266e+01
3.402717925742194183e+01
3.423593822368597017e+01
3.451646932417501290e+01
3.481619778271885224e+01
3.518416062926729637e+01
3.561610497030208222e+01
3.606568959171720934e+01
3.658627471620026483e+01
3.710370971995008915e+01
3.768346815313956455e+01
3.824640929010698187e+01
3.884629199263129351e+01
3.941549034466281398e+01
