3.335654959614751253e-02
5.016519056770585988e-02
6.827570434024633761e-02
8.223842925287733197e-02
8.855922447743157233e-02
9.523594767780216297e-02
1.010081279926024478e-01
1.062101432910290827e-01
1.112218264782535715e-01
1.154833758945593147e-01
1.191827847116240652e-01
1.218860945614999164e-01
1.238401299428068675e-01
1.260588720787037542e-01
1.236372756507786302e-01
1.229904125934790232e-01
1.222687597769830797e-01
1.204482367356865813e-01
1.180564231023090160e-01
1.109628656908618616e-01
9.179498271891138594e-02
6.019109591741124421e-02
3.409149195245054359e-02
2.537645042565646325e-02
3.942032861824978918e-02
7.697578789863854243e-02
1.027388069837266577e-01
9.550537068026442034e-02
7.395758614837980027e-02
5.079858134473771991e-02
4.059236965142586778e-02
1.293603749685429301e-02
8.784680553060872366e-02
1.438955192744989509e-01
1.470784694576443841e-01
1.281033458726122398e-01
1.089916065535479761e-01
1.103264397851447670e-01
4.964150059353460154e-02
5.690539866879591735e-02
1.420322550987085652e-01
2.063484248773465313e-01
2.161468413493933260e-01
1.966437081680380006e-01
9.821579200662232390e-02
2.154854789519340327e-02
1.055441099337727784e-01
1.551074605315295729e-01
1.841483970264892189e-01
1.913826618374663557e-01
1.674795959370713738e-01
9.155445913345799935e-02
3.539335996725408162e-02
2.533752814375356960e-02
4.162978565834203615e-02
8.310176638068116073e-02
1.061334522956227239e-01
9.271330929599141957e-02
7.529646970391193350e-02
7.410297029095527788e-02
8.570058082749332229e-02
1.133751492293624263e-01
1.245239788252876373e-01
1.092933872699422826e-01
7.917660292774986175e-02
6.165857458330369079e-02
5.359567686983291585e-02
5.907399949478353562e-02
8.776795759805822161e-02
1.134666565050305859e-01
1.236293769373916496e-01
1.220511974620251822e-01
1.171363220358408036e-01
1.141053279223947087e-01
1.064493973420122808e-01
9.869886089055636413e-02
8.998341965207407034e-02
8.091053032783571131e-02
7.462452923529451498e-02
7.810287154680260746e-02
9.180620580816749310e-02
9.808555286295857212e-02
9.943332885347246075e-02
1.013258983482140108e-01
1.070593561145568307e-01
1.086815720976847116e-01
1.081379817580616493e-01
1.067412778269700158e-01
1.057783680677172183e-01
1.087840383552029361e-01
1.177547802341739336e-01
1.232113949331120201e-01
1.250872617605725823e-01
1.280744818084855741e-01
1.271772747658723723e-01
1.232126530106888024e-01
1.196949581291496950e-01
1.201131859113686168e-01
1.336903090432371710e-01
1.566464532451820602e-01
1.846578272979997881e-01
2.065275404359124267e-01
2.163450657876873628e-01
2.147079920541449805e-01
1.831718305188415885e-01
1.467827834713155422e-01
1.145165691796829893e-01
1.038061333797526686e-01
1.067037216454310156e-01
1.314899853889097692e-01
1.895880652777173214e-01
2.415945561724135993e-01
2.648919363537233229e-01
2.293840041451099265e-01
1.783293861807282166e-01
1.420044575049980717e-01
1.382587281112131750e-01
1.397613740176775476e-01
1.598631913043165043e-01
2.048913529411121870e-01
2.473136390877488378e-01
2.582180978288636242e-01
2.497864390526981504e-01
2.196903516065389361e-01
2.026850547805153224e-01
1.945485172782758510e-01
1.952310294984643535e-01
2.041996030837087694e-01
2.393839886508253856e-01
2.811281666847080807e-01
3.020639211047648209e-01
2.972604900734817091e-01
2.616936372317351656e-01
2.299692566424871298e-01
2.130704135604905847e-01
2.092095370143829958e-01
2.249270343986618237e-01
2.561898634576492695e-01
2.968735776506460922e-01
3.179742410523100915e-01
3.040307955437898113e-01
2.766397247627876421e-01
2.401142903271469287e-01
2.246069612200122800e-01
2.301901666263470037e-01
2.507992348550764916e-01
2.709544859615161116e-01
2.899322774799396041e-01
3.095330787693529873e-01
3.229611389901690943e-01
3.265283616084517226e-01
3.073022613713138340e-01
2.815091475350048333e-01
2.525526237932049778e-01
2.365252187286865093e-01
2.560610933646745857e-01
3.058657363619755043e-01
3.810489566973850883e-01
4.173607009745816110e-01
4.121611406020096458e-01
3.502959167529152151e-01
2.974558338944633951e-01
2.753267954809558993e-01
2.789573066930015055e-01
3.122826211670710062e-01
3.474554018286993284e-01
3.734112115133089715e-01
3.852567403462088813e-01
3.861472969731964411e-01
3.893527715170863046e-01
3.879587188102158191e-01
3.795114722117746697e-01
3.652020347914117226e-01
3.645158338536146347e-01
3.778986878267621141e-01
4.047269081422869563e-01
4.263772309498720103e-01
4.225627972262074317e-01
4.020873565368046076e-01
3.710199049432060803e-01
3.552260233636774789e-01
3.704946778702601362e-01
4.008582048929724695e-01
4.462258368864570057e-01
4.822933975687352381e-01
4.893792604411021929e-01
4.746533527718443390e-01
4.380930171408809470e-01
4.116610819049715819e-01
4.159635763538496733e-01
4.532184371109767573e-01
4.952899442845876687e-01
5.222115042608452828e-01
5.261450260517882560e-01
4.960048123260393793e-01
4.703894432729404662e-01
4.644256764151056815e-01
4.795888544446686996e-01
5.040670506317289634e-01
5.146624525976419839e-01
5.002631871952901710e-01
4.822199589563352373e-01
4.730673300056223440e-01
4.786128930597937647e-01
5.059400072361347478e-01
5.418906651690057474e-01
5.733210341209556971e-01
5.812632348682638117e-01
5.698862474252164301e-01
5.394397859041359933e-01
5.131927886554428220e-01
5.009668304912152648e-01
5.034719934764592120e-01
5.308074714441856079e-01
5.690646576616579244e-01
6.101412843877658254e-01
6.364928331579491338e-01
6.305481258903795627e-01
6.103765224208905771e-01
5.863157501168120289e-01
5.749425033536658125e-01
5.670968070348695322e-01
5.585000596109626070e-01
5.603317034470385316e-01
5.902014131984690826e-01
6.282275766533016448e-01
6.549561514302465470e-01
6.617167313096593562e-01
6.438739853967079263e-01
6.303011587337675747e-01
6.287651405017694595e-01
6.379455908115831964e-01
6.532248747649923581e-01
6.650353424419637172e-01
6.703545268641885047e-01
6.762229248738096388e-01
6.861916691015274017e-01
6.965537632027696269e-01
7.000526322325414386e-01
6.828588304025804412e-01
6.614679988320372184e-01
6.466532656885994879e-01
6.482524845706263417e-01
6.791703878426311736e-01
7.238846729705983307e-01
7.641692745497230543e-01
7.805333777149379149e-01
7.549155833306132601e-01
7.255191417863280368e-01
7.074941585278213818e-01
7.180081432727835056e-01
7.397454821855217189e-01
7.643292552843243826e-01
7.787641617293326046e-01
7.770727325647002193e-01
7.670025651292439184e-01
7.561887220353197270e-01
7.528679905420671004e-01
7.650573315655565532e-01
7.870615595433689826e-01
8.117800490341580133e-01
8.318688949750375761e-01
8.322652359982242176e-01
8.263617455556675484e-01
8.107264316419751093e-01
8.016628498872639952e-01
7.991732235655172323e-01
7.998965418904746549e-01
8.009794115081422250e-01
8.029609493732120518e-01
8.053257983347484883e-01
8.099664818999547933e-01
8.192065966584924919e-01
8.358964718324930487e-01
8.503829231423101209e-01
8.567822679252238283e-01
8.585636483470169278e-01
8.566599656276520092e-01
8.554792042238313909e-01
8.551911921514451231e-01
8.569563605239768345e-01
8.690150345438735213e-01
8.936902967462105885e-01
9.186406024629925060e-01
9.375806048967842976e-01
9.435510449434095781e-01
9.281037117919418433e-01
9.048167019777596520e-01
8.753717158247631414e-01
8.598195006290157982e-01
8.768717414994795512e-01
9.074121186991773724e-01
9.490020375382921536e-01
9.737391976952246564e-01
9.678682827985221060e-01
9.464442747375357845e-01
9.202942454652750515e-01
9.202684390879326548e-01
9.363088038240163780e-01
9.637563607780338382e-01
9.799630064746831515e-01
9.707172646300775698e-01
9.536836286764336368e-01
9.451384035570503661e-01
9.557550519782304077e-01
9.863458494332502102e-01
1.013226771884043753e+00
1.021628721741293822e+00
1.014098668201768083e+00
9.947821562154249841e-01
9.828578601899512490e-01
9.927507399111823450e-01
1.016500922085454839e+00
1.034663153181676787e+00
1.034113028756397545e+00
1.026244520339285371e+00
1.016746370460504867e+00
1.017106213000043446e+00
1.031338189557634788e+00
1.043953875373586637e+00
1.052430406119497341e+00
1.055234143702870275e+00
1.050837219127910505e+00
1.049175014892215430e+00
1.055725989433744960e+00
1.067848659601846606e+00
1.080358528723099454e+00
1.085126572176598359e+00
1.083435756514090631e+00
1.078835544269695745e+00
1.077650257438720116e+00
1.083736132812434194e+00
1.090143586105079221e+00
1.091627334848269237e+00
1.089390226523223371e+00
1.089345276615824254e+00
1.094278246959766498e+00
1.107894834272603823e+00
1.120863709090797578e+00
1.126421227848688034e+00
1.123076072732031028e+00
1.109699507342802427e+00
1.096159255536717225e+00
1.091850897533072740e+00
1.096112601560586874e+00
1.102449666129070804e+00
1.103203154554624144e+00
1.102392325751112345e+00
1.108969995698591005e+00
1.122169822264006855e+00
1.137897908101297872e+00
1.147544436847443450e+00
1.147009742306942082e+00
1.145584384627930552e+00
1.146886564882743542e+00
1.150484762583072529e+00
1.148320755600798160e+00
1.141171464113994505e+00
1.130551606069930770e+00
1.135875877518032206e+00
1.152179338938273956e+00
1.171838506271223990e+00
1.181798331434749771e+00
1.176460767920199713e+00
1.170205244226700581e+00
1.170600428107028135e+00
1.177693551983522102e+00
1.190108469740321695e+00
1.198975854871034752e+00
1.196834291036335651e+00
1.193501088766531382e+00
1.196269322132602841e+00
1.205598113227188461e+00
1.214198706337419997e+00
1.217080966995811364e+00
1.214199094325615347e+00
1.212072816475926018e+00
1.215211770140028014e+00
1.225003916918576463e+00
1.231544479585962915e+00
1.230882598002722927e+00
1.223604816517677163e+00
1.215796381659020708e+00
1.211713070360909805e+00
1.218794151457124775e+00
1.229912499451293995e+00
1.240000276988195482e+00
1.245547339627781414e+00
1.241525592437840997e+00
1.236072730940878772e+00
1.230337064573881145e+00
1.232497916102424096e+00
1.240134612516618606e+00
1.251366087373170455e+00
1.257827395239805801e+00
1.255266437623867581e+00
1.249856377521443740e+00
1.244614289789560235e+00
1.246121664397721318e+00
1.255644726766840691e+00
1.264029498710863786e+00
1.264872957189574043e+00
1.260174618432672755e+00
1.251217630651650259e+00
1.243642132555381918e+00
1.244722971996280014e+00
1.254986395947480293e+00
1.269013415617138651e+00
1.279785093891615544e+00
1.285213863262870904e+00
1.283570882601468455e+00
1.281989049865898345e+00
1.281886188122407955e+00
1.286060094915399521e+00
1.297354675428060489e+00
1.304945072305813136e+00
1.307047884017269679e+00
1.302766878057834754e+00
1.286606073363311342e+00
1.271675286583247910e+00
1.263841964872993051e+00
1.266521473177422363e+00
1.281035120980155817e+00
1.293693419868396477e+00
1.299697983204830987e+00
1.298859904961195078e+00
1.299696325523598484e+00
1.305600458338739056e+00
1.312714403900836491e+00
1.310219676186561433e+00
1.300284875779530225e+00
1.281033130259244146e+00
1.268666925066328943e+00
1.273002018352193510e+00
1.287709692709469778e+00
1.316665439292611595e+00
1.344416960542963668e+00
1.359413091823101105e+00
1.353229258850197070e+00
1.336097203726212435e+00
1.304837277042417254e+00
1.283030691151137548e+00
1.282992109973016825e+00
1.292570027006122002e+00
1.313262419694504191e+00
1.328059944062317310e+00
1.336581780599789493e+00
1.342205553938531359e+00
1.343703726271471277e+00
1.342023140794724512e+00
1.337871911610532205e+00
1.331364469234578740e+00
1.324075533082078593e+00
1.319297774623101382e+00
1.319379919090373443e+00
1.324734474773906712e+00
1.329354370759430193e+00
1.331909284373949953e+00
1.332116172522598507e+00
1.335166061703687124e+00
1.343621931132439773e+00
1.352074347904823837e+00
1.357390791915766171e+00
1.354466245544380332e+00
1.348473837297761602e+00
1.342709891104238107e+00
1.337224704035010703e+00
1.340771144325957120e+00
1.344961164294871780e+00
1.348601147169825154e+00
1.343211476687030004e+00
1.336670177828667816e+00
1.332348692811445412e+00
1.334761486853588863e+00
1.344629386646997382e+00
1.354882778536196541e+00
1.364603197722281447e+00
1.366641520749782845e+00
1.358464649390322965e+00
1.352102635047252477e+00
1.350040213650349097e+00
1.353034023410400799e+00
1.361174017416440396e+00
1.364686952054165126e+00
1.358244952991529475e+00
1.349385035194711646e+00
1.345864266658453712e+00
1.350008061749939037e+00
1.356735691324719273e+00
1.361638157067003752e+00
1.361404001000869446e+00
1.347986070575590833e+00
1.337395036111576729e+00
1.332908526399898097e+00
1.339246832489866534e+00
1.358371623608180201e+00
1.376341353647494437e+00
1.380903106066206032e+00
1.372926834744335967e+00
1.349082093110901104e+00
1.330645669844573664e+00
1.321388051934505592e+00
1.326571530171349433e+00
1.341720423507657634e+00
1.359139898154617221e+00
1.367278194962869842e+00
1.361269719692161040e+00
1.351761092495479266e+00
1.341497895488924064e+00
1.336560292376870462e+00
1.343034928500068892e+00
1.350257092248397628e+00
1.358784197333779087e+00
1.360029444801357457e+00
1.352931451101680560e+00
1.342096494637821102e+00
1.333799472304382894e+00
1.334397967207010982e+00
1.340462941506472383e+00
1.349545025982879176e+00
1.353460716889698379e+00
1.349773695335088286e+00
1.343040187174192823e+00
1.334482669804789134e+00
1.329484107644478108e+00
1.332889402253161881e+00
1.338628691985563890e+00
1.346961579347748739e+00
1.350383885411662543e+00
1.344329906177580636e+00
1.338402088280686630e+00
1.331569320540135770e+00
1.333950049224424506e+00
1.339373410368569273e+00
1.347531858440889740e+00
1.351470559291492624e+00
1.348946035900755014e+00
1.344191659574340836e+00
1.336985270019505512e+00
1.331833758358962116e+00
1.332647996960760528e+00
1.336195985446333001e+00
1.344418846380961208e+00
1.349821161076985909e+00
1.350412024025242630e+00
1.346201456249807249e+00
1.338932448044253043e+00
1.335095429664517219e+00
1.334896063961058976e+00
1.338479456313429461e+00
1.343207789272668595e+00
1.343474287104893694e+00
1.339211679285325918e+00
1.329339771436389483e+00
1.319291719998876955e+00
1.312303367724194425e+00
1.308854557793055040e+00
1.307311871413274540e+00
1.305228780570475422e+00
1.301674441863782006e+00
1.300428770929084932e+00
1.306082429926815891e+00
1.315943028703957518e+00
1.325995662805470099e+00
1.333200296184640754e+00
1.335826923735869087e+00
1.334950533250200300e+00
1.331531944244226606e+00
1.324189067733275715e+00
1.317673441894113839e+00
1.315924769233531411e+00
1.320511730385887095e+00
1.335731402399588097e+00
1.352128799085378530e+00
1.358233596447716796e+00
1.355824533659034437e+00
1.341152545835838872e+00
1.328327953972130659e+00
1.324024148713107030e+00
1.325285947715416190e+00
1.327670506294486019e+00
1.327659872963022458e+00
1.327023179133541841e+00
1.326746159913420930e+00
1.331831581919741270e+00
1.344124740002279550e+00
1.354514740415965202e+00
1.363091422842816591e+00
1.364433606075543537e+00
1.352594749043772859e+00
1.337636479042916715e+00
1.319161059843088291e+00
1.305731674546556809e+00
1.301949418883002529e+00
1.311850914356858411e+00
1.323440064047695763e+00
1.337557646665164190e+00
1.349238283814798933e+00
1.353883915768897550e+00
1.356211938581096454e+00
1.356967413523740618e+00
1.357646058957084678e+00
1.365423454862369157e+00
1.372941408111647332e+00
1.377966003122344185e+00
1.377979920354421628e+00
1.368008054552195984e+00
1.355660275659091640e+00
1.343488856999897063e+00
1.336933005942404940e+00
1.334561984203201712e+00
1.339727348275952634e+00
1.347726735099221029e+00
1.354538782504149275e+00
1.357170490863670587e+00
1.352784422733408931e+00
1.350779483025081662e+00
1.349763708729834644e+00
1.350741205520070709e+00
1.355814862437308976e+00
1.358657756694998220e+00
1.354487024765955505e+00
1.346619167470956002e+00
1.331888585323214080e+00
1.321142604801405662e+00
1.319969145568840929e+00
1.333600444895946868e+00
1.349474445802874234e+00
1.362191499679266782e+00
1.367870832419424199e+00
1.364174958006593830e+00
1.356828805633874868e+00
1.353839442782818647e+00
1.354362906881597439e+00
1.356027758252238424e+00
1.356713009148212468e+00
1.353615892438206014e+00
1.351005357381159122e+00
1.348519034425595953e+00
1.348277601221974598e+00
1.349225484145275988e+00
1.353520273220987225e+00
1.355990097698220653e+00
1.351580156765741503e+00
1.343298562044958233e+00
1.332688927132158696e+00
1.328870296080718383e+00
1.336342769688525722e+00
1.348903215018359303e+00
1.360333927511279573e+00
1.366666805099730153e+00
1.362572996036361062e+00
1.353947118643280767e+00
1.348037619081148053e+00
1.344866874384447408e+00
1.342266375543897272e+00
1.344268300255661464e+00
1.346751294390342135e+00
1.346320016260289965e+00
1.343788516023510571e+00
1.339249944068233056e+00
1.334634706262567638e+00
1.333521491449891627e+00
1.334214808767818727e+00
1.327225417613870695e+00
1.301553071480951340e+00
1.213936817102522436e+00
1.103432115479266118e+00
1.010981066777270065e+00
1.120141521964490794e+00
1.481437787518436355e+00
2.097232289681421946e+00
2.806374359877685798e+00
3.539020679234838429e+00
4.382716582895209712e+00
5.210011548851403163e+00
6.079002336854256505e+00
6.867118430142799212e+00
7.599825936911886792e+00
8.235759486640406024e+00
8.800948549713726976e+00
9.301424977492484203e+00
9.779974465966160935e+00
1.021750650270374194e+01
1.060713831155113596e+01
1.092544610917219750e+01
1.114485611146995581e+01
1.129550306804043913e+01
1.138084852824142601e+01
1.144907031206565939e+01
1.150952012980988926e+01
1.155368110357846945e+01
1.156922051747066860e+01
1.153254147895536263e+01
1.146920589425364057e+01
1.137292102453099929e+01
1.128589563533623874e+01
1.121347774191892555e+01
1.116239696812813875e+01
1.113700108301926228e+01
1.111494536916394260e+01
1.108098298997730957e+01
1.103609837808504679e+01
1.096291804638337375e+01
1.088821754938210162e+01
1.080078936004030155e+01
1.072057525906525655e+01
1.063411525326513818e+01
1.053898467168637154e+01
1.043800062580124965e+01
1.027332145902654226e+01
1.002455624127804157e+01
9.461153733341777894e+00
8.675309928755336131e+00
7.449916221815148454e+00
6.201631048854474137e+00
4.993457266670495720e+00
4.068637192063961017e+00
3.486014926014847415e+00
3.071372239200627074e+00
2.738696431766364014e+00
2.410589139804515391e+00
2.066021399168448180e+00
1.790739394595808776e+00
1.603606601494704131e+00
1.494323108378793119e+00
1.419619918244387380e+00
1.373919023067463163e+00
1.348675792304785181e+00
1.334115019598293150e+00
1.322454822531791585e+00
1.295019395695456765e+00
1.265015696782925136e+00
1.238599124465648682e+00
1.226623107095645038e+00
1.231960786899820803e+00
1.244533171260898685e+00
1.249181755639210412e+00
1.246061468358272695e+00
1.243010461877757988e+00
1.247891531461462034e+00
1.259112629134089056e+00
1.270487124253848465e+00
1.279878486289809825e+00
1.277806320449408783e+00
1.267566589981776515e+00
1.252179965994215438e+00
1.240813840853363104e+00
1.230843103829833529e+00
1.222729599764488695e+00
1.216729625389803005e+00
1.232181374167347521e+00
1.309440319146238485e+00
1.509598017833605699e+00
1.808466968200144853e+00
2.260691847805640364e+00
2.755333080787835343e+00
3.327455396904620777e+00
3.888740319657228550e+00
4.513862776362584484e+00
5.151707846031828630e+00
5.878031932047654173e+00
6.595333067293104534e+00
7.362691455142808650e+00
8.084558466782176822e+00
8.814022811042613981e+00
9.498804531419235531e+00
1.018995841525709345e+01
1.082856546218718563e+01
1.144718394594610089e+01
1.200014858154986364e+01
1.252163611418056099e+01
1.301412266508003768e+01
1.345620029623443870e+01
1.385017752516422718e+01
1.416704378353011862e+01
1.438227190133716604e+01
1.452886303859705386e+01
1.460293587061566711e+01
1.464584265237799166e+01
1.465106599222152184e+01
1.462116667391805436e+01
1.451610025486792210e+01
1.437189516357106811e+01
1.414626105132074940e+01
1.390109809635928784e+01
1.360667742624812959e+01
1.327612179258619207e+01
1.293983035620344602e+01
1.255954512200712969e+01
1.218770609677677008e+01
1.179087631429382554e+01
1.142536010856061601e+01
1.105367282819022456e+01
1.068522958240256493e+01
1.025439045165696506e+01
9.803896847785349422e+00
9.301004374754676007e+00
8.834155719059705092e+00
8.393688214240823342e+00
7.996392937211207474e+00
7.580847071864346809e+00
7.169661990680173957e+00
6.722485259297234172e+00
6.288098144385297239e+00
5.920778297322066841e+00
5.615660941329886136e+00
5.355141856432889647e+00
5.096966255835983617e+00
4.845199468966810308e+00
4.595249084845309362e+00
4.398887475229030564e+00
4.294310629876812335e+00
4.251246998083504813e+00
4.260284702392658218e+00
4.271463665135684096e+00
4.281354487610786741e+00
4.309438002267001799e+00
4.400942126340628313e+00
4.543491491712897457e+00
4.761540219074185565e+00
5.009433802739501118e+00
5.238504127877455119e+00
5.480285148310766630e+00
5.721209946164242943e+00
5.996419057385629081e+00
6.274991028685775518e+00
6.572952927626158903e+00
6.856135469723833253e+00
7.145851431177004720e+00
7.426059883062434253e+00
7.740165476074655437e+00
8.062622061176208277e+00
8.429953214969776454e+00
8.795258293822236340e+00
9.181613243767637655e+00
9.544017531430725398e+00
9.911098042940347241e+00
1.027040265724144597e+01
1.060881942509029408e+01
1.096494665717481176e+01
1.130353898942318480e+01
1.164607880427154996e+01
1.195706467789343286e+01
1.222637239574796730e+01
1.246070971051681120e+01
1.268556897266831918e+01
1.289973552559011161e+01
1.311088922998128758e+01
1.328966105187172353e+01
1.341339255380539086e+01
1.349991695464050778e+01
1.353988474197944214e+01
1.357476481380222033e+01
1.359728201830049521e+01
1.359970142908897905e+01
1.351501985179271159e+01
1.323167256142016512e+01
1.278856317495318073e+01
1.199138566091950509e+01
1.112282993074370552e+01
1.017116748556231798e+01
9.392526036580585824e+00
8.796138899244844822e+00
8.322843298150102598e+00
7.886294004297881521e+00
7.443636685032629430e+00
6.940254711395954068e+00
6.472168719248878155e+00
6.056327038245977512e+00
5.726429605082477892e+00
5.476695758255683444e+00
5.274367765870727531e+00
5.099183702456008938e+00
4.942846372233437258e+00
4.808970512506705042e+00
4.724888685426123835e+00
4.678605828276389822e+00
4.677009261900290760e+00
4.686585510655188358e+00
4.688994042167129450e+00
4.675967216462191267e+00
4.664696671232419156e+00
4.682116206497012989e+00
4.771397235794916369e+00
4.911912494294075948e+00
5.149848128864442209e+00
5.409195262973473639e+00
5.730373520804220355e+00
6.057601659581623110e+00
6.424193262943375338e+00
6.802801317466335540e+00
7.148806344702431481e+00
7.474087284503383444e+00
7.762301672083530057e+00
8.031023137804504941e+00
8.269700512894178956e+00
8.496406241949689075e+00
8.693798174070654028e+00
8.866003905191726986e+00
9.013129050075120219e+00
9.126339760704848203e+00
9.211618059921105939e+00
9.266115236936586896e+00
9.305276447420412822e+00
9.328218181096477934e+00
9.345764464334502364e+00
9.361750032429190682e+00
9.377432736091339649e+00
9.394026450835664122e+00
9.413358775072817153e+00
9.432986286666023901e+00
9.454775569237007460e+00
9.472212685445812852e+00
9.481271755593031259e+00
9.477497146837475128e+00
9.456178728375816078e+00
9.432583911286469558e+00
9.411508348577513061e+00
9.395674752655393647e+00
9.385029586262636059e+00
9.377799114581470974e+00
9.381998452712194236e+00
9.392830399178778933e+00
9.416545296087786454e+00
9.448192840958052230e+00
9.487992958168446123e+00
9.529184114968131780e+00
9.570333248151341010e+00
9.605663026998657372e+00
9.640622634335866081e+00
9.676170719061026659e+00
9.718295456474866256e+00
9.778655728151848692e+00
9.854795578222972807e+00
9.959705346476967591e+00
1.005827829033215970e+01
1.013438336491676850e+01
1.017365813176608569e+01
1.015470411669902973e+01
1.012600483677350383e+01
1.014192452678446266e+01
1.022850211720115787e+01
1.045093067787903252e+01
1.071975752802248216e+01
1.105614147528698865e+01
1.139885204084422199e+01
1.172175782786185216e+01
1.207644207502432110e+01
1.243708659451313991e+01
1.285666232999793834e+01
1.327248643379551574e+01
1.372514844721940364e+01
1.415557724829452724e+01
1.460230930523168880e+01
1.502622434155520104e+01
1.547310844966020227e+01
1.589864804750083138e+01
1.634694050827190637e+01
1.676962124602508908e+01
1.721104157967277004e+01
1.763116146772860660e+01
1.807010477941409476e+01
1.848689549147240996e+01
1.891982484717770774e+01
1.934363063575367292e+01
1.972697319127564697e+01
2.008057745274089712e+01
2.038248976028478054e+01
2.064350114102828471e+01
2.086797283079087251e+01
2.105282828474884482e+01
2.120646265973656241e+01
2.131147276762610332e+01
2.137515084543541022e+01
2.136715501182396437e+01
2.132510709324801823e+01
2.123055351350842557e+01
2.112268004978281510e+01
2.097858195334544362e+01
2.082443724985532185e+01
2.061509757394386000e+01
2.039297684379146602e+01
2.011048846515941690e+01
1.979060690079637297e+01
1.947342131988269998e+01
1.912143405262463602e+01
1.877088485477778335e+01
1.835904975596498900e+01
1.793297945595070431e+01
1.743091127132526097e+01
1.693169948862009377e+01
1.639546144187119125e+01
1.589799244100556308e+01
1.540604461464584674e+01
1.496547282594939787e+01
1.455957850071938786e+01
1.421535078122748708e+01
1.393641110984023257e+01
1.372111781852076540e+01
1.356929316834522226e+01
1.345164993389272823e+01
1.337005492710708054e+01
1.332527752670268839e+01
1.331426898959218086e+01
1.336465819325314186e+01
1.344578938737668139e+01
1.358374508527369073e+01
1.374053958781009577e+01
1.394849281132740515e+01
1.416989280084531977e+01
1.443752799870918224e+01
1.470656176348032140e+01
1.499495987595524582e+01
1.527435271523056315e+01
1.556995245125935590e+01
1.585815262591866848e+01
1.616559602556428388e+01
1.645797853254508780e+01
1.675447349147233211e+01
1.703222964852118082e+01
1.731066714226814440e+01
1.757874003257187567e+01
1.782027008595621709e+01
1.802556557675303495e+01
1.818085570260288719e+01
1.828483413195826657e+01
1.835881776736533055e+01
1.841623602327169351e+01
1.846887706602862167e+01
1.850382551558790567e+01
1.852302110786350653e+01
1.851387864991498944e+01
1.849651047746944599e+01
1.847006681398023531e+01
1.843949890645659551e+01
1.837419316518635881e+01
1.827947944254469093e+01
1.811542126691960419e+01
1.793285067533466659e+01
1.772331538545017793e+01
1.753355488789178906e+01
1.737044355944809837e+01
1.721421906696022575e+01
1.706256897405868500e+01
1.689625763791361024e+01
1.673754131129799561e+01
1.658380550480247706e+01
1.644743291465935542e+01
1.630655088144277443e+01
1.615899899057098210e+01
1.598737560327172780e+01
1.581841009321815505e+01
1.565384070768429581e+01
1.550839162646694191e+01
1.537607488519596188e+01
1.525122007980446703e+01
1.512351198198887303e+01
1.500010619946518808e+01
1.487727417258336260e+01
1.476461521110407915e+01
1.466406480447198390e+01
1.457129591667127499e+01
1.448840915643301486e+01
1.440912555166270259e+01
1.434164360181778441e+01
1.429023844000158761e+01
1.426137674436759895e+01
1.427279737581390329e+01
1.431401026741315974e+01
1.440294325388859420e+01
1.450203412309413764e+01
1.461953274214898535e+01
1.472566976160856456e+01
1.481912350080772178e+01
1.489440851820462441e+01
1.496184183300870352e+01
1.502211694509257889e+01
1.507574872674901734e+01
1.512130971369326105e+01
1.515426334072975756e+01
1.517515635539083974e+01
1.518544255011915389e+01
1.518249156479786244e+01
1.516847244199445477e+01
1.512503716362828854e+01
1.506114621951899757e+01
1.495658230500191266e+01
1.484785581635673246e+01
1.473274308036481273e+01
1.463364729204339376e+01
1.454892709176459853e+01
1.447174643130079907e+01
1.439141193139456654e+01
1.430856946795864992e+01
1.420994136716566381e+01
1.411657449596102865e+01
1.402025024129512509e+01
1.393101415109252628e+01
1.385024988986237915e+01
1.376132353879055259e+01
1.366685310494306549e+01
1.354657843499467340e+01
1.342457184177212604e+01
1.329429555440706601e+01
1.317610762727237983e+01
1.306252363758986412e+01
1.295708489097941651e+01
1.284548608907246603e+01
1.273469252961004194e+01
1.262019705167597117e+01
1.251546377185904824e+01
1.242325424352007701e+01
1.235112915073724160e+01
1.229198149630236792e+01
1.223864697272873414e+01
1.218433918913478919e+01
1.213053913615149959e+01
1.208456348713794526e+01
1.205053509375253462e+01
1.202718563493838566e+01
1.202409430390473410e+01
1.203149779300640176e+01
1.205638423610268006e+01
1.208325111019853004e+01
1.212168718409159496e+01
1.215891146475321527e+01
1.220127950919287940e+01
1.224909745290669250e+01
1.231218521908901664e+01
1.238647568801407850e+01
1.248131584356286616e+01
1.257735272328975462e+01
1.267659437505461817e+01
1.276903550104870888e+01
1.285839078382652900e+01
1.294490187935475412e+01
1.304132716798462610e+01
1.313668211344327119e+01
1.324303069613780792e+01
1.335764146736194746e+01
1.346316665110616206e+01
1.356425227099588326e+01
1.365155693553793803e+01
1.372919037137642029e+01
1.379853909470825180e+01
1.387430741546045709e+01
1.395205556138908243e+01
1.405203976797834819e+01
1.415091299286378401e+01
1.425274707155406517e+01
1.434388217981237545e+01
1.442985672294686950e+01
1.451373864537563030e+01
1.461298410861580344e+01
1.470877176466549940e+01
1.480424775644135771e+01
1.488346253982002487e+01
1.494009789082715578e+01
1.498276103107594714e+01
1.502568304932022158e+01
1.507615048213243192e+01
1.512858408918855169e+01
1.518465750075585241e+01
1.523209185296615864e+01
1.526220192794103525e+01
1.528636907631966046e+01
1.530778862128812001e+01
1.533051050307617835e+01
1.534981223034347053e+01
1.536328896140474853e+01
1.536670858048310251e+01
1.536803804890897496e+01
1.537106491646798645e+01
1.538395747326272378e+01
1.540950798771411101e+01
1.543015150532093749e+01
1.544460744650963946e+01
1.546196584479376668e+01
1.548721777439324399e+01
1.553354751929725808e+01
1.558468458345288354e+01
1.563392776578166909e+01
1.566888361229012183e+01
1.567948296501383432e+01
1.568035559934372181e+01
1.566967728380358160e+01
1.565639374939735973e+01
1.564191658501295201e+01
1.563527717816798379e+01
1.563824137878778586e+01
1.565966011794534829e+01
1.570967278083122309e+01
1.577209836777960561e+01
1.584353425961163175e+01
1.590499227563342721e+01
1.595406666614558588e+01
1.599344921558034294e+01
1.603311424874401681e+01
1.608605976642252244e+01
1.614254297297232554e+01
1.619915410454327187e+01
1.624254470429442065e+01
1.627531014021693423e+01
1.630550750574009200e+01
1.633836565744417513e+01
1.636934688311260189e+01
1.640221587345281051e+01
1.643400129723723779e+01
1.647149531530772393e+01
1.651303566832585190e+01
1.656044274607983624e+01
1.660262348730759996e+01
1.662975669342909057e+01
1.664504973732704940e+01
1.664829471137630890e+01
1.665200197026513251e+01
1.665792634481264400e+01
1.667346034357035833e+01
1.669072058486752042e+01
1.671280678814668263e+01
1.673129107599833887e+01
1.674875974305164306e+01
1.676274575245466991e+01
1.676378416362754109e+01
1.675490609671151176e+01
1.673025175210347371e+01
1.670488998572628248e+01
1.668278309559688211e+01
1.666339658431762061e+01
1.664176496431035446e+01
1.660968293742568491e+01
1.655444162651322770e+01
1.649354340132375185e+01
1.642019025056216819e+01
1.635500194762524018e+01
1.630191856804355410e+01
1.625313076245118182e+01
1.620808080745590019e+01
1.615452467238229062e+01
1.610117283982887315e+01
1.604547015139561950e+01
1.599464185966517071e+01
1.595073785681983480e+01
1.591280193057931669e+01
1.587547488088757319e+01
1.584164597879920322e+01
1.580523826168650281e+01
1.577366638026522416e+01
1.574608185913188407e+01
1.571707967839775755e+01
1.566644876219783811e+01
1.557970240630127279e+01
1.548519164071966792e+01
1.537844703931253854e+01
1.528382909773826448e+01
1.520310499534441284e+01
1.513294889291470469e+01
1.505704449439823911e+01
1.498774265769351288e+01
1.492233047168090110e+01
1.487732090555748599e+01
1.486199404360698573e+01
1.486742882635568819e+01
1.489499712153081212e+01
1.492101121361493021e+01
1.495021393931535236e+01
1.497591829054903023e+01
1.502259136627058567e+01
1.507630937439579100e+01
1.515005394031879504e+01
1.523048961081141250e+01
1.530853095105176820e+01
1.538993468580878243e+01
1.547273540471356590e+01
1.556017964568043688e+01
1.563885812868847225e+01
1.571002973797450331e+01
1.577580184030924570e+01
1.584261743016367063e+01
1.591153298140646299e+01
1.599190638472260240e+01
1.606763494891410460e+01
1.612629028409637044e+01
1.616229097436720252e+01
1.615529900140161246e+01
1.613015796299351479e+01
1.609536023188913134e+01
1.607460140212006294e+01
1.607753308455898633e+01
1.609054064476958601e+01
1.608965152591633796e+01
1.606035473611836650e+01
1.601921387840879873e+01
1.595871106559680186e+01
1.590998871240112855e+01
1.586988353446222533e+01
1.583601243649822798e+01
1.579406325369157926e+01
1.575083452873326628e+01
1.570624971709733941e+01
1.567684057473723769e+01
1.567819625733775979e+01
1.569562043846606336e+01
1.572678090418570562e+01
1.575439282362703963e+01
1.578260984868491335e+01
1.581699072676004647e+01
1.586969845861872841e+01
1.594237153616408165e+01
1.601221897190773547e+01
1.607947579330926757e+01
1.613020749383627361e+01
1.616620557207343367e+01
1.619378710706923741e+01
1.621986976093669242e+01
1.624618181623365842e+01
1.627692334925979267e+01
1.631097249339810062e+01
1.635878225232704963e+01
1.641502703608717795e+01
1.649066840003295908e+01
1.656827483794403477e+01
1.664917261083340705e+01
1.672208190920742510e+01
1.679509110910734293e+01
1.686565923956354851e+01
1.693310014985795320e+01
1.699635746807385317e+01
1.704744466394507185e+01
1.708893909483763096e+01
1.711976779701388907e+01
1.712845470234573853e+01
1.712036323374082869e+01
1.708729422184272551e+01
1.705459512759971474e+01
1.703322029313803654e+01
1.702836999125260320e+01
1.704064329245798959e+01
1.705764489329961364e+01
1.706680578756160571e+01
1.706796898941303553e+01
1.705804010230993484e+01
1.704729197054668433e+01
1.703427338691947313e+01
1.701676299203608522e+01
1.699085167693742804e+01
1.696513364460690099e+01
1.694904134798406048e+01
1.695798584508745321e+01
1.698090900334562292e+01
1.701865116520792753e+01
1.705147474811353803e+01
1.706624799904284373e+01
1.706862964838089169e+01
1.705144620593986460e+01
1.703654080524862025e+01
1.703403596307823520e+01
1.704143530518935634e+01
1.707068207029066897e+01
1.709470462215814379e+01
1.710472476600632774e+01
1.709345302794415744e+01
1.704279203912332008e+01
1.698143489501156012e+01
1.689989975541294953e+01
1.681471475572838870e+01
1.672898117089917491e+01
1.662187292781753456e+01
1.651230060781137965e+01
1.639385374700857412e+01
1.629178410640414754e+01
1.621014684254735272e+01
1.615115902404292569e+01
1.612291726158856164e+01
1.610943250103340318e+01
1.611003083831031901e+01
1.611165378581510765e+01
1.610309193893034063e+01
1.608237616352912269e+01
1.604838580147769989e+01
1.602045352915754250e+01
1.600561514684838826e+01
1.599834793560989255e+01
1.598805991100271662e+01
1.596370840436545357e+01
1.593413485306169441e+01
1.591520553997406040e+01
1.591170990928837803e+01
1.593926641336605421e+01
1.597012073362713380e+01
1.598470680091693019e+01
1.597920060002550358e+01
1.594775948965588341e+01
1.592212949545243816e+01
1.592143013648378158e+01
1.594512957106669582e+01
1.600071925391218741e+01
1.605284178997359490e+01
1.609657666762265293e+01
1.612849603811901034e+01
1.615808991953287688e+01
1.618841038322073800e+01
1.623510940550352544e+01
1.629900703743565415e+01
1.636369927752429021e+01
1.643560959221321482e+01
1.649795687786078346e+01
1.653793783749673096e+01
1.655782173819183356e+01
1.656481680709189064e+01
1.658154254243470405e+01
1.663727636937050036e+01
1.671027610821047915e+01
1.680416932549175257e+01
1.688654363848979045e+01
1.693140729923546317e+01
1.694174883447809776e+01
1.690632513693457994e+01
1.685056067819801129e+01
1.675760064087099366e+01
1.664967941975643484e+01
1.649678496908549263e+01
1.627119979544658790e+01
1.598850404697544114e+01
1.551136440626610380e+01
1.493300874570982018e+01
1.414837651667374274e+01
1.337232126680092215e+01
1.262664883084099721e+01
1.203017502409634254e+01
1.162518885226690024e+01
1.133856547274957904e+01
1.113704642504647246e+01
1.094813987687457235e+01
1.073419081498857075e+01
1.051473072707644185e+01
1.029961661378891336e+01
1.012081489540373447e+01
9.981606256257103738e+00
9.861148395925660282e+00
9.735550484309399621e+00
9.591608177443303518e+00
9.456265374765306930e+00
9.364559058479697384e+00
9.323745277581213742e+00
9.373838745586567711e+00
9.464846965924254008e+00
9.615795541174273708e+00
9.770795735902293444e+00
9.911098788554678407e+00
1.000736023514662776e+01
1.001909260502636556e+01
9.986363321400901327e+00
9.916600514422722057e+00
9.877480584822402321e+00
9.922821019638858431e+00
1.002496261734176208e+01
1.020274540065619284e+01
1.040514352697109324e+01
1.060018834580681713e+01
1.082966045732559479e+01
1.107626305505376330e+01
1.139438141795955062e+01
1.172400356434021162e+01
1.209281381224310792e+01
1.244369333779735420e+01
1.281308089922073101e+01
1.316322938281105337e+01
1.352927231141761055e+01
1.388005596759300708e+01
1.423534827397511826e+01
1.456757042215695819e+01
1.491753713392447800e+01
1.526069302801711736e+01
1.564443955015625676e+01
1.602389318664265971e+01
1.642135281886755038e+01
1.680642553422976349e+01
1.715073212083482446e+01
1.746806162349280456e+01
1.774532629162104413e+01
1.798544855466212056e+01
1.818363850161713202e+01
1.834067301937329830e+01
1.847311025959814401e+01
1.858768330163740146e+01
1.868654541716502493e+01
1.875102723416331685e+01
1.878355031692738919e+01
1.874266294076762307e+01
1.867369427682461946e+01
1.856503088606771001e+01
1.845940470376285703e+01
1.834960445150146668e+01
1.824150861699430237e+01
1.810229574750199077e+01
1.792270937648522633e+01
1.773604753250041455e+01
1.750579251284365867e+01
1.727718530162302812e+01
1.702447842495357833e+01
1.678575759736337503e+01
1.654495057347732967e+01
1.632605664649778987e+01
1.611830895604774838e+01
1.593899276848999591e+01
1.578531403531966504e+01
1.566540049912097210e+01
1.558772995625430369e+01
1.553740741626984345e+01
1.552329845570999467e+01
1.551656107202366641e+01
1.552290896851724789e+01
1.553392162314229097e+01
1.555833516171046504e+01
1.560316444625430776e+01
1.565959164379933100e+01
1.574229253446984345e+01
1.583525411712648356e+01
1.596793078984820013e+01
1.611700098597149733e+01
1.629909587235407642e+01
1.647581090242845647e+01
1.664493469831381134e+01
1.678373738793378322e+01
1.689967361337350837e+01
1.700805084546792756e+01
1.714264917545712308e+01
1.729827617260935568e+01
1.749956409033168470e+01
1.769918730998356793e+01
1.790235076490989741e+01
1.808173875632371264e+01
1.824615321445849148e+01
1.840740217732208706e+01
1.855876701599052936e+01
1.870878218621717437e+01
1.883368803683343984e+01
1.892621210421710387e+01
1.898995039806860419e+01
1.901795848848390236e+01
1.903664722674287191e+01
1.905153824249293848e+01
1.905997308440368698e+01
1.904627991552192867e+01
1.901232155475151231e+01
1.892652434761232172e+01
1.881454827931592888e+01
1.864067506599106139e+01
1.845663599655977549e+01
1.825653726307157498e+01
1.807628174662626819e+01
1.791812672188694577e+01
1.776999621996279544e+01
1.762868879972557679e+01
1.748819195006970872e+01
1.736355186481121393e+01
1.725453936187689052e+01
1.716725340858860349e+01
1.708620438301666766e+01
1.700139686162631136e+01
1.690662125519818204e+01
1.682191486814444303e+01
1.675984417290951356e+01
1.672591492440323790e+01
1.672476214058178812e+01
1.672307538686942863e+01
1.670306161091351882e+01
1.666485274042362974e+01
1.660422470431263520e+01
1.654663377785040268e+01
1.650046641199372388e+01
1.646813118106623719e+01
1.644227595728304081e+01
1.641514843059145079e+01
1.637600813875359407e+01
1.630871320047323536e+01
1.623016151290802966e+01
1.613204866603085819e+01
1.603916769231898343e+01
1.594127317334415395e+01
1.583675518284730543e+01
1.569579014120783356e+01
1.554660942536198220e+01
1.537920900259860524e+01
1.522823508279213023e+01
1.511704341857828382e+01
1.504805226437594534e+01
1.502858445979840063e+01
1.502929484534856641e+01
1.503522435087275433e+01
1.503232016896287604e+01
1.502858663457219457e+01
1.502594176802086601e+01
1.503203168747688068e+01
1.504028182713854633e+01
1.504693253527817909e+01
1.505648761388252765e+01
1.506984570161649017e+01
1.511263462347594633e+01
1.517652614409601952e+01
1.527606795999052203e+01
1.537083092208323087e+01
1.545018891774653902e+01
1.550564240646200886e+01
1.553261094298443901e+01
1.555595984971052914e+01
1.558474500004337315e+01
1.561656338217516016e+01
1.565646603066570108e+01
1.569607124203120385e+01
1.573294986562348363e+01
1.577191778207729556e+01
1.580791637510099079e+01
1.583704625497298935e+01
1.585192266530621907e+01
1.582972833763779441e+01
1.578401234271587228e+01
1.571885803495972844e+01
1.572937092449008745e+01
1.595515693279060265e+01
1.643029883541201031e+01
1.731294109566613315e+01
1.842919148912048755e+01
1.996930997173758371e+01
2.169072967539417007e+01
2.386532000868202630e+01
2.636718073686369479e+01
2.884744154272377870e+01
3.148418994581560426e+01
3.398068962039296537e+01
3.653344242460197222e+01
3.892698118224350878e+01
4.132986160352765381e+01
4.354731798650197305e+01
4.571213090007835689e+01
4.769229404054757993e+01
4.959739251949211791e+01
5.130509949964623218e+01
5.286884588810060848e+01
5.420927383835375934e+01
5.535879956653336365e+01
5.635264824817605955e+01
5.722614213856000731e+01
5.801101075677112107e+01
5.868593321967809828e+01
5.919695070674585224e+01
5.954457252010991652e+01
5.962288451152161883e+01
5.953846020849710641e+01
5.916129687413710059e+01
5.867621926200165916e+01
5.795801108306603311e+01
5.720449209176701544e+01
5.630419196511628144e+01
5.541447125512905814e+01
5.440687961792009730e+01
5.343284680984680080e+01
5.236250342440398242e+01
5.124414154256445642e+01
5.020303219620442547e+01
4.911940353157970662e+01
4.811708870351062473e+01
4.707694414277614925e+01
4.610556457692057108e+01
4.508076887563522206e+01
4.411053465597330359e+01
4.309347008367121390e+01
4.214063967080355155e+01
4.116390910433966610e+01
4.026600643161956583e+01
3.936759875309382295e+01
3.854471259050700382e+01
3.772812693436156195e+01
3.697474354600951330e+01
3.622643972211660923e+01
3.553798199303124505e+01
3.487441738556383086e+01
3.425444560939534000e+01
3.369402058037411507e+01
3.314768889004033525e+01
3.263675101417907598e+01
3.212027574613932046e+01
3.165007045034124289e+01
3.121544629652491665e+01
3.085275096023421071e+01
3.057341168409652710e+01
3.038036413269036018e+01
3.029814461389769775e+01
3.030988339865727710e+01
3.047222449429051494e+01
3.074679070217488430e+01
3.121993868431446728e+01
3.180232663145772065e+01
3.259408441144064028e+01
3.356301951801597028e+01
3.457434055753963520e+01
3.575600880509778534e+01
3.693046986037641943e+01
3.821367284572555434e+01
3.943576834922203034e+01
4.068369440042606300e+01
4.184349527485998976e+01
4.301409634630231693e+01
4.411664417481066636e+01
4.524347781979327721e+01
4.628875958123925471e+01
4.730568089928114262e+01
4.820906267691228209e+01
4.903917857504263367e+01
4.978935354491986232e+01
5.045520030670422784e+01
5.108506703421770823e+01
5.165112115574341800e+01
5.218000807535716490e+01
5.264876808113006490e+01
5.305588757846096115e+01
5.339668083815413269e+01
5.366394514484679235e+01
5.387472789333816081e+01
5.398808325903757321e+01
5.403112011767345280e+01
5.393325360315063222e+01
5.375829165511077434e+01
5.342261750889380778e+01
5.303118893430317371e+01
5.248492083969387778e+01
5.180290812376884446e+01
5.108650089670864247e+01
5.020839472332901465e+01
4.932038825023769846e+01
4.832120852849150339e+01
4.737113129632448505e+01
4.640360450619018451e+01
4.552023516597854780e+01
4.466194449577973558e+01
4.387978068965100675e+01
4.310506264632614659e+01
4.238866875001087919e+01
4.166541522425203681e+01
4.099791399689044624e+01
4.034882484482627518e+01
3.977674898967070760e+01
3.927925303379886657e+01
3.887551675212367996e+01
3.857029583615532431e+01
3.835393707861236123e+01
3.819989419574233835e+01
3.810744150248289941e+01
3.805606969679355700e+01
3.806559714339965694e+01
3.811148193560571684e+01
3.819682752695030814e+01
3.828267948437940760e+01
3.836863622148361941e+01
3.845663741243590295e+01
3.859777024088091224e+01
3.880178445226231077e+01
3.915684998729172861e+01
3.958500836509973908e+01
4.017792773819014229e+01
4.081157547952994946e+01
4.156887876312933372e+01
4.240849540788492789e+01
4.324160198436945279e+01
4.415700974358433939e+01
4.504395701332154545e+01
4.597889982911863171e+01
4.686250819787255750e+01
4.775348874301550239e+01
4.857943573958371530e+01
4.941606398369402342e+01
5.020691959086146028e+01
5.100573197623992883e+01
5.173887643175302742e+01
5.240230908947333432e+01
5.294817131374394137e+01
5.333421912776925922e+01
5.360045010604583382e+01
5.369791437294161796e+01
5.366850310116885936e+01
5.357719411039736457e+01
5.335328057326342588e+01
5.305752245607965278e+01
5.257323363441387443e+01
5.201751243346587472e+01
5.128928672490276597e+01
5.054500595959808606e+01
4.970345515661164626e+01
4.888599863547035795e+01
4.800967476853527671e+01
4.717354413896542553e+01
4.629484015438249855e+01
4.546315207229828559e+01
4.461901626812547050e+01
4.383854227941614567e+01
4.306716928822253720e+01
4.235415102725839631e+01
4.165013693164717523e+01
4.096433479395946620e+01
4.034771357870610586e+01
3.977654026828533773e+01
3.927812339774457229e+01
3.884345402746291853e+01
3.846713957079222723e+01
3.813816887552548707e+01
3.785875899456944893e+01
3.765436891329883906e+01
3.751578563461745119e+01
3.747013365206306190e+01
3.747040561038063800e+01
3.752101662077097899e+01
3.758030715997202975e+01
3.765900049352559620e+01
3.776042532994384970e+01
3.795176844460169008e+01
3.826683343245027658e+01
3.862932175939769053e+01
3.908155399273402253e+01
3.952829515843654207e+01
4.000141312356245038e+01
4.046483257610594109e+01
4.098693685652521879e+01
4.151061343091028277e+01
4.210057976960533210e+01
4.267361989842977721e+01
4.327009755724557749e+01
4.382487611154488150e+01
4.437797320471926099e+01
4.488533657583986525e+01
4.536216054066266423e+01
4.578929154646580457e+01
4.618752630469114706e+01
4.656312970193134504e+01
4.690460426284636242e+01
4.722436623305706860e+01
4.748635637142862720e+01
4.766704129998430517e+01
4.777107791480570143e+01
4.775215373737612623e+01
4.767449412777200735e+01
4.749918513651050489e+01
4.728436379913814847e+01
4.697441718420262191e+01
4.662491838636861274e+01
4.615178838174458065e+01
4.565423891107256793e+01
4.505873362522024905e+01
4.440227589238585182e+01
4.375623911168092661e+01
4.303248202183166171e+01
4.231672626721302777e+01
4.152233501551364014e+01
4.075429425782387227e+01
3.995362423722952627e+01
3.921162901884983398e+01
3.847014394957575689e+01
3.779014812530403589e+01
3.711303998559866102e+01
3.649448881311218429e+01
3.590620620206944125e+01
3.538952341687242864e+01
3.492488291287771318e+01
3.449607693353701166e+01
3.410467572546281900e+01
3.372485463756099477e+01
3.338166414671509585e+01
3.308761449165162105e+01
3.285583189282456118e+01
3.269086064211276010e+01
3.257198616008010816e+01
3.251628856150561120e+01
3.250089616534757653e+01
3.256446512423142536e+01
3.266998827961072749e+01
3.286535439337509956e+01
3.309606859183298866e+01
3.342406066417186139e+01
3.383865147565058606e+01
3.427830276047903624e+01
3.481430892217599649e+01
3.535243321144735518e+01
3.595904393800416443e+01
3.656278899433164042e+01
3.723334856909131219e+01
3.789024439961855251e+01
3.861171844754390037e+01
3.930928176331679680e+01
4.003558901164020511e+01
4.071989073008253968e+01
4.141338470960769769e+01
4.206138997174824823e+01
4.270916339422141306e+01
4.334500098209367280e+01
4.392780968826478016e+01
4.448594304247333042e+01
4.498421255658086437e+01
4.544790676538033125e+01
4.586781627532047878e+01
4.627080607426721315e+01
4.664625143901259463e+01
4.702185277058089952e+01
4.736637525898106560e+01
4.766524969445919169e+01
4.790817205481408081e+01
4.807384306666135387e+01
4.819468120835229286e+01
4.827340874714275998e+01
4.833021324635497251e+01
4.837165663717413366e+01
4.837946930092069664e+01
4.836345623376372771e+01
4.829282870936312122e+01
4.819661090741796272e+01
4.804583089112421135e+01
4.786358643739795582e+01
4.760328819129409794e+01
4.730546148400512863e+01
4.690176561947365741e+01
4.646532339218748575e+01
4.593052803499328718e+01
4.538421571018221812e+01
4.474484848412077298e+01
4.403124195388897277e+01
4.332776549012032774e+01
4.254872829515949206e+01
4.179987151965019621e+01
4.101079987510317437e+01
4.025798205567397048e+01
3.948901859871609332e+01
3.877373255976070254e+01
3.807698784374699130e+01
3.745379158439403966e+01
3.687715365912028176e+01
3.636589213755101468e+01
3.589017433874380458e+01
3.545816446789597620e+01
3.505608214776791698e+01
3.470074004102269072e+01
3.439118972691208853e+01
3.411862193927111520e+01
3.387290459495034156e+01
3.362123202979240943e+01
3.339054254326162408e+01
3.317856075101153834e+01
3.300166340449507629e+01
3.287540301673143261e+01
3.278256208498395807e+01
3.273407185381039142e+01
3.271055112797333919e+01
3.273011620382123255e+01
3.277753446655832192e+01
3.289425357722723930e+01
3.305157066676681410e+01
3.329007767240099724e+01
3.360389470745433727e+01
3.393463190671588592e+01
3.433804029514949008e+01
3.475405240323712519e+01
3.523779119731573672e+01
3.572998801416827064e+01
3.629116447652125999e+01
3.685637730509754562e+01
3.748299027468622313e+01
3.809324248698164439e+01
3.874551957570809435e+01
3.936555605524477386e+01
4.000914083065698890e+01
4.061610167266294269e+01
4.123653365873106935e+01
4.184691900870444670e+01
4.240736633811606993e+01
4.294849929866015259e+01
4.344079595392786786e+01
4.391221715342658882e+01
4.433338331630584150e+01
4.472723308993391100e+01
4.508060502060772734e+01
4.542146587227158960e+01
4.573805208933623589e+01
4.604092284191731466e+01
4.630695205743542431e+01
4.652691355908151394e+01
4.670131992417793754e+01
4.683374089327847400e+01
4.694043112724644828e+01
4.703338164753657935e+01
4.710245024485184473e+01
4.714862812534776282e+01
4.715185033015043103e+01
4.712821551626701932e+01
4.705126235004313173e+01
4.694949850776198019e+01
4.678424076560669675e+01
4.659218595660254891e+01
4.632446281568579849e+01
4.603108369013813927e+01
4.566596437369686612e+01
4.529240324940039386e+01
