3.305313230313401685e-02
4.459245247404046431e-02
5.447343050844711404e-02
6.251103903277341334e-02
6.946581050888049613e-02
7.540822856377618622e-02
7.563454327818347478e-02
7.196266952255457594e-02
6.980503663490027211e-02
7.319763438358226071e-02
8.039726504704539090e-02
9.506936291198635203e-02
1.051926967651064526e-01
1.139697826321676155e-01
1.166674738480308893e-01
1.106449865800651078e-01
1.022970660658835546e-01
9.152240581569104361e-02
8.193670378478616623e-02
6.780628732955137905e-02
3.961303262292080463e-02
2.737365273196219057e-02
4.591049218021066997e-02
4.964690352980045962e-02
2.606655859447343584e-02
6.934656738198137493e-02
1.180694014108698425e-01
1.312239461695670073e-01
7.654111925821890927e-02
3.244536175703239406e-02
6.965110656923984012e-02
6.570775614552688826e-02
5.016290406121559631e-02
8.623417921245288276e-02
1.273884955962343024e-01
1.096780988017540537e-01
8.064852983421148813e-02
6.239283890168408758e-02
9.396577773615986950e-02
1.094410607131349883e-01
1.252261033748962304e-01
1.184841623594672655e-01
1.444921964486902688e-01
1.288238637133008180e-01
9.040752945660499029e-02
7.204779718844486758e-02
1.221957197636460574e-01
1.040097715574166692e-01
9.053161402804793534e-02
1.151340277043477051e-01
8.774887570364532652e-02
5.873631079408522110e-02
5.313388096485206075e-02
4.063005940853182951e-02
7.908715438670239212e-03
4.440864524242998934e-02
5.709501969150199141e-02
4.965992476014738366e-02
2.706847352296050738e-02
3.873496811719413097e-02
6.276595138935918416e-02
8.173732791770599304e-02
8.046996564515794537e-02
6.413388954747610560e-02
3.285543414999399919e-02
1.241467449538966039e-02
1.958915716183074959e-02
2.479086484060424866e-02
4.700444759033234332e-02
7.775781189324885989e-02
1.044126544137100043e-01
1.068831443824277555e-01
9.523511238799006740e-02
7.024344360556364353e-02
5.031503172471154389e-02
4.088033764347354798e-02
4.156429026672174565e-02
4.251297585599719125e-02
4.983943618154201838e-02
7.131051452895213749e-02
9.103895161846770057e-02
1.025537287402915471e-01
9.885207830611858482e-02
8.982968641382470254e-02
6.893901754808322291e-02
6.641081280687807786e-02
8.922774238992826901e-02
1.106385782232418430e-01
1.112637513131473632e-01
1.019751999123997832e-01
8.449312804840107549e-02
7.393814968904924290e-02
6.974870454861079039e-02
7.398037768195361852e-02
8.875809115473698441e-02
1.087480744240481995e-01
1.198474121300407841e-01
1.082359369348375178e-01
9.522649745834428636e-02
9.101997602050936054e-02
9.367236942340145811e-02
1.093941044022592735e-01
1.433372541425010915e-01
1.826547426791743645e-01
1.969423915834561944e-01
1.586464555409859145e-01
1.086355431265647181e-01
8.115434473843306795e-02
8.431713784569278003e-02
9.606110672371258319e-02
1.367580559739985935e-01
1.851388981737303596e-01
2.103451570014391869e-01
1.958384592946463276e-01
1.651210568586111427e-01
1.403902136045219184e-01
1.225608825105804212e-01
1.248513523393982305e-01
1.489221265938231176e-01
1.717199017900583047e-01
1.958044433139048690e-01
2.153426049739649017e-01
2.114530603775939821e-01
1.903588726342507476e-01
1.514873541051624806e-01
1.284836560339578937e-01
1.400613193490158337e-01
1.620707905922813274e-01
1.990569803367026602e-01
2.450469222933849278e-01
2.792830625511788512e-01
2.665502565687092318e-01
2.329412714295225617e-01
1.855487108561010845e-01
1.649419339035774201e-01
1.641706660649091265e-01
1.892868242498428610e-01
2.530155972666448538e-01
3.039294818143249977e-01
2.994385888513805272e-01
2.700213202789698008e-01
2.180933239068600926e-01
1.821355451007787007e-01
1.745495556054079411e-01
1.950691509947636570e-01
2.302011458059670390e-01
2.528566186505480928e-01
2.562709918514185503e-01
2.517381301138555405e-01
2.544052977923121350e-01
2.622049647087569824e-01
2.680393969385646002e-01
2.585112023891347754e-01
2.445411230001283409e-01
2.348736683522665292e-01
2.429857960199799383e-01
2.809223255395088548e-01
3.305045778771644183e-01
3.626406038495499917e-01
3.631883909942995037e-01
3.148032785549048640e-01
2.692862664925008698e-01
2.508389650280143379e-01
2.581491030875230352e-01
2.981717840133512598e-01
3.414847253756017054e-01
3.686494021785329256e-01
3.680448548066614367e-01
3.592509785625762064e-01
3.511615339461225394e-01
3.467980519193327171e-01
3.424353170706002647e-01
3.311977229472130579e-01
3.246823313852781334e-01
3.346316469089346546e-01
3.683630001151947386e-01
4.038050194878717303e-01
4.231555608050230899e-01
4.201475245567280470e-01
3.937318803713707460e-01
3.729864288969303998e-01
3.632875895721753290e-01
3.708431972781119357e-01
3.905471901128165779e-01
4.113646889373142601e-01
4.228405779313372248e-01
4.168015729052236829e-01
4.110067309373160449e-01
4.172901320999958252e-01
4.359310044743089363e-01
4.605313940087689684e-01
4.817685714890122539e-01
4.928534178178026748e-01
4.944713757141191435e-01
4.766754708552128905e-01
4.557477947338193780e-01
4.393861295565599789e-01
4.462681027539388556e-01
4.575856088886647299e-01
4.686294293388006960e-01
4.762188646687046112e-01
4.809428622211848747e-01
4.865993210483509634e-01
4.932468917020010335e-01
5.025284760203466705e-01
5.184649688604814344e-01
5.338757844932283669e-01
5.351743597976084121e-01
5.265593535071616538e-01
5.074531170566567440e-01
4.938400000859377026e-01
4.953358635542801647e-01
5.107622748701615700e-01
5.354233347676395915e-01
5.552166667204443407e-01
5.657148163878139568e-01
5.637876667534507114e-01
5.609148816344148303e-01
5.583266798473451864e-01
5.619004054930019088e-01
5.702470753890280797e-01
5.713958598590385130e-01
5.567918482139644354e-01
5.447341686312031639e-01
5.557115011878461797e-01
5.837186691648658110e-01
6.205974168233220345e-01
6.425649628098157873e-01
6.393416888737116777e-01
6.297429974140006381e-01
6.235080345823219572e-01
6.397324909824965156e-01
6.594228827863725106e-01
6.657964462323150423e-01
6.624204173840129162e-01
6.511869096720387384e-01
6.478274358150996060e-01
6.502015642543306218e-01
6.514649155047421702e-01
6.517172872062088063e-01
6.525283599458264749e-01
6.542267815493034711e-01
6.618549191447926638e-01
6.766340692771758425e-01
6.987167093370674209e-01
7.271789744176464509e-01
7.429664702294849210e-01
7.459526978827411003e-01
7.323257821087346686e-01
7.183872324336159076e-01
7.063155092853972139e-01
6.990594667520353411e-01
7.040387883458553153e-01
7.155145279916335088e-01
7.327218825536262470e-01
7.500365195261228246e-01
7.692997690769380892e-01
7.830869634527317658e-01
7.903092392288350032e-01
7.970972107615480473e-01
7.999508150974595777e-01
7.973724269875964721e-01
7.874284025952835719e-01
7.909807116701772500e-01
8.055348738466323599e-01
8.230324285759037517e-01
8.318225958474139148e-01
8.199870792055444779e-01
8.015217092956433698e-01
7.801765877342768940e-01
7.718631222143276238e-01
7.860449518160205207e-01
8.071299750839946441e-01
8.282108420198627252e-01
8.393940325644327904e-01
8.376288675122472993e-01
8.350290242773241722e-01
8.455797255917977262e-01
8.619009218954055696e-01
8.733288593129737709e-01
8.759219488290324040e-01
8.772369947223440656e-01
8.887746045132308703e-01
9.101090174198802618e-01
9.341971777943026689e-01
9.475402507364318883e-01
9.337324452874067315e-01
9.063174523680265215e-01
8.688937697622075573e-01
8.465599990935255281e-01
8.638982478736427773e-01
8.996486869709864331e-01
9.446106669205783790e-01
9.721381942797536757e-01
9.661797762909655196e-01
9.377819380937660876e-01
9.132358659924391109e-01
9.058951872820276696e-01
9.123281264555532788e-01
9.336937732642165422e-01
9.483682378847838601e-01
9.447516432963375399e-01
9.324145078503284223e-01
9.290840316015015476e-01
9.415844961959123349e-01
9.690889322136435613e-01
9.940483036030542952e-01
1.004307943365544631e+00
1.006739568351423308e+00
1.003806301794917921e+00
1.002543014789909037e+00
1.001483359288181108e+00
9.943385244703838444e-01
9.842269778776641109e-01
9.801765349255970872e-01
9.874243358156007400e-01
1.012288630791485344e+00
1.035313332347565174e+00
1.045342392198336245e+00
1.046217177309381574e+00
1.033415772261527810e+00
1.022760664082936977e+00
1.019673523038482132e+00
1.026713842467461779e+00
1.037503181396095764e+00
1.048181414072096640e+00
1.052643454877885132e+00
1.053524310991739821e+00
1.056270124026865709e+00
1.064449868886294670e+00
1.074426745376123815e+00
1.082639478081235396e+00
1.083405847327984395e+00
1.075883947957731568e+00
1.067714172455978217e+00
1.071176432580500437e+00
1.083955828601673277e+00
1.103962911026135973e+00
1.114293556130219409e+00
1.110996496859126159e+00
1.101575928200570598e+00
1.091770681838255541e+00
1.086949039165957753e+00
1.092872348221699763e+00
1.100366719584765507e+00
1.104020914204337123e+00
1.096774265207155930e+00
1.091537810952222687e+00
1.095375077469074698e+00
1.108236047112654665e+00
1.128945567146887097e+00
1.143679238221041450e+00
1.150035497192712031e+00
1.150812966908317581e+00
1.146014941205681481e+00
1.144065911601373164e+00
1.146750083259762798e+00
1.150384705691032572e+00
1.150811535093548388e+00
1.147973372519723867e+00
1.145822252856554480e+00
1.151229468494175512e+00
1.159282587132790754e+00
1.169014242654919267e+00
1.174568906175076588e+00
1.174178740233322360e+00
1.174401816731574844e+00
1.174820868071334790e+00
1.177200429762384593e+00
1.181143764533751916e+00
1.185581535019461619e+00
1.186342804567231513e+00
1.188334684711298994e+00
1.193025287180904170e+00
1.197949343083281715e+00
1.205627120729990676e+00
1.217697785562182888e+00
1.225949647164896295e+00
1.222721836765531922e+00
1.211574538416980040e+00
1.193115546830418428e+00
1.181179544943991466e+00
1.181566864704470143e+00
1.189623923619387957e+00
1.206825026283576907e+00
1.224668813616177854e+00
1.235454284464637453e+00
1.240221821778553668e+00
1.231602121848759834e+00
1.220163517309490686e+00
1.208033693931274799e+00
1.203729744545474656e+00
1.211493325314428660e+00
1.224692717171549594e+00
1.232698989076117080e+00
1.232211092393997287e+00
1.229429902377340955e+00
1.230546505658275391e+00
1.238364746125646620e+00
1.251055332533495212e+00
1.260362874374210795e+00
1.263006908826048269e+00
1.262450027471701874e+00
1.258857149188328473e+00
1.256538612710901504e+00
1.248558628654654168e+00
1.241604385416205325e+00
1.241283220070635851e+00
1.248923101120810841e+00
1.263820449461551254e+00
1.275860367342782853e+00
1.276746004180149052e+00
1.269668686793267165e+00
1.266354833932056279e+00
1.269249072089327690e+00
1.275830539756970472e+00
1.282900282221633992e+00
1.286591191661999645e+00
1.283565309608693639e+00
1.278619334109426298e+00
1.269555098476871313e+00
1.264849235022685869e+00
1.271550475509514833e+00
1.281308027024765872e+00
1.294504054513379909e+00
1.303820262259906659e+00
1.306581589153033018e+00
1.304045010861012655e+00
1.296484784948003677e+00
1.287280400492313959e+00
1.279924209866723173e+00
1.276857905879569488e+00
1.276643487458683390e+00
1.279065434730635165e+00
1.282654271860305117e+00
1.294984558547003672e+00
1.315978305629850409e+00
1.348083110494167514e+00
1.369677013338097549e+00
1.366296749730959492e+00
1.341671372497239112e+00
1.299272026049879125e+00
1.268214766032752072e+00
1.260935513126952845e+00
1.271146560804989667e+00
1.298892637186183974e+00
1.326445675264125157e+00
1.344910966937133301e+00
1.345605972562440744e+00
1.343242650494321122e+00
1.331497448309209686e+00
1.321093176666867652e+00
1.310884464940939687e+00
1.303208297625355172e+00
1.302303936333037093e+00
1.307568330500820997e+00
1.320045836103528103e+00
1.332122051438506372e+00
1.340213687245487506e+00
1.342873851825889808e+00
1.341200233138448272e+00
1.341548927225745702e+00
1.343476764446195570e+00
1.345726060403215296e+00
1.346819554834715271e+00
1.342738435038447475e+00
1.339008313643379022e+00
1.342461354682676911e+00
1.350936164777519766e+00
1.354760375239208781e+00
1.352920849927907287e+00
1.340490009809905958e+00
1.329431341812272294e+00
1.325558941012942915e+00
1.328211274734029557e+00
1.342087647376244197e+00
1.354255791163100797e+00
1.363635273159495620e+00
1.359953798312030449e+00
1.354527139836160021e+00
1.349077969239567798e+00
1.347348542298744789e+00
1.355025215351601808e+00
1.361737529627938148e+00
1.361451929942810724e+00
1.356947879796600365e+00
1.353608956557552645e+00
1.351675531358292881e+00
1.356009535805276389e+00
1.362398844533984521e+00
1.365517372809369911e+00
1.361489370863208759e+00
1.348896008067956620e+00
1.341336987314573292e+00
1.344529832417793225e+00
1.364725337742689781e+00
1.386489106169079166e+00
1.390757348906758395e+00
1.379856022406967364e+00
1.356353276783118122e+00
1.337681358201640691e+00
1.331401648226511636e+00
1.333545188792300218e+00
1.349878707209718920e+00
1.365108357114763749e+00
1.368641407774543017e+00
1.364787902153807631e+00
1.352449471063550401e+00
1.344923773272433287e+00
1.345216195825516881e+00
1.350627566971520643e+00
1.362185910749204476e+00
1.366565887683079072e+00
1.363773003837805531e+00
1.353980113658133311e+00
1.345869027892931724e+00
1.343056656068223109e+00
1.342170391725281631e+00
1.345632970362799607e+00
1.349199873686637963e+00
1.346936459801015173e+00
1.341866517286525395e+00
1.335628342175551486e+00
1.331950586129627023e+00
1.334793892081929334e+00
1.339584365555225753e+00
1.344707134176066354e+00
1.344511646420093909e+00
1.341320313935420172e+00
1.334437200248282718e+00
1.331798705062183785e+00
1.331874738412785142e+00
1.335538863665143960e+00
1.341419198213611663e+00
1.343760575533868851e+00
1.341822637886090686e+00
1.341616829257223253e+00
1.339305221698864345e+00
1.338514638566279391e+00
1.340400726369218809e+00
1.343553867679582847e+00
1.347156365528085153e+00
1.347915319343701013e+00
1.350330788175259977e+00
1.350964658557453069e+00
1.349802550686903135e+00
1.347974212580278719e+00
1.344479843865985735e+00
1.341037246243316883e+00
1.338110560227739443e+00
1.337569346389283265e+00
1.336751585397140341e+00
1.334958817955843813e+00
1.329222474022167866e+00
1.323074768564960868e+00
1.319536878005663771e+00
1.317323099273363773e+00
1.317148984978712578e+00
1.316322937321529496e+00
1.314914767092863590e+00
1.315148189473920759e+00
1.319449321640788098e+00
1.327699653031727323e+00
1.333201334267254179e+00
1.339090625748946772e+00
1.341829978090632203e+00
1.345597942292036775e+00
1.348457643733166123e+00
1.348609254926101064e+00
1.342832173600310375e+00
1.336193456672845503e+00
1.330573727397950989e+00
1.332150625016312651e+00
1.345712450217143363e+00
1.360464385480804506e+00
1.371654364626818889e+00
1.371042189678245204e+00
1.364369279265871704e+00
1.348196431765045000e+00
1.335258222057716271e+00
1.326247552169062427e+00
1.322983260020604179e+00
1.327762440950516654e+00
1.333625739088682094e+00
1.339616036254347442e+00
1.345748748012192797e+00
1.351464384562783394e+00
1.360207136035492148e+00
1.370956908521468343e+00
1.375226575967652076e+00
1.361958579006489423e+00
1.343496143118530828e+00
1.316230169497035973e+00
1.298124432443072074e+00
1.293869134922721376e+00
1.304963089605866156e+00
1.322364170412861029e+00
1.341348404236510028e+00
1.357037980003539257e+00
1.368170015280371077e+00
1.377338780422596498e+00
1.384649521329062161e+00
1.390199691488312128e+00
1.392653746201422349e+00
1.390946331546406789e+00
1.380266965815906133e+00
1.364361206918975444e+00
1.345099670376273648e+00
1.335527094617693145e+00
1.332701239203468058e+00
1.334740335250710785e+00
1.334291475506647950e+00
1.333646200239875457e+00
1.332712005851292236e+00
1.336967042857531762e+00
1.347335643594300469e+00
1.360102328030612817e+00
1.368034598009322034e+00
1.365622049440282204e+00
1.359903839626300126e+00
1.349351243479631979e+00
1.340175527689101420e+00
1.338627493105589927e+00
1.339367531653442356e+00
1.341730276207576233e+00
1.340798488365896546e+00
1.342577057151269182e+00
1.345892978597606593e+00
1.347185729086789463e+00
1.349177819765116304e+00
1.348963704115914819e+00
1.346706624707997291e+00
1.343258472383998647e+00
1.340883260572807378e+00
1.342179397338023161e+00
1.346069816510085948e+00
1.350213529500762899e+00
1.351536845567987699e+00
1.350388086312346303e+00
1.344601681297242113e+00
1.340560699415959789e+00
1.343372003684166094e+00
1.355206750760716838e+00
1.363350560219068530e+00
1.360754475312154543e+00
1.348059259634622586e+00
1.326503037483943270e+00
1.313908385906915166e+00
1.324036666820939123e+00
1.342247170265617795e+00
1.365428699186325590e+00
1.375285724360855832e+00
1.367696052790970285e+00
1.351813895133808785e+00
1.338017376353815902e+00
1.334669726921857258e+00
1.344498944758642400e+00
1.354108376981373096e+00
1.356145724475959158e+00
1.346790541600797475e+00
1.334653328820907481e+00
1.327854829757694866e+00
1.328162037193946876e+00
1.339235271270798222e+00
1.353161703766375679e+00
1.367904061328385046e+00
1.379347775086155359e+00
1.381301401142312368e+00
1.370246378958144939e+00
1.328222961657718137e+00
1.254531197597548164e+00
1.092759147717475621e+00
8.736209077550558533e-01
5.533591510677241532e-01
3.938519714242349479e-01
7.167183875472068477e-01
1.227719375804666058e+00
1.736814180429759435e+00
2.265830720021939637e+00
2.776970648769097494e+00
3.425829414789013150e+00
4.094962773797013789e+00
4.741563232018756402e+00
5.424735872811840665e+00
6.068812686591360084e+00
6.687874120104755349e+00
7.202038412194297301e+00
7.536115003926588507e+00
7.720097138887758170e+00
7.730983925010386670e+00
7.724537255095778043e+00
7.791255708977071315e+00
7.935641782076594986e+00
8.180965560844292384e+00
8.416820358550761938e+00
8.591236300187038211e+00
8.692976888521000589e+00
8.768032539862760544e+00
8.826683076359374880e+00
8.872491605423471484e+00
8.873415602002253877e+00
8.834767289601805018e+00
8.736101177490446901e+00
8.628048581935139794e+00
8.518979805660300997e+00
8.426299460454869106e+00
8.335580438913838819e+00
8.237449501977842203e+00
8.108277705503740052e+00
7.970090994594917433e+00
7.782846204782733146e+00
7.559771759841629191e+00
7.182487925074569013e+00
6.712347329292786213e+00
6.046941831323168870e+00
5.336211280172260985e+00
4.758828165621878270e+00
4.367268246642769469e+00
4.175062895963193021e+00
4.224969586914798292e+00
4.404602143405831782e+00
4.714443160995950954e+00
5.043241543111644631e+00
5.382267808444801460e+00
5.703989739562255856e+00
6.057146127652131895e+00
6.422402550464716420e+00
6.851751757541954646e+00
7.282805612557501362e+00
7.745887543323788371e+00
8.185071852592592734e+00
8.629088275536805241e+00
9.065980922250956198e+00
9.488079851873010284e+00
9.933911320039475967e+00
1.036276000042163581e+01
1.079381519222331853e+01
1.118442419036176361e+01
1.154414443538049895e+01
1.185733462760232548e+01
1.214041133063893518e+01
1.239085774894122061e+01
1.259920479924694448e+01
1.277345917274226750e+01
1.291090208413321427e+01
1.301162101258901593e+01
1.303591290265779534e+01
1.299115610870602033e+01
1.280168990786308214e+01
1.255529473445377420e+01
1.223417591884970612e+01
1.191683812035735812e+01
1.162882239185071676e+01
1.133705578701279215e+01
1.103430940068835397e+01
1.067408316609429697e+01
1.030535363631306289e+01
9.913886078319304573e+00
9.549940449956419997e+00
9.185844617755448027e+00
8.844428823309442578e+00
8.489342961669356313e+00
8.157805608078225745e+00
7.839623107656984224e+00
7.571251880377471544e+00
7.350756375253811647e+00
7.170397665938617493e+00
7.015244202472183943e+00
6.870013461321831549e+00
6.741764570468236073e+00
6.637641140229955106e+00
6.563145790486665021e+00
6.520090395616238155e+00
6.493065859622140223e+00
6.488920219802595035e+00
6.495148729362233198e+00
6.527110646748791822e+00
6.581030008679804588e+00
6.686723179838275577e+00
6.813740554430681051e+00
6.977208429298470627e+00
7.149471139215255455e+00
7.356068147208878472e+00
7.573508836783647169e+00
7.853664318688553081e+00
8.143884478858632647e+00
8.470456405841821024e+00
8.801051655832107912e+00
9.113861023351727653e+00
9.435842196541448956e+00
9.749381617521798660e+00
1.009196885027871815e+01
1.042493110456635108e+01
1.077668297300921374e+01
1.110329153574756234e+01
1.144253736405181598e+01
1.177334352271452289e+01
1.213459515639724628e+01
1.248837071026558299e+01
1.286072588678649886e+01
1.320391950412851401e+01
1.353836429706103495e+01
1.384543301881625510e+01
1.415113182201983655e+01
1.444435040097692635e+01
1.475824709991783479e+01
1.505469224069229739e+01
1.534490417104459681e+01
1.560592956700280531e+01
1.581939668346028505e+01
1.600443553365894900e+01
1.617364160554462060e+01
1.634647273756690922e+01
1.651207805495633707e+01
1.665478143835174052e+01
1.675854666923389402e+01
1.677566321668242466e+01
1.672864212058881606e+01
1.651358457598507101e+01
1.614579531523630962e+01
1.534455722157674451e+01
1.431954502766184412e+01
1.292433115894274032e+01
1.163413857379127059e+01
1.058056296540595298e+01
9.837721777314602178e+00
9.400609216165513260e+00
9.039769226693621818e+00
8.636905732053060447e+00
8.147196156608544015e+00
7.699123725275883068e+00
7.330651524131808650e+00
7.065835418834492287e+00
6.885689459747223573e+00
6.711483865541063132e+00
6.498719015106899199e+00
6.291576502009094796e+00
6.138761022954795088e+00
6.076998684247842064e+00
6.142945899720587910e+00
6.251627898025346575e+00
6.383908621475267609e+00
6.494206862653151724e+00
6.606314261242953734e+00
6.732473351777579218e+00
6.913155472512333866e+00
7.090102979111182258e+00
7.236572943202423502e+00
7.316866200557656796e+00
7.378383682034873381e+00
7.485893152499044412e+00
7.658112541436123522e+00
7.969643213063276832e+00
8.321396649235815346e+00
8.738103901324224765e+00
9.130907558058890316e+00
9.522646716043917436e+00
9.894590044769817183e+00
1.030093037075695150e+01
1.069377779346639556e+01
1.109481000097153469e+01
1.145304749932348543e+01
1.177564895636711739e+01
1.206002690738080574e+01
1.234120284951248259e+01
1.261397869165748098e+01
1.289735936432465913e+01
1.316697671188709151e+01
1.339458850038563220e+01
1.357790019033256002e+01
1.372183924388276210e+01
1.382234641100800943e+01
1.390297699808526666e+01
1.395024585930190497e+01
1.397327617054218329e+01
1.395661899888912849e+01
1.391864837444045833e+01
1.382583739845120618e+01
1.371382836397006955e+01
1.355380153134396437e+01
1.339477469556651279e+01
1.322973865760091172e+01
1.308459220153589797e+01
1.294000621830642750e+01
1.280118728212633528e+01
1.265861885560857658e+01
1.252324705873748201e+01
1.240119612318251363e+01
1.229859139222675246e+01
1.221461586148025269e+01
1.214777281621964633e+01
1.209341954218698234e+01
1.204818324788247885e+01
1.200806779662390156e+01
1.197879422033307151e+01
1.195706248662224880e+01
1.194027058266972396e+01
1.192813590776714783e+01
1.192217248400542040e+01
1.192153211206051289e+01
1.192790045260795218e+01
1.193880393173248322e+01
1.195174147089812244e+01
1.196744283093911321e+01
1.199166867466400710e+01
1.202483127589822054e+01
1.207732188021868502e+01
1.213460776161520727e+01
1.220036022378142704e+01
1.226853281833345299e+01
1.233057718750185039e+01
1.240142572034498158e+01
1.247491876530067856e+01
1.256518558136667529e+01
1.265839234056102391e+01
1.275664459418282881e+01
1.284541984298477679e+01
1.292280903197563369e+01
1.298216068794786615e+01
1.302072707224297154e+01
1.304561209463074611e+01
1.306526940780717183e+01
1.308348726962066344e+01
1.311287969202020953e+01
1.314168828602284300e+01
1.316241220686215918e+01
1.317373553878116965e+01
1.318206201269456024e+01
1.320774398387934312e+01
1.324944659488267185e+01
1.332201118820608166e+01
1.340893161395925581e+01
1.351176826606691783e+01
1.360876623726431056e+01
1.370402291828021646e+01
1.378731437973798535e+01
1.385664711092899815e+01
1.390460507376374721e+01
1.391717027592248002e+01
1.390258435305895546e+01
1.385870675559148957e+01
1.381320751248474465e+01
1.378804134614992449e+01
1.378789729805070507e+01
1.383773570682758880e+01
1.390629090307434801e+01
1.400614648922220340e+01
1.410418050619189145e+01
1.420965276108573150e+01
1.431452734695162654e+01
1.441829852428226033e+01
1.454235511163036065e+01
1.466821900446122129e+01
1.481632214255816749e+01
1.495376171224891948e+01
1.507753613327789033e+01
1.517885896270525059e+01
1.525550302044473838e+01
1.531788113860234013e+01
1.538457162638708553e+01
1.546103290481092785e+01
1.556015481876046813e+01
1.565429875780608349e+01
1.574172983067570897e+01
1.581266887387936393e+01
1.585856554326660195e+01
1.589596709461547697e+01
1.593245109215526334e+01
1.597691018015066611e+01
1.602626102045209677e+01
1.608597389325211324e+01
1.614265858910492213e+01
1.619681352698800936e+01
1.624763701607114186e+01
1.628729290014000597e+01
1.632126851771887033e+01
1.634590172728161406e+01
1.635802423363779923e+01
1.634762873009816531e+01
1.631881797861892736e+01
1.626729849913334292e+01
1.621675989218956104e+01
1.617854618787049503e+01
1.615318493178104475e+01
1.613679691882312994e+01
1.611309646807586660e+01
1.606294608407947777e+01
1.598572694031872210e+01
1.591648068474501088e+01
1.586513480687415978e+01
1.583410451105943295e+01
1.582466620537970847e+01
1.580826062545548183e+01
1.577249112719740864e+01
1.572576718658728367e+01
1.567479155992848483e+01
1.564211769325962997e+01
1.563471430982847288e+01
1.564298470263364038e+01
1.565414059661178925e+01
1.566271335937716813e+01
1.566666997221292057e+01
1.567441612979490984e+01
1.568982037086594161e+01
1.570628191692391340e+01
1.572887469273400640e+01
1.575317074004716211e+01
1.579499688504471955e+01
1.585137683858692093e+01
1.590653434401253286e+01
1.596651444258990260e+01
1.602397563259236790e+01
1.608306002573571902e+01
1.614351725977960328e+01
1.620714724366886728e+01
1.626355889227097862e+01
1.631620154965018443e+01
1.635743976919826892e+01
1.639656043440048450e+01
1.644009424201819414e+01
1.649679691838030848e+01
1.655314773177446241e+01
1.661285853505461674e+01
1.666137783156930041e+01
1.669642864585447839e+01
1.672606725399075955e+01
1.676145079970105201e+01
1.680068604964231938e+01
1.684630078127310782e+01
1.687686089501601927e+01
1.689429999346933542e+01
1.688666603500676189e+01
1.686978932385778052e+01
1.684664889872333049e+01
1.683185639938144007e+01
1.682914707865841208e+01
1.683762550754318710e+01
1.685031165779135165e+01
1.685987720149790903e+01
1.684675134689967280e+01
1.681435358854065498e+01
1.674412682126225249e+01
1.665930761400659321e+01
1.653868322232459320e+01
1.641866327872856957e+01
1.630512668900406226e+01
1.621043026691405586e+01
1.613529927513317830e+01
1.606884455879730567e+01
1.599572633861344428e+01
1.589932458253343661e+01
1.579705480151506691e+01
1.568067662493446512e+01
1.557915751464839182e+01
1.548904159410949077e+01
1.541476428648256025e+01
1.535260249294201174e+01
1.530251518535652089e+01
1.526842488384776431e+01
1.524935403272876222e+01
1.524960641595899347e+01
1.526109688556141286e+01
1.529314114997258578e+01
1.533102915619032558e+01
1.537598005619210362e+01
1.541627902165570596e+01
1.546300968568464995e+01
1.551020473727243321e+01
1.556666232102605285e+01
1.563689312934346631e+01
1.570679965762446528e+01
1.579098035856448057e+01
1.587410784934927932e+01
1.596412425952471814e+01
1.604335426153689426e+01
1.611572979155054597e+01
1.618272776943245006e+01
1.624359192139208474e+01
1.629670087517878585e+01
1.634260407996271880e+01
1.638077961993433362e+01
1.641688504145295724e+01
1.645191256857265572e+01
1.650931861153797087e+01
1.657808323641171810e+01
1.666719962834748614e+01
1.674891660512932035e+01
1.682035973994441491e+01
1.686771979449795822e+01
1.688602773084902609e+01
1.688198761971098349e+01
1.687450747034965914e+01
1.687307900573942021e+01
1.687331042990831520e+01
1.687575701109996018e+01
1.687633324480214370e+01
1.687052449749246463e+01
1.685724031914497800e+01
1.683197947535974137e+01
1.680098941122522760e+01
1.675659999517306531e+01
1.672276043366874632e+01
1.670561198140829262e+01
1.670179150611599894e+01
1.671745700764455478e+01
1.672777820876209631e+01
1.671953720510248331e+01
1.670153392647771540e+01
1.667312568692386066e+01
1.666030228775777644e+01
1.665984624818546322e+01
1.667412592448959074e+01
1.668388554747943786e+01
1.669196004564342317e+01
1.669778717931158241e+01
1.672030700207222864e+01
1.675423896002427071e+01
1.680094139515324159e+01
1.683986704452633987e+01
1.686025994498660552e+01
1.686746853017334757e+01
1.687377334251867467e+01
1.688874303458757353e+01
1.692427910254042089e+01
1.696107130848653810e+01
1.698644609765870328e+01
1.699769331667786787e+01
1.700361526961199843e+01
1.702356970700830985e+01
1.708226412563157126e+01
1.716663779896073905e+01
1.724883518112348568e+01
1.730596814962845897e+01
1.734217259072547179e+01
1.734978161948767550e+01
1.735250273267810073e+01
1.736431113517048885e+01
1.738529376772512336e+01
1.741531650694217959e+01
1.744513766229456309e+01
1.747144290936673627e+01
1.748943731999910867e+01
1.749252385648107122e+01
1.748289081769779685e+01
1.744877800985738148e+01
1.741025490688138433e+01
1.737275213853617828e+01
1.735043008096778294e+01
1.734869238620210652e+01
1.736602878923792304e+01
1.738923248740755412e+01
1.739858720242347445e+01
1.739241517800302006e+01
1.734860932727178451e+01
1.729199496789189183e+01
1.722672894831042356e+01
1.717737129321371370e+01
1.714547313054506716e+01
1.711485911322425224e+01
1.705930248382681214e+01
1.697829645944758070e+01
1.685774101595377061e+01
1.674145553191615221e+01
1.664153481005024204e+01
1.657097588247007991e+01
1.652454355609998515e+01
1.647947340180503772e+01
1.641293099830255642e+01
1.633628792262712892e+01
1.625084123182770668e+01
1.617754608989699960e+01
1.611578581054602211e+01
1.604650640375120574e+01
1.597550456990864198e+01
1.588430408146769146e+01
1.579877525942000993e+01
1.572444939308127054e+01
1.566653584826426204e+01
1.562696183958371421e+01
1.559319503609832402e+01
1.556311974156182032e+01
1.553227639758260104e+01
1.550502066361430487e+01
1.548832737194601705e+01
1.549164875632652638e+01
1.550468794422154772e+01
1.553251082616381851e+01
1.556100115261158834e+01
1.559584832091842621e+01
1.563967586795140718e+01
1.569182794081921095e+01
1.575993154552166331e+01
1.583146058582980054e+01
1.590833010204243969e+01
1.597966248151174184e+01
1.604806484720383253e+01
1.610846593108561464e+01
1.616508827124912528e+01
1.621882484927004242e+01
1.628385057328115337e+01
1.635615222247977485e+01
1.645022169928887479e+01
1.654962453200649719e+01
1.666539540764025062e+01
1.676918203938015139e+01
1.685842146068993941e+01
1.692612017738607832e+01
1.696834461501182645e+01
1.699516507853083525e+01
1.699488633258970438e+01
1.697221157369367006e+01
1.693687453041806279e+01
1.689036344232373210e+01
1.685128547328945814e+01
1.681994698699582003e+01
1.679580867437474367e+01
1.677155590907317517e+01
1.674374936480513298e+01
1.669626493892576491e+01
1.664075032008984323e+01
1.655959358072323795e+01
1.647474112140173830e+01
1.637513971191047091e+01
1.627800543389970045e+01
1.618100833219880741e+01
1.609546940759791056e+01
1.601654190205053396e+01
1.595264037550844094e+01
1.589240951204526375e+01
1.583828478614171864e+01
1.577615754263271874e+01
1.571809067540795546e+01
1.567499945389866767e+01
1.564177595315722691e+01
1.561708741057568162e+01
1.558198703548112896e+01
1.554368427822917553e+01
1.550171973352934529e+01
1.547637210691893372e+01
1.548969910478137813e+01
1.553227141755225027e+01
1.561118356450460531e+01
1.568972750589798792e+01
1.576272050072798514e+01
1.582399317200771627e+01
1.588319839547295942e+01
1.594427002141526550e+01
1.601170615873935787e+01
1.607305421301157367e+01
1.613147197075694805e+01
1.618996660931264842e+01
1.625025786659898230e+01
1.632264035659562396e+01
1.639455562256611643e+01
1.646542290167821676e+01
1.651400007904458533e+01
1.652788695899505811e+01
1.651693748921061555e+01
1.648001432619453155e+01
1.644663331059215494e+01
1.642232314110043134e+01
1.640849150041539417e+01
1.640331871545215137e+01
1.639746353626657083e+01
1.637921643888795131e+01
1.635210930673028074e+01
1.629913385039840890e+01
1.623816136800491705e+01
1.617306532680971642e+01
1.611804056014377906e+01
1.608219502215043661e+01
1.606606279088666511e+01
1.605543859672393125e+01
1.603711034193671736e+01
1.601155617650844931e+01
1.597796679751883353e+01
1.594725425927711626e+01
1.593289695067982414e+01
1.593960245879915938e+01
1.597841462915020472e+01
1.602275719292638456e+01
1.606671054042825730e+01
1.609742951251551091e+01
1.610812784984795343e+01
1.611292652572153727e+01
1.612681607246335957e+01
1.614914172643871026e+01
1.618007318574705877e+01
1.620539183763041180e+01
1.622498363424054091e+01
1.623876971711522899e+01
1.625958360514865930e+01
1.629393688243248306e+01
1.633868713076046575e+01
1.640060237816641830e+01
1.646363466725095037e+01
1.654204439477321742e+01
1.662654395053216660e+01
1.672298049355798710e+01
1.680858687294737308e+01
1.687647576473873912e+01
1.691994198389175708e+01
1.692786336034287942e+01
1.692199450820948670e+01
1.689689924469387705e+01
1.687037314629083440e+01
1.683126627562849009e+01
1.678942628919880065e+01
1.673899359600308401e+01
1.669394920410844563e+01
1.666883893851750287e+01
1.666680190282297147e+01
1.667126594001776141e+01
1.668036021762151577e+01
1.669365854425808493e+01
1.671607660380038496e+01
1.673952253423678727e+01
1.676744352257243520e+01
1.678682315622441479e+01
1.678400657281932240e+01
1.677873390628304406e+01
1.678181218402827213e+01
1.679623906435334391e+01
1.682809145966913533e+01
1.685871153529886612e+01
1.686780075062278783e+01
1.686203738064617141e+01
1.684721634405709167e+01
1.684166298815316765e+01
1.685869403843779324e+01
1.689270882604942159e+01
1.691907310463724556e+01
1.693356306871144668e+01
1.693942436192747891e+01
1.693754501593550188e+01
1.693698689631303722e+01
1.694409560997555531e+01
1.695082883117517980e+01
1.694257256976657544e+01
1.690922421294003541e+01
1.683936539993361947e+01
1.676923933445943149e+01
1.671523390364637507e+01
1.669310208220348457e+01
1.671405521149325679e+01
1.673839095995923643e+01
1.674356376666165858e+01
1.672396424796222547e+01
1.666618587249453043e+01
1.661544184180883121e+01
1.658618984454339795e+01
1.660116366074682759e+01
1.662955493894036607e+01
1.666551810701056269e+01
1.668391393607558015e+01
1.666808554813278320e+01
1.663403271173701370e+01
1.657684883423713273e+01
1.651792633369545982e+01
1.645227843679765556e+01
1.639694879588980214e+01
1.635057346092353470e+01
1.631334045649106201e+01
1.627741557252630855e+01
1.624149443222531630e+01
1.620156350621994790e+01
1.616339221010707305e+01
1.612514714293324047e+01
1.608861896772973310e+01
1.604555699609770514e+01
1.600042614244514638e+01
1.596138337918702987e+01
1.592361875537460847e+01
1.589519498886128623e+01
1.587559626596182305e+01
1.586613057523153536e+01
1.585500415658696660e+01
1.584227831531412001e+01
1.583611255081151548e+01
1.584224334247498511e+01
1.587934873635527921e+01
1.593146753892989587e+01
1.600489515193867263e+01
1.607160802287555867e+01
1.612811192569660079e+01
1.616897058475538884e+01
1.618298877896620169e+01
1.618116829556397818e+01
1.616843290471138772e+01
1.615013037080184333e+01
1.613721190049415100e+01
1.613703570013638000e+01
1.614041976353508900e+01
1.614968117332054476e+01
1.615797513061416879e+01
1.615921414053666183e+01
1.615953145710759387e+01
1.616031130239776914e+01
1.616220144644673695e+01
1.616827419464217286e+01
1.616778446586513596e+01
1.614843497659107641e+01
1.612045848492507716e+01
1.607896772442624567e+01
1.605016119599616431e+01
1.606063717845048444e+01
1.608961399857178165e+01
1.615234642453009073e+01
1.621688905953050153e+01
1.626943438386030749e+01
1.630741264472021967e+01
1.633737674915153093e+01
1.636325022627744730e+01
1.638432297757408307e+01
1.638516979402777096e+01
1.636942979579954738e+01
1.634101984642268235e+01
1.631765153134105262e+01
1.631905390006921053e+01
1.633988180905936005e+01
1.638178652078048003e+01
1.642759898785145012e+01
1.646575616617861115e+01
1.648777909396119767e+01
1.648829199509412646e+01
1.647713571103819064e+01
1.645261081445619666e+01
1.643098414900851267e+01
1.642881056683227925e+01
1.643970750352879762e+01
1.646616990238987199e+01
1.647978549257158676e+01
1.647137127689267189e+01
1.643584500769197021e+01
1.639704333117882484e+01
1.636953027480642220e+01
1.636047879661585469e+01
1.637195113634804500e+01
1.638182033218094702e+01
1.636588543083181335e+01
1.633707310718036965e+01
1.629384655895869116e+01
1.626088407182023232e+01
1.626163127915231499e+01
1.628865716359682381e+01
1.635576495853073808e+01
1.642493695697542222e+01
1.649502079516355124e+01
1.655441280084557931e+01
1.658987172379476149e+01
1.661211671094529407e+01
1.661741491237265222e+01
1.661822904873912776e+01
1.662797660193656668e+01
1.665295286508257533e+01
1.668338586966821424e+01
1.672444202670211766e+01
1.677560545583463636e+01
1.684775162671992632e+01
1.691942813860391936e+01
1.699741678418906332e+01
1.706376714527774041e+01
1.711737352081215491e+01
1.716289519480207204e+01
1.720500063440156069e+01
1.725260602655778541e+01
1.731873217560136524e+01
1.738694898173790904e+01
1.745622504592387614e+01
1.751851250375741742e+01
1.757631996896944315e+01
1.763907282183539138e+01
1.770280026905330928e+01
1.776038830633277499e+01
1.780058449273509069e+01
1.781094060276598512e+01
1.781522160527196519e+01
1.783968767315888471e+01
1.788091771017214882e+01
1.795787345645135247e+01
1.802760362622334256e+01
1.807462167572809975e+01
1.809557010207470640e+01
1.808691048043236194e+01
1.807864052854887760e+01
1.807759204691225108e+01
1.808516351724468052e+01
1.808581293758079767e+01
1.807241087742122332e+01
1.802045836808412105e+01
1.795211296855980265e+01
1.785979513633818172e+01
1.776865805836850498e+01
1.769174224618683056e+01
1.763027747768290254e+01
1.758015847415833122e+01
1.753604384347293532e+01
1.750057406658904213e+01
1.746973071004590494e+01
1.745172708567607600e+01
1.745383578569584415e+01
1.745976292490150072e+01
1.746812155649304543e+01
1.746074089670784701e+01
1.742846631255532941e+01
1.738572702841069173e+01
1.733213026573482196e+01
1.728627754944169581e+01
1.725464822935547460e+01
1.723599098091725779e+01
1.722747737053094852e+01
1.722524020336451045e+01
1.724063846994437554e+01
1.726287479006269265e+01
1.728184254719218416e+01
1.727388706282555120e+01
1.724845550890945844e+01
1.720677114271855501e+01
1.717927297000070652e+01
1.717166085859364344e+01
1.717347111133273430e+01
1.716453399780960964e+01
1.713793854576696418e+01
1.708863403583203322e+01
1.704016609249149994e+01
1.699052493505250538e+01
1.694651928743864389e+01
1.688957175242418529e+01
1.682728359484622871e+01
1.675594593419404532e+01
1.669567061962546362e+01
1.666215746582560797e+01
1.665186867642193391e+01
1.667787503209389754e+01
1.671004196432731703e+01
1.673287017649826680e+01
1.675156558631843140e+01
1.677340809217926676e+01
1.681592118160275007e+01
1.687615627288275633e+01
1.696550686739303160e+01
1.705840050410896680e+01
1.715784789608909477e+01
1.724358539567801074e+01
1.732177594166039825e+01
1.739362770933116664e+01
1.746513642633844654e+01
1.753448424577766218e+01
1.759757374385514339e+01
1.764668949705978207e+01
1.767754866935223745e+01
1.769620672767847580e+01
1.770537967577905292e+01
1.772262253361527584e+01
1.774379078685628741e+01
1.777566916366340166e+01
1.780428638299274624e+01
1.782663802203626346e+01
1.784190773790451345e+01
1.785408348055640460e+01
1.785903295748400765e+01
1.783846432256011028e+01
1.779687454933626967e+01
1.770999821958164233e+01
1.761737719513324762e+01
1.752639822037260586e+01
1.745758546582272785e+01
1.741466654161072114e+01
1.738962203773345294e+01
1.737579745515353480e+01
1.735973735776451932e+01
1.732966296663974504e+01
1.729633318987478319e+01
1.725691766845924846e+01
1.723117451536966271e+01
1.721715865660556943e+01
1.722915413597675638e+01
1.724984785491816908e+01
1.728444345509811342e+01
1.731352514492866135e+01
1.732222220964555959e+01
1.731433661646382660e+01
1.728565063740688146e+01
1.725809264211778427e+01
1.724427762629533945e+01
1.723950857871317410e+01
1.723791040782452200e+01
1.722730888528457882e+01
1.719790115664757479e+01
1.716157416779259393e+01
1.711954398540513012e+01
1.708877041426225674e+01
1.707685857212739577e+01
1.707840002234743793e+01
1.708392385190094487e+01
1.704725879991736193e+01
1.696758823072807587e+01
1.678460413450722299e+01
1.653511752816798008e+01
1.604690718081528189e+01
1.537797479949801449e+01
1.414830037697016074e+01
1.274635957197508951e+01
1.112002784391100363e+01
1.011694409152884866e+01
1.016475000506008541e+01
1.104794740689640520e+01
1.255958508992769218e+01
1.412125157813396470e+01
1.582146186234871976e+01
1.771545580264622899e+01
1.968955706742402256e+01
2.206213468357064400e+01
2.444122051630641224e+01
2.702640531149645042e+01
2.948979049169948397e+01
3.204878601564644214e+01
3.451774090998942057e+01
3.716881016390238557e+01
3.973937920686721981e+01
4.240239822150447679e+01
4.487532670124357992e+01
4.727936469592535929e+01
4.947916628629634062e+01
5.162356638274336973e+01
5.361199017699371439e+01
5.553645876544737092e+01
5.729985140523361054e+01
5.884245160908074013e+01
6.018920549603087267e+01
6.136167963939269043e+01
6.239697359832025114e+01
6.328182916767549671e+01
6.397028553519959360e+01
6.444879959453267304e+01
6.457109522494309317e+01
6.445844410691422866e+01
6.393696661556265326e+01
6.326303865123053072e+01
6.226568890233581044e+01
6.121056478729018835e+01
5.992357505224900649e+01
5.862463837285190493e+01
5.711226376404860616e+01
5.541487945373231838e+01
5.373540111007617526e+01
5.184907204123599911e+01
5.003304482758208849e+01
4.811049901868659617e+01
4.630377762039666578e+01
4.442579687826651025e+01
4.262904655224065920e+01
4.069812368812355174e+01
3.883311752682462981e+01
3.687013478275414258e+01
3.505486537806091718e+01
3.330071309685492764e+01
3.174407088782598407e+01
3.031826218586609301e+01
2.907163511561683578e+01
2.794948054912092772e+01
2.697189699952885888e+01
2.610567650755823976e+01
2.534973706643082636e+01
2.469510903268437119e+01
2.412157917140389074e+01
2.363320995307061523e+01
2.323082720980916704e+01
2.291861061011027090e+01
2.276286877660511720e+01
2.272592389923204337e+01
2.291474476656722459e+01
2.323536442359381127e+01
2.380422824447434138e+01
2.447937408226668765e+01
2.539603267038712175e+01
2.638685578333834769e+01
2.760340202470066373e+01
2.885603373241219671e+01
3.029975921253996063e+01
3.187971476151521344e+01
3.342281806596464833e+01
3.507597861740701717e+01
3.666243309909320658e+01
3.832321129365091394e+01
3.989611773724143973e+01
4.149742999040077507e+01
4.297660112304382096e+01
4.442014695557715243e+01
4.572721113132183746e+01
4.698157334571008903e+01
4.812449799524615912e+01
4.924124443365661818e+01
5.026300145051543211e+01
5.123643021132236441e+01
5.209793648317452863e+01
5.285702712251625002e+01
5.350884745118847974e+01
5.406315128951610660e+01
5.451752907537078130e+01
5.486594526971676800e+01
5.503956745819537844e+01
5.508424907929863679e+01
5.490831292871733638e+01
5.463750679634676288e+01
5.418574406537644705e+01
5.369843144450241823e+01
5.309747922077363569e+01
5.248626173305163434e+01
5.175569220582456609e+01
5.101423343517370057e+01
5.013653740568800288e+01
4.927238974692475892e+01
4.830830296162170612e+01
4.738270507254787134e+01
4.640149470495916262e+01
4.540329540218377247e+01
4.447523870156597781e+01
4.352265683778971095e+01
4.261334137566095848e+01
4.163806730496835229e+01
4.069068595480029416e+01
3.967882949934808323e+01
3.872335716475669187e+01
3.776349013861059944e+01
3.688318274578755052e+01
3.602624267514413958e+01
3.524274753644508706e+01
3.447674261316199562e+01
3.378360400454450030e+01
3.313200120857738540e+01
3.256046082816720855e+01
3.202653155042936106e+01
3.154955623096185846e+01
3.109480517039110481e+01
3.069026330944442549e+01
3.035872559097443713e+01
3.011906024215910449e+01
2.995625826628540267e+01
2.989590979152055539e+01
2.989703016832022797e+01
3.000085931679588569e+01
3.016807052068030970e+01
3.045448609001361362e+01
3.080220924294706109e+01
3.128107475188825148e+01
3.180747457683724733e+01
3.246412103022739615e+01
3.315009794213236205e+01
3.395058471391321575e+01
3.475271735541890195e+01
3.564181182711787699e+01
3.658526320995613190e+01
3.749630190948959552e+01
3.846140566514741010e+01
3.937725227855150933e+01
4.031161038388948725e+01
4.117823797914404338e+01
4.204182281041185121e+01
4.284753622889753188e+01
4.365578268802910600e+01
4.440527736700213524e+01
4.515123620698828688e+01
4.582850844160561365e+01
4.646472479492873475e+01
4.702269488272838771e+01
4.751899094721396466e+01
4.795613229149284251e+01
4.835909673280718124e+01
4.873055629776185782e+01
4.906177452150449625e+01
4.934911185933525246e+01
4.957854040691097453e+01
4.971207490744514246e+01
4.976516781346472129e+01
4.968502463307481776e+01
4.954259793951580093e+01
4.928662447412927605e+01
4.900512894884911930e+01
4.865256800994054487e+01
4.829879829471821751e+01
4.788228913264463671e+01
4.745896803341589987e+01
4.696276948348806712e+01
4.646175497897729656e+01
4.587997628333548050e+01
4.522448499499384411e+01
4.456801303094602673e+01
4.384039302354344159e+01
4.314786234942892662e+01
4.243877700376642537e+01
4.180280182546166401e+01
4.120463910359207915e+01
4.067678929437352764e+01
4.018281555881615219e+01
3.973811998420065805e+01
3.930071651348497141e+01
3.889443169985836590e+01
3.847910799354207967e+01
3.809662670549615626e+01
3.772016499986371940e+01
3.738562765910836561e+01
3.708274488294186710e+01
3.682066031724821187e+01
3.658123797529043486e+01
3.636374544453942548e+01
3.615669920669708404e+01
3.596177304263435559e+01
3.578926726512895584e+01
3.563570737818550072e+01
3.550536413260394397e+01
3.539790499300021764e+01
3.532091443042197909e+01
3.528451848026409721e+01
3.527633805920613952e+01
3.531432283357310098e+01
3.537725186889302620e+01
3.548235885279684965e+01
3.560633008312206726e+01
3.578855257279531799e+01
3.599370780981158191e+01
3.626406415379181425e+01
3.657646799593966591e+01
3.689227041692125653e+01
3.724425561475960222e+01
3.759579724356727581e+01
3.797955204365444359e+01
3.835299532192966154e+01
3.874129428870272562e+01
3.910876299906158238e+01
3.948344168814796973e+01
3.983224334534087774e+01
4.018985095143723640e+01
4.052747247906152950e+01
4.086574483573637195e+01
4.117259740545433289e+01
4.145867276704841942e+01
4.171197955745114427e+01
4.195059123409523494e+01
4.217408698153875690e+01
4.238675857680272685e+01
4.259422658157812691e+01
4.278346513015839747e+01
4.295436267877486358e+01
4.310691519214770295e+01
4.324293189380345126e+01
4.336394136010444100e+01
4.347171672725551872e+01
4.356859114364429075e+01
4.365652693967410158e+01
4.373710656335310887e+01
4.381877248311457151e+01
4.390387138900043595e+01
4.399373124948757408e+01
4.406911800087046061e+01
4.410630872987049855e+01
4.408953934928095464e+01
4.404880331307489172e+01
4.395506993980028199e+01
4.385311888401649583e+01
4.372073806358054071e+01
4.359306379462226033e+01
4.343920121186236116e+01
4.327611675453292150e+01
4.306208609617848992e+01
4.284428164753328616e+01
4.259696184744603187e+01
4.236509431586257790e+01
4.213460521987038021e+01
4.192114410357859811e+01
4.170428811110237888e+01
4.149684678868367627e+01
4.127668425077093417e+01
4.104989557239489528e+01
4.084596026175778860e+01
4.064559269551806153e+01
4.046311702532433685e+01
4.029698506171421712e+01
4.014900474334582015e+01
4.001595425906232606e+01
3.989559953846472951e+01
3.978165432601426943e+01
3.968316464522604292e+01
3.958565035625144191e+01
3.949530116344525510e+01
3.940450360263558593e+01
3.932398923405375513e+01
3.924937574466334667e+01
3.918524131236599573e+01
3.912819225538525103e+01
3.907223372109974946e+01
3.902397627578195483e+01
3.898005136086960931e+01
3.894079523508125362e+01
3.890857114138422901e+01
3.888793369461468075e+01
3.887933875330636369e+01
3.887729284990484757e+01
3.888006990895369341e+01
3.888861760670636869e+01
3.890959602856804622e+01
3.893653320516160932e+01
3.898247195983700664e+01
3.903995216349565567e+01
3.912212987017019827e+01
3.921044974261629790e+01
3.931630693669607979e+01
3.944148657215530562e+01
3.956818857346070928e+01
3.970466637307950464e+01
3.983855851779375001e+01
3.998292344272610421e+01
4.011897085671811425e+01
4.026196805933910383e+01
4.039288262496111770e+01
4.052683870970994207e+01
4.064990883785364417e+01
4.076583214682260348e+01
4.087476644715174956e+01
4.098333502716981513e+01
4.107948353587362789e+01
4.117179820010846214e+01
4.125396416587313553e+01
4.133297266771035794e+01
4.141459603856403504e+01
4.149263492577181012e+01
4.156878408882770515e+01
4.163691390754915744e+01
4.169270542414748348e+01
4.173903660330940113e+01
4.177652609015076735e+01
4.180853701844925752e+01
4.183568424007328446e+01
4.185921181576283345e+01
4.187926703953215934e+01
4.189061287685841961e+01
4.189531336522605187e+01
4.189956552695630165e+01
4.189686070031067544e+01
4.189431261260678951e+01
4.188604101562818016e+01
4.186784194219902844e+01
4.184328632394313985e+01
4.181187330466610064e+01
4.177583186907113344e+01
4.171860293189001823e+01
4.165230913650054845e+01
4.156455126462286387e+01
4.147303221872825674e+01
4.136990222894051783e+01
4.127062237431278646e+01
4.116665003545406876e+01
4.106610472534073608e+01
4.095616821671093533e+01
4.084687107123306760e+01
4.073148490029299751e+01
4.060761498438169070e+01
4.048328254450644437e+01
4.034666795438987918e+01
4.021230935290716246e+01
4.007712344614195388e+01
3.994694769889528629e+01
3.981496838830861407e+01
3.969792140450774554e+01
3.958053732882981990e+01
3.947476125455407470e+01
3.937696790701385652e+01
3.929548358098761440e+01
3.922103640851594264e+01
3.914833447804520006e+01
3.907334813484259683e+01
3.899247881706912722e+01
3.892243379507442569e+01
3.885890864607777928e+01
3.881058039807767557e+01
3.877331240773832377e+01
3.873554246650160593e+01
3.869442976001600698e+01
3.865633137617530224e+01
3.861982773848612283e+01
3.859453810544883368e+01
3.858175930270363807e+01
3.856888677496201012e+01
3.855791888541116919e+01
3.854350887001860571e+01
3.853223947905257774e+01
3.852761580869289304e+01
3.852760746111760426e+01
3.853158409672776941e+01
3.853901862949037849e+01
3.854438712038829351e+01
3.854903397175769442e+01
3.856297914025194018e+01
3.858294507837482001e+01
3.862272337650019693e+01
3.867156997939721208e+01
3.874412678333739990e+01
3.882389527431267595e+01
3.892658945399793424e+01
3.903130316474008055e+01
