9.571386589425170954e-02
9.645322416829621437e-02
7.566673910215145071e-02
7.276737944115618806e-02
4.933474156625936025e-02
4.933474156625936025e-02
2.674985273012171066e-02
2.392579999999999707e-02
1.693331938438320111e-02
2.675944244365207128e-02
2.392580646958425775e-02
3.385141823769067387e-02
3.386663438640603180e-02
5.351897459389987066e-02
3.384380768973149767e-02
2.675948092102552189e-02
1.196288909265650485e-02
3.588866767897075372e-02
3.593170826694021963e-02
4.792691980836865512e-02
7.672757211426216306e-02
7.189561342000914956e-02
5.617513232993218836e-02
1.103624326057735111e-01
1.359272931918064087e-01
1.128987474530259438e-01
1.129352380083913504e-01
2.060448811820555781e-01
2.640090592235038169e-01
2.954553485680813107e-01
2.324103439901354928e-01
1.533143804388671649e-01
2.092014064351777336e-01
2.924093355729519006e-01
2.823733443156845047e-01
2.214967990614918891e-01
2.592082679867229733e-01
3.663670312148145647e-01
3.579557080426035154e-01
2.976022953631992651e-01
2.215398240519636242e-01
2.407829461301038421e-01
3.364031739584620873e-01
3.125180079268425337e-01
2.249605100639807953e-01
3.397320185334207210e-01
2.972787692391540837e-01
1.871378837644925019e-01
3.127366744892535189e-01
3.363113422613658865e-01
2.885132290053073478e-01
3.180872630557591285e-01
2.421337457468500098e-01
1.001632857832847057e-01
1.461723266787944286e-01
2.172256464121483654e-01
2.211618311392815894e-01
1.714721296610099144e-01
6.874032856343256781e-02
9.349377202707068180e-02
1.839430577478302076e-01
2.121643516160076071e-01
2.569445918391412564e-01
2.876553852800063371e-01
3.625700075493367702e-01
3.661518331992673625e-01
2.286893914418336171e-01
7.588428490232565493e-02
7.204242702026493472e-02
6.887884386404796722e-02
1.445930153729145240e-01
2.235048072251973328e-01
2.720545708172845689e-01
2.742337812272176989e-01
2.671035633770068030e-01
2.143974911302382880e-01
1.951627283114990563e-01
1.533647589263521238e-01
1.222115192939282752e-01
9.367819232024263143e-02
1.402206182709169191e-01
2.060013143623753706e-01
2.671498514891436082e-01
3.447224454144106054e-01
3.703311833441046974e-01
2.774136586144208549e-01
1.680071426759523201e-01
5.865872865167979372e-02
1.289845572116874173e-01
1.748613056666311061e-01
2.480067574519293216e-01
2.885607052747153345e-01
2.406630820632822132e-01
1.730797179134843100e-01
2.514320304168314868e-01
3.337416271412466662e-01
2.967193787087666901e-01
1.647211691485752361e-01
2.361307088189994186e-01
3.180989319138828875e-01
3.087628954877489895e-01
2.805218396194401609e-01
2.825177839430745297e-01
2.239833662476191922e-01
8.028804467597526473e-02
1.795040029999273035e-01
3.099003172236015624e-01
2.795623684939239073e-01
2.815396660376260352e-01
4.476513729317949108e-01
5.833631350377074254e-01
3.904930372878484546e-01
1.697022216249119142e-01
1.324347348366983479e-01
1.660005354505572073e-01
1.605329710474718008e-01
2.668551097228856195e-01
3.778591658753880367e-01
3.563602805588504396e-01
2.194161240485409392e-01
1.338227525550630126e-01
1.220782106662139099e-01
1.416105864867861219e-01
1.614696525883660416e-01
1.696900749780051176e-01
1.888818685440254164e-01
1.842923365360985277e-01
2.006810851724105671e-01
2.145118777600694138e-01
2.373948966109815095e-01
2.828298946428832172e-01
3.672008227414049197e-01
3.658201649392277544e-01
3.149090262218600111e-01
2.277331519418619998e-01
2.005809372480470976e-01
2.033771742300492236e-01
1.568998013953246951e-01
1.675745119944712924e-01
2.701123783663201827e-01
4.270300962898186947e-01
4.718586203896236175e-01
4.050105734560134896e-01
3.190606922336902684e-01
2.247250767598843735e-01
2.500978001035237264e-01
2.101758611369005381e-01
1.460771387653997666e-01
2.885902394560365125e-01
4.290386741280288185e-01
5.058569196842942484e-01
4.936231839265550758e-01
4.344352050417020772e-01
2.982915301943312447e-01
1.888163922870294831e-01
1.742476151049046351e-01
1.892620591495611793e-01
2.792201158280281925e-01
4.264912803476973990e-01
5.610903069239033814e-01
5.445067561854214366e-01
3.742439806133321945e-01
2.337039925779844374e-01
1.179720039966275363e-01
1.500546161527924749e-01
2.537137744380789095e-01
3.655386901011604128e-01
4.872247908954434603e-01
5.040061718485282505e-01
4.481233296528897569e-01
3.764848849207518833e-01
2.904566363808674945e-01
2.638295854230866544e-01
2.701174236758435154e-01
3.602346900786041473e-01
4.559557504280103979e-01
5.435840520609117599e-01
5.165176206176730345e-01
3.642830744863006509e-01
3.036946481485378047e-01
2.874086818302907242e-01
2.770453393691222899e-01
3.950684773147235540e-01
5.403774402524151865e-01
6.398995240259364170e-01
5.992942229698280387e-01
4.238297876499009242e-01
3.461178318623053807e-01
3.453607172214632759e-01
3.344008825547724051e-01
3.512371792180826735e-01
4.044536012235880884e-01
4.961710601848636215e-01
5.279069427285536520e-01
5.209016592922393052e-01
4.910152021346272933e-01
4.606891594852135507e-01
4.099620351162782672e-01
4.191163303403588891e-01
4.277027502694703553e-01
3.848172711676054458e-01
2.884653503839523792e-01
3.834499706322305190e-01
7.015168245265753777e-01
8.385835831572545640e-01
8.068827084040777198e-01
6.336776984747688468e-01
3.498583784449029177e-01
3.169380664329133346e-01
3.461117235162543548e-01
3.695101249936710297e-01
5.268931817347612956e-01
6.602517907031377753e-01
7.420535990442604923e-01
5.408344968335139225e-01
5.154486237832148765e-01
4.932579158210569359e-01
5.034752934157672444e-01
5.409324979567440295e-01
5.471756049920903919e-01
5.163916738714160459e-01
5.097104925419269073e-01
7.644385198777806645e-01
1.157142378365344060e+00
1.699087921772514553e+00
1.885071017584189157e+00
5.678718220286864682e-01
5.663190638485366968e-01
5.646654453655648442e-01
5.756432451568965769e-01
5.890624307937851745e-01
5.831302705823360188e-01
5.654376417738035121e-01
5.777525757359377456e-01
7.461370922931086502e-01
1.302750273987632212e+00
1.665370567162021587e+00
1.921831838236028211e+00
6.730179015396566822e-01
6.615357175989000638e-01
6.544449591417240697e-01
6.294717570522865291e-01
6.257947680074936736e-01
6.152146186989080334e-01
5.891193053489895970e-01
6.045634933896810725e-01
9.144443448127034246e-01
1.267427891307492116e+00
1.750528896176444249e+00
1.896708255200541648e+00
7.051847541017957077e-01
7.110159097283759166e-01
6.993103440628724021e-01
7.014326881499982624e-01
6.922010773918607640e-01
6.890190671504258235e-01
6.982338547595794420e-01
7.641681897160376158e-01
1.076405692191564123e+00
1.390495869232835080e+00
1.819638768717533273e+00
1.865029436267992224e+00
1.791867765513877275e+00
1.698534636273954401e+00
1.232418392845819222e+00
7.731957747148687776e-01
5.206335790297195176e-01
1.007314026008620189e+00
1.557963369791003583e+00
1.585476483920445823e+00
1.191041936233598886e+00
1.000501372459830396e+00
1.202335900562286453e+00
1.390578249533857003e+00
1.639151852399459930e+00
1.393691515174846796e+00
1.187350697042154346e+00
1.248579167882752028e+00
1.251273324615482574e+00
8.860893808255532189e-01
7.571741948408132750e-01
1.202443664027941228e+00
1.353893671524237785e+00
1.043432732193082080e+00
6.310463422673044942e-01
7.468552968600818964e-01
1.008713448559532377e+00
1.135633213001902453e+00
1.271356346901729051e+00
1.248728632286362883e+00
1.042977698973982070e+00
8.911986966593775650e-01
6.905530786979992008e-01
6.312843357280670809e-01
7.843513958664396490e-01
9.390779238666085993e-01
1.008478917526783203e+00
9.624771661097504261e-01
8.659825815849955255e-01
8.251104897993676301e-01
8.458738653170804200e-01
9.249951912547275112e-01
9.761737771555942800e-01
9.059988498439180971e-01
7.592295855435656771e-01
6.913798096809222749e-01
7.046459990685268737e-01
9.096363143099128745e-01
1.053963994631547996e+00
1.105460180909769274e+00
1.046193257197756132e+00
8.977436063981822922e-01
8.286706421048805060e-01
8.096077346809786857e-01
8.514376705770161369e-01
1.787680745490997314e+00
1.837612527480933400e+00
1.667284345559085112e+00
1.049532025936313895e+00
7.300362148956736075e-01
1.224124316618256714e+00
1.698656530027015332e+00
1.607260812362171887e+00
1.216685306184499105e+00
1.085671604871293550e+00
1.119563206765867402e+00
1.293318810399758600e+00
1.774051100694072458e+00
1.702427184850863195e+00
1.654466861740669481e+00
1.304182776634291496e+00
8.221494462094396383e-01
1.130716884380664977e+00
1.852129088556861536e+00
1.867527806991001738e+00
1.354528188438079983e+00
1.082993291645688139e+00
1.006066415760032529e+00
1.166463372473736992e+00
1.806699094544049977e+00
1.800318137062044244e+00
1.666438875121642793e+00
1.733742509608222848e+00
1.480467499378858465e+00
9.698134405952292258e-01
1.143603037630804842e+00
1.890997697458111748e+00
1.928733573731358897e+00
1.574233468115522561e+00
1.344911293357568649e+00
1.239780754324073309e+00
1.312964251781853386e+00
1.340452946294471426e+00
1.174441147023908449e+00
1.228585233033362201e+00
1.581607105912248956e+00
1.737627594298254641e+00
1.503087868994707366e+00
1.412498977878333228e+00
1.601521168673065043e+00
1.282541659641802889e+00
7.209372093117888403e-01
1.988859936605017920e+00
3.103671240708855805e+00
3.155304477835687571e+00
1.816994298884079928e+00
1.052368697613677684e+00
1.852905205812064748e+00
1.866313015913099616e+00
1.948996334690019649e+00
1.816740082271308454e+00
1.548950657606063430e+00
8.481684033977385795e-01
8.246905008986394892e-01
1.585182961707585436e+00
1.814928853508424034e+00
1.518901152852497605e+00
9.725398759550066830e-01
7.346388242929378087e-01
7.869733064872602712e-01
1.717736138485639552e+00
1.593788766229895071e+00
1.446224415795663187e+00
1.201956982756837489e+00
7.971823319087958382e-01
1.095675152539465236e+00
1.604438978723023990e+00
1.579551970784345727e+00
1.151531365877765722e+00
9.453184539481126469e-01
8.588197322071028372e-01
1.163899587668461688e+00
1.641175197387155782e+00
1.560379437069266295e+00
1.515318481356683789e+00
1.342271745450901665e+00
9.714666361771403524e-01
1.139180281188747923e+00
1.550582256341136222e+00
1.473740694686024755e+00
1.047299740425976733e+00
8.769887726290115371e-01
8.158943498635408131e-01
1.093308018219413702e+00
1.426964371400761156e+00
1.436221318435647376e+00
1.473697344682044941e+00
1.389671353093791639e+00
1.088555892635265643e+00
1.049453921625083996e+00
1.263129701679868822e+00
1.279302410265000134e+00
1.060110032048714235e+00
8.940843116294121540e-01
8.881104574945609675e-01
1.153371509254496274e+00
1.414957680972904752e+00
1.499652702003307914e+00
1.535089659032897069e+00
1.576530514825265739e+00
1.448416682392437593e+00
1.040649759383487361e+00
9.673776294241458462e-01
1.233116970221683983e+00
1.297764668739060712e+00
1.178239900534703066e+00
1.063974519928714280e+00
1.088830503431497565e+00
1.229490298210164312e+00
1.305278412180609804e+00
1.318907463547281944e+00
1.273629230513825483e+00
1.193249900901951932e+00
1.149956639361674915e+00
1.052563423749025562e+00
1.039720946941878443e+00
1.074580966095445955e+00
1.083348091468602670e+00
1.078113751278945154e+00
1.085162042903067503e+00
1.144439575757396410e+00
1.192855699929547653e+00
1.245952492953631419e+00
1.241733276830044641e+00
1.187778519527701082e+00
1.146800820890103045e+00
1.117805189296658508e+00
1.120659771687736228e+00
1.132756451523045715e+00
1.356762733833630330e+00
1.294393008760203800e+00
1.221775047429858319e+00
1.078242055086698903e+00
9.894969219209956979e-01
1.080457349124665622e+00
1.234067629071902372e+00
1.310394052059788317e+00
1.253202278489419674e+00
1.128633444860540402e+00
1.100944187013188191e+00
1.136205256014896303e+00
1.313414179094327672e+00
1.319945678742815653e+00
1.304306186373759280e+00
1.209345557632978574e+00
1.130068762151203332e+00
1.077085544752841129e+00
1.136445165446150485e+00
1.240111690748654238e+00
1.218783760683510797e+00
1.068272219455877137e+00
1.027361466398047707e+00
1.112837202058835073e+00
1.252377930557740271e+00
1.233165092046945688e+00
1.210762177538020845e+00
1.159914445420505924e+00
1.136237903415606487e+00
1.177318704221250734e+00
1.191794351995595802e+00
1.152599382903853664e+00
1.127169596651853567e+00
1.118193768960344281e+00
1.087529430245471662e+00
1.113032448423352694e+00
1.160902220375610527e+00
1.173458798820985027e+00
1.224977446478852539e+00
1.235629495840266046e+00
1.178426697872039686e+00
1.126566004244925701e+00
1.106032035093097887e+00
1.110202897345831774e+00
1.102110982564635133e+00
1.133886746935606649e+00
1.219086846134462165e+00
1.244443650066426432e+00
1.152302872533171429e+00
1.126851290469773614e+00
1.111503942682483759e+00
1.122783597866430449e+00
1.187066733111482808e+00
1.223676023671163460e+00
1.206655453486230378e+00
1.172372857913361655e+00
1.129556406021066772e+00
1.111549225915481776e+00
1.120190358262217245e+00
1.151200985563019641e+00
1.189223116997448981e+00
1.190394634700181475e+00
1.150655187537912738e+00
1.102349794012832618e+00
1.096876579890891046e+00
1.109701480703548571e+00
1.143184026919807250e+00
1.201491515369297325e+00
1.203131118573068203e+00
1.168914501288148111e+00
1.142032703958242079e+00
1.098312982928290937e+00
1.103672702638500036e+00
1.126267426530329852e+00
1.200017567425202047e+00
1.211737579279853927e+00
1.192335845917742443e+00
1.154265129154952829e+00
1.102482288659236254e+00
1.115106871615531237e+00
1.177896360517122876e+00
1.214870253693193902e+00
1.210587865183977874e+00
1.191867678219830085e+00
1.135924408517678730e+00
1.098973913803418245e+00
1.082266222370758424e+00
1.234070405096671763e+00
1.257776286766991269e+00
1.249523634420883766e+00
1.201443458055206692e+00
1.135973502315896111e+00
1.096600972235975080e+00
1.089824869852164202e+00
1.103684600127274873e+00
1.110215097916533500e+00
1.087271386026067432e+00
1.050459411846042412e+00
1.038974589786007652e+00
1.063691811245567553e+00
1.176434668726837662e+00
1.160390504611642060e+00
1.142019418407975939e+00
1.149866588094845765e+00
1.186534207892971926e+00
1.224303930642671956e+00
1.233249725767002314e+00
1.182178241496986804e+00
1.108927730760194130e+00
1.006858553075975049e+00
9.782015740962269890e-01
1.026817322576613067e+00
1.089231148112951075e+00
1.171983266676857927e+00
1.192141392493525132e+00
1.178603075741249784e+00
1.172048539731594063e+00
1.284673225845554656e+00
1.353759913515514057e+00
1.326610174799733421e+00
1.217555488627295235e+00
1.140309889732349369e+00
1.060248371392761291e+00
1.041137403515028925e+00
1.039505092256626684e+00
1.028237989408934849e+00
9.907998423034841684e-01
9.802605087197598932e-01
1.018637710253739392e+00
1.077926597223023197e+00
1.318916499371864059e+00
1.331074803581307364e+00
1.260291263568348530e+00
1.152213790047198705e+00
1.097429898477605859e+00
1.076351955161828799e+00
1.105086982888025426e+00
1.104800913083057834e+00
1.053783443944652731e+00
9.457060512664515750e-01
9.216533980628741629e-01
9.798808080956225020e-01
1.063692293778349285e+00
1.372444361250404699e+00
1.376786005999296458e+00
1.292745978836854270e+00
1.195373273566730843e+00
1.130299511198412432e+00
1.072001360981321705e+00
1.061692877930851209e+00
1.046439996859451771e+00
1.005002609849671158e+00
9.269570764362522475e-01
9.296394937043974682e-01
1.010526013399003276e+00
1.082623120288246810e+00
1.372471503430860551e+00
1.435422910784429407e+00
1.393335865943288177e+00
1.323788535789435672e+00
1.285450301915671112e+00
1.178898462656161161e+00
1.064066942555104589e+00
1.048880864224489118e+00
1.121459450565277960e+00
1.097959099337709965e+00
1.007176924444505017e+00
1.033743951109872272e+00
1.155053139822540764e+00
1.296406985046482996e+00
1.530338968320049231e+00
1.578835132809567776e+00
1.436270617262031868e+00
1.256079694336006636e+00
1.084166654453958989e+00
1.044922791588000610e+00
9.400320193826924298e-01
9.504766184149805452e-01
1.048994399221485407e+00
1.115160043344294971e+00
1.110849687071359781e+00
1.168074083469268443e+00
1.308081407332208013e+00
1.872189310476386925e+00
2.195177449353156618e+00
2.403656606880158364e+00
2.320658312695330849e+00
1.984330450171404303e+00
1.802795475512699142e+00
1.791180760999183663e+00
2.225377182534775233e+00
2.661410623833632361e+00
3.401495589387198315e+00
3.887577516234731245e+00
4.503212843901638784e+00
2.425907162314110632e+00
2.377314889578742818e+00
2.278539708218088489e+00
2.029310498394728324e+00
1.880474677048600940e+00
1.732701399222569494e+00
1.699510579934179200e+00
1.741507021780595688e+00
1.782901061020554678e+00
1.807250791116232991e+00
1.699562175646754714e+00
1.577716984409878398e+00
1.486957363047239467e+00
2.023061879718158984e+00
2.241088989995366099e+00
2.322983735812155892e+00
2.249155764747353015e+00
2.088846732063815548e+00
1.835393686326609375e+00
1.701704489401629328e+00
1.629310021285494958e+00
1.656046229537086356e+00
1.726146160092397741e+00
1.649885457197477923e+00
1.532717660541369709e+00
1.443607492466359332e+00
2.279303458873668919e+00
2.453047302709961297e+00
2.377159325385113764e+00
2.075983015715369806e+00
1.890554574535125765e+00
1.733122262308545158e+00
1.710257974934191072e+00
1.791354698570847059e+00
1.888914730384084528e+00
2.040132647626464735e+00
2.105295656185622200e+00
2.206068464648111682e+00
2.311718794279503442e+00
2.386527332939825552e+00
2.449343671536389433e+00
2.434769415159934614e+00
2.381824479462489652e+00
2.432479587902229845e+00
2.850997716670045090e+00
3.380604126438854440e+00
4.389956521674246659e+00
5.059629443897384782e+00
5.844070413089951899e+00
6.231095283802082996e+00
6.764846041540135246e+00
7.255714441159823558e+00
8.267553064158354559e+00
9.083871808826584626e+00
1.029256675890777828e+01
1.100223724158822591e+01
1.189496699600495688e+01
1.246451379356853550e+01
1.344427542573025214e+01
2.457980865517111368e+01
2.515173618791456889e+01
2.527845472739813459e+01
2.504490344176028671e+01
2.458710664335795215e+01
2.443244811945938721e+01
2.469508379269949927e+01
2.522037486842453191e+01
2.661474539877621126e+01
2.797931893023093508e+01
3.068894295287644525e+01
3.288621331667599890e+01
3.653690349265304604e+01
6.135902963486269357e+01
6.189475909226830197e+01
6.168348774769660281e+01
6.116385092342484597e+01
6.047168099895973370e+01
6.033945064218698917e+01
6.167006095666494758e+01
6.365341799921375809e+01
6.546461632447108059e+01
6.884956526034328306e+01
7.134793943042870978e+01
7.489785011392882552e+01
7.677661846150535041e+01
7.829886354842166440e+01
7.833399861617755278e+01
7.708690297930543522e+01
6.574927747303149772e+01
6.389985907821090194e+01
6.120486053460353304e+01
5.960182587165293455e+01
5.781596484809926295e+01
5.717526779974551232e+01
5.682883861007473314e+01
5.664227960115838556e+01
5.562395402774680520e+01
5.414711166133380260e+01
5.085319239343972697e+01
4.836731743128459016e+01
4.504398272268516479e+01
4.336179965445418105e+01
4.146975242011323814e+01
4.033728589201501080e+01
3.837347503588907927e+01
3.682576729263062987e+01
3.441634885424287660e+01
3.291737549996054923e+01
3.098437175482763806e+01
2.983984320432082882e+01
2.815890132680863189e+01
2.642145028166674692e+01
2.528817677640649819e+01
2.379091219532218560e+01
2.292537452698657674e+01
2.167036001239400633e+01
2.075910479887401294e+01
1.915302443333198568e+01
1.801289127221293640e+01
1.642032472792499576e+01
1.556114411792336760e+01
1.462711187044664207e+01
1.419118107499555492e+01
1.366332300569382063e+01
1.335271996549032636e+01
1.294738660421685239e+01
1.275419229149905931e+01
1.259684292289067997e+01
1.257300240406280167e+01
1.253058251740808160e+01
1.244133602673117167e+01
1.221835938158581136e+01
1.207501242861658497e+01
1.185975500879191813e+01
1.163798345925586020e+01
1.149529672009404813e+01
1.106199095283122880e+01
1.072112630261172583e+01
1.038324932468957051e+01
1.037480452209504733e+01
1.067737343938902228e+01
1.104074939182845938e+01
1.161223906258990368e+01
1.196901494247208753e+01
1.244401500697401630e+01
1.273966755698038789e+01
1.314488532933719434e+01
1.343880742543888296e+01
1.385933719737290204e+01
1.412530011799553264e+01
1.590486753270751663e+01
1.590343263253978989e+01
1.592606881534782381e+01
1.594867988533505354e+01
1.596923127555550614e+01
1.598890649502791916e+01
1.601137596708088040e+01
1.601060784191917818e+01
1.601455469009426835e+01
1.602205134253148699e+01
1.602740844866950098e+01
1.605865528433310985e+01
1.603821119720422672e+01
1.593080261944328413e+01
1.577928301118690513e+01
1.545417591769704302e+01
1.519418913540664384e+01
1.480486580966334742e+01
1.454503595037633090e+01
1.419902918467677466e+01
1.396638388775797779e+01
9.932967473546929327e+00
9.923554834492883003e+00
9.920482970284963287e+00
9.900164810747497768e+00
9.880102456621431273e+00
9.883228513476982613e+00
9.909803190769531867e+00
9.896344311165893970e+00
9.874629807969181883e+00
9.858217132676097449e+00
9.866174235497656042e+00
9.927034705293628747e+00
1.010632131585715143e+01
1.025905716263857315e+01
1.057888720179904141e+01
1.078000479979567139e+01
1.108122253746920904e+01
1.128420570697232073e+01
1.155955076592550057e+01
1.177589304188548880e+01
1.217515895476157795e+01
1.243933064813463396e+01
1.281350737340424750e+01
1.300101017609040355e+01
1.319082637482846643e+01
1.330532208777448311e+01
1.353256846739991381e+01
1.376343118478976990e+01
1.416576555386792613e+01
1.443481395909532772e+01
1.474159737374002788e+01
1.492746895269400476e+01
1.502838879578253284e+01
1.517455470450660826e+01
1.450340780826753218e+01
1.450086541755334579e+01
1.454686489837495600e+01
1.454473083052078586e+01
1.454260545890858403e+01
1.447151528040300938e+01
1.443020182147562558e+01
1.440292562196842319e+01
1.440915375193456782e+01
1.445130580092661532e+01
1.448111028852259174e+01
1.445325929992131542e+01
1.441076214575218728e+01
1.427844080012887851e+01
1.417427430988746373e+01
1.400040410955984349e+01
1.388679715674574133e+01
1.368094960362676815e+01
1.354260745199966287e+01
1.335666556639151104e+01
1.322709571658000449e+01
1.127609010515853782e+01
1.127609867836281587e+01
1.126988153952180127e+01
1.126988153952180127e+01
1.124796098254304333e+01
1.122605379796527636e+01
1.124796098254304333e+01
1.129632022747767905e+01
1.134819305554753655e+01
1.146781701396487918e+01
1.153745573777276157e+01
1.164506655987052142e+01
1.170922131873242122e+01
1.178778225764724574e+01
1.186672726620388296e+01
1.198800084995869852e+01
1.213145800435454369e+01
1.242592591060100560e+01
1.262169134630162759e+01
1.288669000359352346e+01
1.299837258191380940e+01
1.354140610560535052e+01
1.354410752004799079e+01
1.354683224302247169e+01
1.354625753844833014e+01
1.354182811177038026e+01
1.353852481848500844e+01
1.353964675794887107e+01
1.356645250869439145e+01
1.364042035366372829e+01
1.380831869128134493e+01
1.398377849882602142e+01
1.426365907139433276e+01
1.444956868655183690e+01
1.463726669921198997e+01
1.468955512897326443e+01
1.466652836500757573e+01
1.464369591000147430e+01
1.463218858680354195e+01
1.462325427842177739e+01
1.455553673642599399e+01
1.447856432345635724e+01
1.435448169627806791e+01
1.429412714618840319e+01
1.426474742282379360e+01
1.425328754094643813e+01
1.418801345006535541e+01
1.410811419853120086e+01
1.395490995934628664e+01
1.386676593850565276e+01
1.376868456738077917e+01
1.367883378635839797e+01
1.354959773224360298e+01
1.054848993616728947e+01
1.057039820400147434e+01
1.057476436111747375e+01
1.057475097739692593e+01
1.057477540115640480e+01
1.057261223100598535e+01
1.055069357075720227e+01
1.053523116429006024e+01
1.053089348013797633e+01
1.057278504857384505e+01
1.072866706827343108e+01
1.091292451752057069e+01
1.116662474413020689e+01
1.130863546737598035e+01
1.146363486449636859e+01
1.159837673973680339e+01
1.172482920873815715e+01
1.205363343648433627e+01
1.231013146847526762e+01
1.272157435338085740e+01
1.295192502303561355e+01
1.370988317894267716e+01
1.368669366480527927e+01
1.370866633487812969e+01
1.370745852864684089e+01
1.370626478125316794e+01
1.370626478125316794e+01
1.373455636409453184e+01
1.378860506310394562e+01
1.392390480134951858e+01
1.410995830629010683e+01
1.449936297607623636e+01
1.480200038859921285e+01
1.518377188722944560e+01
1.534628572676130354e+01
1.540958785741234749e+01
1.537607931054250443e+01
1.535096350108003982e+01
1.532120302728719885e+01
1.526946444064827801e+01
1.518457044146733814e+01
1.498656273934208549e+01
1.483646011672129283e+01
1.458005729956454388e+01
1.445853788597013079e+01
1.427157793535943320e+01
1.412573991749522762e+01
1.387845130084338230e+01
1.365126541286349848e+01
1.331093051129227867e+01
1.309854312531037834e+01
1.281638259683652770e+01
1.260019021864114563e+01
1.248602498642314984e+01
1.229606135112265974e+01
1.218240413569817626e+01
1.204825073264225921e+01
1.194557044314192673e+01
1.180706178362102321e+01
1.170686279391751583e+01
1.150657986928690590e+01
1.140197713102520538e+01
1.103664823193605038e+01
1.105657642901893922e+01
1.105471801976938906e+01
1.103098279572530238e+01
1.096378808496806201e+01
1.093830401061747537e+01
1.093922065502660068e+01
1.098737325640940377e+01
1.116913801386922067e+01
1.137509040522111547e+01
1.174232715905231039e+01
1.202055965372385060e+01
1.240064640985824873e+01
1.259022006995544807e+01
1.283323327371501144e+01
1.297498708402840784e+01
1.318949289455398244e+01
1.337631261565920582e+01
1.371947326102709575e+01
1.408142007627376024e+01
1.431167259412529802e+01
1.435601038288432996e+01
1.433296789900021651e+01
1.432985696830818689e+01
1.430997054481534292e+01
1.433298902335038782e+01
1.433301018363702539e+01
1.433758933779639300e+01
1.436598615663420375e+01
1.445410671272939673e+01
1.461173914091233961e+01
1.497139009854718950e+01
1.524869878805916024e+01
1.560547435800800464e+01
1.573534933180923368e+01
1.571116975123640636e+01
1.559209888550476109e+01
1.537875259399998917e+01
1.528936924517602236e+01
1.520417665028573673e+01
1.514459082988390826e+01
1.499836438016718176e+01
1.177331875952713958e+01
1.177331875952713958e+01
1.179548823337642283e+01
1.176915288126217085e+01
1.176502342996908901e+01
1.174890723478386434e+01
1.175495515909004318e+01
1.175918938562524296e+01
1.176597522757938741e+01
1.180333984875059983e+01
1.186683045745161280e+01
1.199673661665319102e+01
1.209082883433298683e+01
1.219116772427634388e+01
1.220473507141837999e+01
1.219504053945974320e+01
1.219771607686843318e+01
1.229452831792785616e+01
1.240967228567269665e+01
1.256346582674536094e+01
1.268185537737277180e+01
1.282760344478738723e+01
1.290671164000690219e+01
1.303047785773404676e+01
1.311161711884486714e+01
1.325595466691470925e+01
1.335595969869930677e+01
1.350543204037341383e+01
1.306967715696519150e+01
1.302354228628882638e+01
1.302634982410675946e+01
1.304779727209024642e+01
1.304902187100224609e+01
1.304902187100224609e+01
1.302916536993967256e+01
1.301791948675715282e+01
1.307269860219147795e+01
1.314659227703419297e+01
1.337441619639800017e+01
1.355369351656779209e+01
1.375293530289332544e+01
1.380060089939071055e+01
1.366090594836633088e+01
1.349890899995059002e+01
1.325131939634752776e+01
1.316673259501109250e+01
1.321185876898712941e+01
1.330463660112746460e+01
1.336887009709323948e+01
1.227503218278128116e+01
1.225206783275036315e+01
1.223181041168293959e+01
1.220549703735281177e+01
1.217873549929220722e+01
1.217603204366793079e+01
1.220280054496550370e+01
1.221436012902916879e+01
1.222330473823895680e+01
1.225819761482514991e+01
1.232518094828059851e+01
1.244147790129253828e+01
1.262180521323093885e+01
1.274158447889837298e+01
1.287043435929216173e+01
1.295309241696171654e+01
1.305235162301386076e+01
1.315352559489736528e+01
1.330719138414526270e+01
1.339928217444640346e+01
1.348649390971920425e+01
1.341981074709772059e+01
1.342272379800915338e+01
1.344867259122063885e+01
1.344729235047864613e+01
1.344300309210553124e+01
1.336676775133290107e+01
1.332199780024928693e+01
1.329038055814931596e+01
1.335039105104313251e+01
1.347598717632246412e+01
1.372843725218719335e+01
1.393630619518024361e+01
1.413853732626701287e+01
1.421078499189434474e+01
1.419477686719797838e+01
1.413626581840981267e+01
1.409435824031401197e+01
1.411296511886490279e+01
1.415455828070460242e+01
1.417924329673311590e+01
1.412973101701139989e+01
1.403292649626406430e+01
1.386177789507955005e+01
1.376788202399037075e+01
1.365132512572775703e+01
1.355877141460939939e+01
1.342237469056247967e+01
1.330661950033160501e+01
1.315151557497700097e+01
1.307036650195402849e+01
1.296846755050535904e+01
1.288379937219962557e+01
1.271420540402663057e+01
1.089329274462243369e+01
1.089326745740889990e+01
1.089429882291851648e+01
1.087065638766324760e+01
1.082458861000824690e+01
1.080106911632117495e+01
1.077848446413795713e+01
1.078340963562938981e+01
1.083318620896213780e+01
1.092841875411411756e+01
1.115884512985427612e+01
1.136644103072503675e+01
1.169870245568706757e+01
1.190287737150074676e+01
1.218724406565494434e+01
1.238459104599199989e+01
1.249762991333506612e+01
1.273372058056742873e+01
1.292666759798994924e+01
1.323625796797118781e+01
1.341776418700115059e+01
1.362590382558039437e+01
1.371015567826771431e+01
1.377673676782383083e+01
1.384460874942413966e+01
1.399798793534433194e+01
1.415056115449416296e+01
1.438565661503127124e+01
1.451463541760558407e+01
1.463225577623700424e+01
1.466985290731759761e+01
1.467822044589876285e+01
1.467329020409493801e+01
1.467374572628607687e+01
1.467739811267552241e+01
1.463459892873639845e+01
1.458405439766712242e+01
1.447516339736278468e+01
1.437368136601344126e+01
1.419900860742788673e+01
1.405919897449904532e+01
1.357828394159738750e+01
1.345659336871591272e+01
1.334037945029852068e+01
1.325832344382078176e+01
1.311643464436889062e+01
1.299110665006054077e+01
1.276483053235426190e+01
1.259705541541902996e+01
1.235789872681510460e+01
1.223993561672679142e+01
1.206575819484048040e+01
1.198634343768990362e+01
1.189097949240372287e+01
1.187495160678607675e+01
1.183458998576461774e+01
1.178253412820091128e+01
1.172585867420259120e+01
1.169369194012317692e+01
1.169125938376155283e+01
1.171739383080836205e+01
1.175635475124643214e+01
1.178498981860464845e+01
1.179817612353776823e+01
1.182769145747346151e+01
1.191314414716933889e+01
1.204351345924062500e+01
1.214453705505260572e+01
1.227538614088276958e+01
1.234616644476649761e+01
1.247385197958177905e+01
1.257355058634414569e+01
1.273707533173957707e+01
1.286315809736030680e+01
1.306119535091643868e+01
1.317534139836789109e+01
1.331647112646429321e+01
1.339403897822136891e+01
1.349682558813941036e+01
1.354734522787660467e+01
1.365746448950305236e+01
1.374038509371363403e+01
1.386955323513076799e+01
1.393758992448473677e+01
1.399562473894672365e+01
1.394064597784673865e+01
1.379424888494514612e+01
1.368195959202112988e+01
1.360907023901036261e+01
1.364757811388157727e+01
1.378351057773149257e+01
1.388948650575187749e+01
1.389730068170575628e+01
1.378993924160815787e+01
1.370280764732810219e+01
1.356426884082892670e+01
1.351593475247859111e+01
1.348731446975272874e+01
1.346243792280932361e+01
1.340353856630634866e+01
1.336455493184483245e+01
1.205428655582980113e+01
1.203130685916484666e+01
1.203130685916484666e+01
1.200823479262102289e+01
1.203130685916484666e+01
1.203132511300608520e+01
1.203878942257559537e+01
1.205044387379643034e+01
1.209310732655835530e+01
1.213785048033986413e+01
1.228082050440919559e+01
1.244433490515487506e+01
1.270721093882646535e+01
1.286220769546488008e+01
1.300823096740341001e+01
1.300441513313017161e+01
1.299011957007051699e+01
1.294677341128284631e+01
1.297145857528822610e+01
1.306241604903119935e+01
1.316299911886970619e+01
1.328074941374545404e+01
1.282473161360081804e+01
1.277743719501371444e+01
1.278016125657623192e+01
1.278014163805199921e+01
1.280059606020135554e+01
1.284702173944187820e+01
1.284704145636955452e+01
1.286262879008121907e+01
1.290571669493751372e+01
1.302114664224436424e+01
1.317907279001888021e+01
1.349129092614917980e+01
1.372514946964406590e+01
1.399454285970162815e+01
1.408045883273907251e+01
1.403343103221929766e+01
1.395411793203099649e+01
1.381742608302170439e+01
1.378651153086991954e+01
1.386006074682301836e+01
1.392323913677956071e+01
1.400468870361789797e+01
1.230545799736741408e+01
1.227729838331324075e+01
1.223126577184041608e+01
1.221233929242518990e+01
1.219435877920167322e+01
1.217138924357106511e+01
1.219436602987312490e+01
1.219849950284267237e+01
1.223732955837690106e+01
1.228083691839680647e+01
1.243391249321100922e+01
1.257054541363380729e+01
1.277287958168031068e+01
1.286122391113214647e+01
1.287487430586864789e+01
1.282127848208168786e+01
1.275217634957623325e+01
1.275500645232711960e+01
1.283266239773890227e+01
1.290743981801926665e+01
1.295178037245805314e+01
1.298383598571533781e+01
1.243412613486935037e+01
1.243414667201947488e+01
1.243412206000877873e+01
1.245744691429484519e+01
1.250408811319218927e+01
1.250408811319218927e+01
1.250472798519279216e+01
1.246769579971103958e+01
1.246580211001004557e+01
1.253831551344992157e+01
1.278883513662677807e+01
1.300265719923197771e+01
1.335750714250414362e+01
1.355566941912572432e+01
1.368471926138537142e+01
1.369422771144704676e+01
1.363596348717688755e+01
1.357659489510931827e+01
1.352469940549459970e+01
1.353791233355766899e+01
1.359287987309301293e+01
1.366057717909913727e+01
1.374539453478401363e+01
1.376275678049373496e+01
1.376738809078590897e+01
1.375476526580177783e+01
1.370409936281467722e+01
1.369782643472844796e+01
1.368237964638527160e+01
1.364078977524976466e+01
1.359490751478054626e+01
1.345887276280655698e+01
1.331482257144537584e+01
1.329787520280241786e+01
1.321574801301327895e+01
1.312281169070165454e+01
1.305798473885109878e+01
1.302811737954165139e+01
1.298098039651877755e+01
1.291452773584639324e+01
1.270765396518145707e+01
1.259107121985816669e+01
1.250408940093025301e+01
1.250419592812221481e+01
1.257252540090350124e+01
1.259876749606298674e+01
1.252789090803822347e+01
1.243200951123390929e+01
1.225636135519694569e+01
1.219202566316998926e+01
1.219383493190240131e+01
1.225163143312743941e+01
1.225472395925532076e+01
1.217088251317999870e+01
1.210451279134029434e+01
1.195096421581765256e+01
1.190882833967667409e+01
1.192605464774120705e+01
1.200343941451595953e+01
1.212076209594020249e+01
1.218297004946301065e+01
1.226931921116595170e+01
1.232023423336224077e+01
1.242636935786603836e+01
1.247950369703623430e+01
1.254774344009272191e+01
1.256018089818474692e+01
1.261311215601312519e+01
1.262973828203350557e+01
1.269642372171167644e+01
1.274641146491427079e+01
1.285008104255535955e+01
1.263859891669709867e+01
1.261270023843137267e+01
1.258888183680429407e+01
1.256539892844715922e+01
1.258911376663553305e+01
1.258935800187909848e+01
1.259397680827502342e+01
1.257573621631927452e+01
1.257350829541182158e+01
1.257591640061955829e+01
1.270487760607523597e+01
1.289231802802939164e+01
1.323044104837987689e+01
1.349025467527940236e+01
1.377770590500058923e+01
1.389450101079394351e+01
1.396912494949083516e+01
1.398269993714619552e+01
1.401480344008816381e+01
1.405935738119669409e+01
1.413017070344367276e+01
1.414197549417001554e+01
1.416008798051719531e+01
1.415262276702906519e+01
1.417351669447636731e+01
1.420942124159721409e+01
1.421299847784808001e+01
1.413963506175280571e+01
1.406138886344720262e+01
1.388743603561103690e+01
1.378877754615462159e+01
1.364446598161804403e+01
1.354693148652967238e+01
1.342292315023567717e+01
1.134094033318739747e+01
1.136516939327005460e+01
1.138951161669904266e+01
1.134607805973990402e+01
1.132300406577892105e+01
1.132470509313845319e+01
1.132990044703936761e+01
1.134219744390852824e+01
1.138742957814215906e+01
1.143874420056807750e+01
1.159769489062990644e+01
1.178916616690790420e+01
1.210042965434062445e+01
1.228989250973636516e+01
1.249068066338288219e+01
1.250587571460735603e+01
1.243535622678861685e+01
1.237006060868529467e+01
1.236139328309390173e+01
1.242655623991269564e+01
1.263211170123589788e+01
1.279034513500802461e+01
1.279104323699540835e+01
1.281700566291353383e+01
1.281698166407258377e+01
1.277292303490334824e+01
1.274700298208983718e+01
1.274703162314867200e+01
1.277353803187893355e+01
1.282729790404862591e+01
1.288434613467516776e+01
1.298286397048891594e+01
1.318111670495506615e+01
1.336960953116351192e+01
1.367430946400465075e+01
1.389111897645459059e+01
1.411698134647081737e+01
1.420187467991781105e+01
1.416690563973571493e+01
1.409453626354926037e+01
1.400536897430110628e+01
1.400800513804361280e+01
1.405827456921556617e+01
1.412643785868316471e+01
1.258211043549038344e+01
1.258211682264006193e+01
1.258141721569402804e+01
1.255884887036077302e+01
1.253548273407092495e+01
1.253882136221836952e+01
1.256554651181722448e+01
1.260135313322669504e+01
1.266721963939871110e+01
1.278359041775061655e+01
1.287438617467634394e+01
1.308911552643466258e+01
1.322326977091607958e+01
1.338732843869997069e+01
1.346199126637872112e+01
1.344218390717944089e+01
1.334786278808176796e+01
1.325005339035564056e+01
1.315676090682482346e+01
1.313699715263887846e+01
1.315730916644277038e+01
1.208512190415887133e+01
1.213168626689548724e+01
1.213168626689548724e+01
1.213257069594530790e+01
1.211181782342403324e+01
1.208945322870221339e+01
1.209201270147691609e+01
1.208025964084986192e+01
1.209572773707929727e+01
1.215691434561738049e+01
1.229036400962043807e+01
1.254155340294093079e+01
1.276575450224943076e+01
1.300831353542979407e+01
1.305348790732982600e+01
1.293346902667996545e+01
1.275079522036170943e+01
1.251842848335089542e+01
1.244182245324169678e+01
1.254563537223785197e+01
1.280944072698959779e+01
1.296661930446644995e+01
1.307014281718091908e+01
1.306467293452871026e+01
1.297776044337734724e+01
1.295908591164600665e+01
1.304274764719549751e+01
1.313023739763911557e+01
1.326012560506528892e+01
1.327381509781891289e+01
1.325613084484691306e+01
1.322377166472059784e+01
1.326823947010082350e+01
1.331595797657147173e+01
1.339232365561775850e+01
1.341666034304715360e+01
1.335013383770867890e+01
1.328453473454253952e+01
1.320213118953579112e+01
1.318291913569825624e+01
1.318467259704684835e+01
1.317986121034170566e+01
1.312739622364146364e+01
1.303392368239258836e+01
1.290453116322538563e+01
1.282410033959355466e+01
1.282702680488688429e+01
1.282454703410295593e+01
1.281568010219272047e+01
1.278494491181919912e+01
1.271538175419910566e+01
1.261069261655926610e+01
1.255011190757421069e+01
1.251883944763347323e+01
1.252571084833157045e+01
1.254912716865508848e+01
1.254503070270602549e+01
1.251438180753715912e+01
1.249156850063674007e+01
1.247775915862688123e+01
1.248916778072499767e+01
1.253301813108453366e+01
1.256653019791465553e+01
1.258814088303122247e+01
1.260330862233520222e+01
1.258618874174737101e+01
1.258230650919012739e+01
1.260384739967154033e+01
1.265387005948230481e+01
1.267444276515809065e+01
1.269379269079084516e+01
1.269130428527765808e+01
1.274288211489220934e+01
1.279964390335660696e+01
1.290534254592341235e+01
1.297497271625728921e+01
1.303181781295196018e+01
1.301820318609767924e+01
1.300024521558920476e+01
1.299667165216999898e+01
1.303112753337391538e+01
1.304094600386035196e+01
1.301800831760009558e+01
1.293783806802197844e+01
1.282023103009704812e+01
1.275819287070580366e+01
1.276748923547709325e+01
1.283762123692036461e+01
1.298192637858415743e+01
1.303347847257745684e+01
1.307795135433159750e+01
1.305375778853234792e+01
1.298128062877437294e+01
1.293762796424958239e+01
1.292755225963581189e+01
1.304242873156374394e+01
1.307872154133445797e+01
1.308132489440995627e+01
1.305649152088034093e+01
1.300250468855352715e+01
1.290065096661801824e+01
1.283168753589445465e+01
1.277053144657168104e+01
1.278320004235971297e+01
1.284505667549258057e+01
1.292086426586787873e+01
1.301237114538415796e+01
1.305638427448890404e+01
1.303750635813191394e+01
1.302373740555836079e+01
1.294467824970567627e+01
1.287814991583474011e+01
1.280428524296537418e+01
1.279460242228862832e+01
1.277947551024390549e+01
1.279605951830360056e+01
1.170070352682990666e+01
1.170151245473549118e+01
1.172562308698049094e+01
1.172564306301952364e+01
1.172484352482956815e+01
1.172484939475783250e+01
1.172816869395437323e+01
1.173569299684242928e+01
1.180227855468404208e+01
1.189458631884136253e+01
1.214660233503089692e+01
1.238355370466043048e+01
1.278198183406705724e+01
1.304108818575367934e+01
1.332095738789985262e+01
1.343597187262213666e+01
1.355711294813313472e+01
1.363187769498499513e+01
1.375328294739003177e+01
1.384648180827981534e+01
1.395671926888518399e+01
1.401793819668787755e+01
1.408641068207983871e+01
1.413535553804929101e+01
1.416249653047609058e+01
1.415885812345656802e+01
1.412578057187938185e+01
1.405847730233754689e+01
1.399736600406409437e+01
1.391320363703760599e+01
1.386087351514997223e+01
1.377325732705895689e+01
1.371491700553489501e+01
1.362618779073277686e+01
1.355078410875164252e+01
1.182407938526123914e+01
1.180091595593154707e+01
1.180197714718003610e+01
1.180198357963922007e+01
1.180306328992074327e+01
1.180689461912020555e+01
1.181463664230155963e+01
1.183156701202929462e+01
1.186253722594486959e+01
1.191428169405495119e+01
1.210474444151965123e+01
1.227137913666740765e+01
1.257697698513326579e+01
1.274356606817455706e+01
1.286174779521074818e+01
1.286534111184406015e+01
1.281482242523279069e+01
1.282445829040760010e+01
1.294533709747675232e+01
1.307360770300619635e+01
1.326942589524293226e+01
1.265481366526833895e+01
1.267827376667116468e+01
1.267827376667116468e+01
1.270163812241012913e+01
1.272502010221404412e+01
1.272502404937102050e+01
1.275253157461714970e+01
1.278884021137941751e+01
1.284329515488173001e+01
1.294752619451352693e+01
1.325322708605887811e+01
1.352940253221471067e+01
1.395142195654665507e+01
1.417235068357518735e+01
1.429620194950931733e+01
1.427146932765139198e+01
1.421442096056612847e+01
1.417491612100592668e+01
1.424299639977981080e+01
1.430418807106704193e+01
1.438906623674484386e+01
1.286207107544454686e+01
1.286207107544454686e+01
1.286207526538559165e+01
1.286207948631015796e+01
1.286207948631015796e+01
1.286208036754833195e+01
1.286536609444837964e+01
1.285049651932668624e+01
1.285842140721063664e+01
1.291726271403575055e+01
1.305911428536393615e+01
1.317784664364687508e+01
1.337700613294350660e+01
1.348174227789113466e+01
1.352693881585504521e+01
1.347251151742659481e+01
1.331090870250201341e+01
1.322224138443762875e+01
1.314453368918962362e+01
1.315009054411746447e+01
1.321684566527147453e+01
1.284754289477326772e+01
1.274442748402646153e+01
1.259007905926238458e+01
1.246558288596541075e+01
1.231508236075618079e+01
1.222138153670613825e+01
1.214004481860022722e+01
1.211858933939425143e+01
1.216141824566736496e+01
1.223055330883010683e+01
1.228214679714750979e+01
1.236705633646345959e+01
1.242374254660402677e+01
1.252135286135708547e+01
1.258013947146463352e+01
1.266856298225874333e+01
1.271500708224012399e+01
1.276022766441142586e+01
1.275413860805745081e+01
1.277881448017677002e+01
1.278217935447954900e+01
1.282066829344806536e+01
1.287467775308593865e+01
1.293235866638806364e+01
1.295443469714903983e+01
1.300594458009716448e+01
1.303572728690680549e+01
1.308366779514648748e+01
1.312379719444941628e+01
1.315115630066867247e+01
1.315779245209071746e+01
1.315902771890365131e+01
1.317636849393389120e+01
1.325192481430938329e+01
1.333782415106237806e+01
1.339566001955090968e+01
1.345243403565739193e+01
1.347814950857551608e+01
1.348310295059268071e+01
1.348496720145863215e+01
1.351175708156013933e+01
1.242745441342067281e+01
1.240402846966428818e+01
1.238060534793892664e+01
1.238004899076523202e+01
1.235546987332522484e+01
1.237898086094290662e+01
1.240296417843243759e+01
1.242923503732510504e+01
1.250943163105090683e+01
1.256584501096734741e+01
1.276807801615520077e+01
1.292242379310366296e+01
1.322086972542115468e+01
1.337321811402500238e+01
1.352598763940123483e+01
1.355017846270835591e+01
1.352103456806153758e+01
1.349096720484365797e+01
1.348867006647296662e+01
1.351622949526520223e+01
1.354634376881555013e+01
1.360218767693649689e+01
1.362907939860293816e+01
1.362681294798571408e+01
1.359655902319154386e+01
1.355958203313396382e+01
1.350607209851951218e+01
1.343156069439412725e+01
1.338475105370578966e+01
1.327128602297643312e+01
1.171813248320800049e+01
1.166843273100361422e+01
1.166637487924438688e+01
1.168767434828094132e+01
1.170902123287275565e+01
1.177422152226006347e+01
1.177474473278214440e+01
1.176665819626391851e+01
1.178647118514236958e+01
1.187996765535484656e+01
1.203018914661940109e+01
1.226577827092448558e+01
1.247893146560418209e+01
1.252243556737090024e+01
1.248458474205065727e+01
1.244565111438734561e+01
1.242323263121774524e+01
1.247740714929741479e+01
1.266703009897632626e+01
1.282358527501996903e+01
1.299183636338995917e+01
1.255411173515906853e+01
1.253047230430116876e+01
1.250673496036669974e+01
1.250673496036669974e+01
1.253047230430116876e+01
1.253047230430116876e+01
1.253264957930579016e+01
1.253666894599540882e+01
1.253056866908603517e+01
1.255155519785859930e+01
1.275989704407045622e+01
1.297759849223389317e+01
1.345722362193628463e+01
1.377108967824030472e+01
1.415372045594779493e+01
1.435643983083743436e+01
1.437522746848009803e+01
1.433512801514206103e+01
1.432033247125462694e+01
1.438464228515798204e+01
1.444430732433638909e+01
1.451976411914596454e+01
1.454078892172476500e+01
1.452269972075439064e+01
1.445906660269368160e+01
1.439898541548117095e+01
1.432885100100199871e+01
1.421211755847601488e+01
1.413986632214010619e+01
1.408994431637634470e+01
1.408890716629977113e+01
1.403090766495992803e+01
1.392949512346980256e+01
1.371349117705418763e+01
1.350330412719739215e+01
1.112126866296483207e+01
1.112734791406485968e+01
1.115060574689054995e+01
1.112476212087978311e+01
1.110060128880240526e+01
1.105330629183773006e+01
1.103442295494080483e+01
1.105611815904691220e+01
1.106152567833455080e+01
1.115890062784555070e+01
1.126312491622155321e+01
1.148019014154704820e+01
1.166100833508755308e+01
1.193150457280158960e+01
1.209296699068083214e+01
1.223323356018173591e+01
1.229930623775963205e+01
1.237322539333144000e+01
1.244091040827516181e+01
1.258215506630502567e+01
1.272781836899523533e+01
1.234163566780172161e+01
1.234324313614916058e+01
1.234322933098156483e+01
1.236535700705040774e+01
1.238901218456110698e+01
1.241280701047344159e+01
1.241602639562788291e+01
1.242978944587646595e+01
1.247048130926809151e+01
1.264736754205218006e+01
1.286196306705551073e+01
1.328916985258783079e+01
1.360060830249217467e+01
1.401632675310129450e+01
1.422362397827189717e+01
1.434346543073945490e+01
1.435184317447929736e+01
1.432000028121198199e+01
1.432466221519121063e+01
1.437079798917847206e+01
1.443510825813243059e+01
1.449886417300266395e+01
1.452252975432806892e+01
1.450715356577165771e+01
1.444779561747088792e+01
1.440657957821279922e+01
1.436182838365408898e+01
1.433889509237946847e+01
1.429959158117287465e+01
1.428916463696871908e+01
1.419690288616256346e+01
1.412295483001529028e+01
1.400905674936808154e+01
1.393017708535993293e+01
1.378204709807629591e+01
1.365003367914721188e+01
1.342931560901947741e+01
1.328038939693487563e+01
1.307524982023827320e+01
1.297855938238670603e+01
1.292995234909294844e+01
1.291146934032321525e+01
1.288692368703529745e+01
1.281815323601690615e+01
1.268048867892935938e+01
1.258735549854136160e+01
1.248524426087673334e+01
1.242147553559143169e+01
1.236845417717934659e+01
1.232488356809232677e+01
1.229950996408688368e+01
1.227947324520432737e+01
1.230682106520857921e+01
1.239610777208502057e+01
1.245700761717827199e+01
1.255255041999882337e+01
1.258885061605226952e+01
1.257544137923223104e+01
1.254754440642447832e+01
1.254105180606802072e+01
1.257923777628582584e+01
1.270456210143035314e+01
1.281061060279907693e+01
1.297878220215398848e+01
1.305708392591179390e+01
1.310839594824337695e+01
1.307224981139982667e+01
1.301443953925849151e+01
1.301090167620284532e+01
1.309989891844590737e+01
1.271945179904197865e+01
1.274298824528988838e+01
1.274499678097385846e+01
1.272351123504903470e+01
1.272551409296835523e+01
1.272547374081535843e+01
1.272756183282392151e+01
1.276188117090415552e+01
1.282284286618719271e+01
1.300451797838985968e+01
1.317975366576600393e+01
1.354954691210846995e+01
1.382185268400109202e+01
1.414348607299933391e+01
1.425067947353672793e+01
1.436203800051471724e+01
1.441979019915103422e+01
1.449495688506812208e+01
1.458622600380458323e+01
1.467309696993446799e+01
1.467514085573862914e+01
1.320984183307732707e+01
1.316309475977893939e+01
1.316307378104145442e+01
1.318643241731246185e+01
1.323091349884563961e+01
1.327781470424823951e+01
1.328092120959897926e+01
1.324685812286785414e+01
1.326280050182540293e+01
1.327804174056810815e+01
1.337933817656727875e+01
1.349777386000872248e+01
1.368473431102426296e+01
1.383641214387966656e+01
1.401782564747694515e+01
1.408696393094923494e+01
1.414197013723422813e+01
1.413095628008315074e+01
1.409139318641856953e+01
1.406551896697618886e+01
1.409711167369509788e+01
1.416364060176096018e+01
1.425808131525556810e+01
1.433872523047059389e+01
1.438610314393218914e+01
1.435395804481989579e+01
1.428924481520138556e+01
1.423438784240819466e+01
1.416506025552311243e+01
1.326053530783896051e+01
1.323721639052939381e+01
1.318997683702125734e+01
1.316323146785264342e+01
1.310967944079895631e+01
1.308370081960195996e+01
1.303801898530869785e+01
1.306929393541524931e+01
1.310418220248337562e+01
1.321357619136818506e+01
1.328796726538025297e+01
1.342274346330988877e+01
1.350848700868709606e+01
1.356240836644536607e+01
1.355634384095650269e+01
1.352446856292952582e+01
1.352274857398247576e+01
1.354782099852212518e+01
1.357377998150199616e+01
1.359985377915961280e+01
1.361973637627432332e+01
1.261004832706753653e+01
1.261036132553216405e+01
1.258660503687090504e+01
1.256558352865456030e+01
1.252156131348199786e+01
1.252679335112355119e+01
1.253248808692232430e+01
1.251790615723811761e+01
1.253286301700927297e+01
1.254787702389073623e+01
1.263311808553665827e+01
1.281354306325597214e+01
1.298618521211882459e+01
1.324868105177785793e+01
1.341415060553579153e+01
1.360224169633878510e+01
1.364910449167850182e+01
1.369072282346727576e+01
1.370479409963444262e+01
1.377601523606996281e+01
1.385010228984194214e+01
1.398473223975637403e+01
1.407000897081133317e+01
1.418487949306842921e+01
1.421411456648703897e+01
1.421891973262803788e+01
1.421395494912086299e+01
1.414335437812096785e+01
1.412470092019803580e+01
1.410201552078114950e+01
1.411989023538985144e+01
1.410450765650451288e+01
1.304678945029524328e+01
1.306680919377289918e+01
1.313363691640457986e+01
1.315466452753217119e+01
1.313132819907191973e+01
1.311032979362657791e+01
1.309362003066370228e+01
1.310282928199018571e+01
1.315409922506782436e+01
1.320777755197759440e+01
1.333720938875672601e+01
1.345087430833395636e+01
1.365159961866833527e+01
1.377288394013911699e+01
1.389554084496495001e+01
1.390333123792312620e+01
1.382298156044154069e+01
1.375234545439476364e+01
1.371465813524453914e+01
1.374062024287218087e+01
1.382641697521309254e+01
1.289995309216176977e+01
1.290233094003482073e+01
1.290177486835364284e+01
1.289883564633558954e+01
1.287551920866665256e+01
1.287607639039971374e+01
1.286162817630648192e+01
1.289550507387034983e+01
1.299014300260240695e+01
1.308613097766438571e+01
1.333492194292048971e+01
1.351924895695457529e+01
1.376619657008693665e+01
1.387981138486543919e+01
1.394497176741583111e+01
1.394406230001677116e+01
1.396995136359353928e+01
1.403722666432785893e+01
1.407754779825094360e+01
1.409015783210596240e+01
1.404139254286967109e+01
1.316280941943356453e+01
1.316519595641208085e+01
1.316519595641208085e+01
1.316759293172176548e+01
1.316520017467250625e+01
1.316814844554924413e+01
1.317113154596297342e+01
1.320661833054109202e+01
1.327443393804285776e+01
1.336421873453218367e+01
1.350067677199254312e+01
1.373408467337514161e+01
1.392006803321812036e+01
1.414672327129728124e+01
1.422285177345939289e+01
1.423691163917796487e+01
1.421098508636910118e+01
1.423267127443067182e+01
1.425950629222582933e+01
1.433768979456345249e+01
1.431314524050311476e+01
1.427307221477471444e+01
1.422986566172906642e+01
1.425841416091382818e+01
1.435430533994792945e+01
1.441403747817832581e+01
1.440756446227667809e+01
1.435071685096309579e+01
1.419952061490596584e+01
1.412374425303170078e+01
1.412681007551219992e+01
1.415103938751885515e+01
1.419640198149862087e+01
1.421432444811573248e+01
1.419886238264969158e+01
1.414885817954676916e+01
1.404389810177914910e+01
1.397081861759209964e+01
1.385908894062488450e+01
1.379568890402182824e+01
1.374827652873119277e+01
1.192311788090136915e+01
1.194420878651918017e+01
1.196379568205233035e+01
1.198409663353037224e+01
1.201004778277343199e+01
1.201290704365650264e+01
1.195157491497572622e+01
1.193967068985275581e+01
1.195269025718172706e+01
1.206712589656368806e+01
1.233311201732656670e+01
1.256568841669225733e+01
1.290964704966832066e+01
1.309628852451647774e+01
1.330806318475021399e+01
1.341071330644600756e+01
1.349824511241064862e+01
1.356411457711508817e+01
1.372750683444601272e+01
1.396691778369576475e+01
1.413301522056118031e+01
1.383565807872298059e+01
1.381189064785749032e+01
1.378975332659193676e+01
1.379131513305994439e+01
1.381499792397520565e+01
1.381499792397520565e+01
1.383864996917500889e+01
1.384314520239387214e+01
1.390458069312711231e+01
1.396963721736386432e+01
1.417657966770789280e+01
1.435024034120230141e+01
1.467139345812686635e+01
1.489126076797596987e+01
1.516654347176747386e+01
1.525464385893520003e+01
1.524212389481649588e+01
1.514634790019762534e+01
1.495977622047352007e+01
1.487094694264484396e+01
1.482562275619988768e+01
1.339906294320504365e+01
1.339904410716152050e+01
1.344079675667099849e+01
1.346251060875239070e+01
1.346113767662981253e+01
1.346541732566578276e+01
1.346833192243058264e+01
1.347705859181063559e+01
1.347015936165358774e+01
1.349428992768926605e+01
1.351916397359026689e+01
1.357845175871593923e+01
1.362265499469413399e+01
1.368288255128099884e+01
1.370371864715723831e+01
1.368801948832441440e+01
1.364712275806244612e+01
1.356303430760318562e+01
1.355484024568087698e+01
1.361556111063800145e+01
1.366006616876865642e+01
1.371099028572557010e+01
1.367274644185713584e+01
1.355606707003694389e+01
1.347487513754936472e+01
1.344131546819049028e+01
1.346288624028818859e+01
1.351477468399414406e+01
1.350769552676417717e+01
1.347353249093280780e+01
1.234795845348472909e+01
1.232211002386803145e+01
1.232212882378337326e+01
1.237376968042580927e+01
1.239971694054747431e+01
1.239970534926395018e+01
1.237624813183260564e+01
1.235551628919593270e+01
1.236584627111941792e+01
1.250742506011745014e+01
1.266777655902017408e+01
1.296610942427993507e+01
1.314779323126938415e+01
1.337531059344784090e+01
1.346519605776774497e+01
1.353148914017540960e+01
1.359546586352986886e+01
1.372624938306189257e+01
1.386254122222512919e+01
1.405199311238950166e+01
1.417725832988162793e+01
1.358741604181298968e+01
1.361088546184329040e+01
1.361086908569342668e+01
1.361070502074194621e+01
1.358722589321492080e+01
1.356530491524425841e+01
1.359101681143103590e+01
1.361503901747203926e+01
1.371624810852344467e+01
1.382393624242013708e+01
1.404642276829663139e+01
1.422223118839677625e+01
1.451288559016055935e+01
1.470148130564913558e+01
1.487021311814208779e+01
1.492454016864291866e+01
1.489795490065831274e+01
1.489588479391721165e+01
1.490064410182798049e+01
1.493620285101544809e+01
1.496852043144775912e+01
1.497220690953210998e+01
1.490547291797365226e+01
1.483041037977779020e+01
1.472444949252493629e+01
1.465285832525654541e+01
1.458237507316602510e+01
1.451521686529090083e+01
1.442698689549744628e+01
1.433983266783559785e+01
1.422523032897133888e+01
1.408985893617700214e+01
1.399158779725735968e+01
1.381887079883106750e+01
1.368386557557267835e+01
1.344623074130490359e+01
1.330493199047740305e+01
1.314072530898328850e+01
1.214342207611038305e+01
1.210020332307973945e+01
1.207133633743281997e+01
1.198886301328212056e+01
1.196406433794891555e+01
1.196875293231830284e+01
1.200430194827379538e+01
1.201724716538251236e+01
1.209257380571092355e+01
1.218408063942708885e+01
1.237159681990093851e+01
1.255692494147058191e+01
1.277386636865745473e+01
1.284822793559298582e+01
1.289932271367729655e+01
1.289252157071086735e+01
1.291687871320621994e+01
1.301034841456761271e+01
1.327033774079642470e+01
1.345655637968548035e+01
1.372053815986709147e+01
1.384209102043784512e+01
1.394883372457206505e+01
1.404738465460004981e+01
1.418841651555134042e+01
1.429278825978839684e+01
1.446401129802912067e+01
1.454906317739204269e+01
1.465402727824467277e+01
1.471838813850983563e+01
1.478094989260548076e+01
1.482028433438697412e+01
1.481648320142688391e+01
1.483673419350946610e+01
1.485923714647067584e+01
1.488786538462243847e+01
1.487104376878519574e+01
1.478761733973198389e+01
1.467605199007968864e+01
1.449597144354230593e+01
1.440588013161740122e+01
1.434561893547200562e+01
1.436184419789115907e+01
1.437941320863428096e+01
1.436508403169497505e+01
1.426802481222208208e+01
1.416673171607964754e+01
1.400583188082153896e+01
1.391009880722782555e+01
1.377552848459070844e+01
1.369524690784642118e+01
1.360549526199046610e+01
1.350875359858547320e+01
1.341729268901669947e+01
1.335961572926826157e+01
1.330977409813870516e+01
1.331596825884738244e+01
1.333968736855170789e+01
1.340824504501308745e+01
1.344386167544095123e+01
1.349125135416889343e+01
1.351663696319694985e+01
1.200200934512366757e+01
1.200202529717980049e+01
1.202481727734109462e+01
1.207047767420332285e+01
1.207047767420332285e+01
1.207361360186091304e+01
1.205408226849148612e+01
1.208851074556468141e+01
1.214914617385053219e+01
1.234570510342904548e+01
1.259166555293655243e+01
1.276440721055329597e+01
1.298022565872708434e+01
1.311364952994725819e+01
1.326958413633298406e+01
1.336047202262259148e+01
1.355865202969078176e+01
1.370366926164416199e+01
1.396122893164563017e+01
1.410912204577060081e+01
1.428905563873981244e+01
1.392080063176030791e+01
1.396648935703148808e+01
1.398855347791449866e+01
1.398536143164881018e+01
1.398532846836548416e+01
1.396164862770686810e+01
1.398693512735631650e+01
1.404092723226206019e+01
1.409523355562958713e+01
1.423663478984187591e+01
1.437615162348055975e+01
1.459762968692515983e+01
1.477569476002537385e+01
1.496756197747137307e+01
1.509747332350999827e+01
1.509090484821245326e+01
1.502206549791356061e+01
1.493769428466542237e+01
1.477262616166228604e+01
1.467222391737023024e+01
1.450094502560715881e+01
1.159346000539806631e+01
1.159344353564136654e+01
1.159342711032818762e+01
1.159344353564136654e+01
1.159344353564136654e+01
1.161905871129002321e+01
1.162210717092393786e+01
1.165856327833532369e+01
1.165437116112563487e+01
1.170007423689856196e+01
1.179004972736449552e+01
1.199267158323736560e+01
1.213161901183226199e+01
1.230987831159266221e+01
1.237662719256199750e+01
1.245515432035237424e+01
1.251760755814201076e+01
1.260343827579393405e+01
1.280539489003433751e+01
1.296943790592944978e+01
1.323486960485869623e+01
3.776413747684091771e+00
3.757607579334677261e+00
3.752747000661836640e+00
3.760956883898219694e+00
3.779653962689760505e+00
3.777257271371794012e+00
3.756108104384788149e+00
3.719900221871796031e+00
3.697742340257780924e+00
3.740786098808833060e+00
3.834292094511470239e+00
4.174110395228348480e+00
4.506497527976186745e+00
5.055382645357911819e+00
5.579866229781352160e+00
5.875840510659634752e+00
6.307716354284881533e+00
6.614251721176236387e+00
7.082411870961230704e+00
7.401353391246306757e+00
7.864433864050744738e+00
8.166326995306308234e+00
8.721931460856476193e+00
9.151124715953814714e+00
9.816783639502729031e+00
1.019428243275829793e+01
1.060015398228054018e+01
1.076657483180525077e+01
1.095788087324885929e+01
1.112738187164725367e+01
1.365144622408607589e+01
1.364075894956248369e+01
1.364007469805598127e+01
1.366242278277820787e+01
1.367797243622518799e+01
1.369617980953061043e+01
1.371222760591498435e+01
1.376716519868629263e+01
1.382118063842524869e+01
1.394321147504723868e+01
1.404224500411315724e+01
1.412485578308178802e+01
1.411968874524909801e+01
1.408134239464401993e+01
1.408515521222343381e+01
1.418101657011379224e+01
1.444653239532547495e+01
1.461490279946235660e+01
1.468712324190618901e+01
1.461977270210145896e+01
1.448596195109040607e+01
1.863309324880844997e+01
1.867901839380715145e+01
1.872484946820630825e+01
1.877079599215094774e+01
1.879146029551628416e+01
1.885514496358755210e+01
1.886879378288546150e+01
1.893963005223800522e+01
1.899727956997277190e+01
1.911511435307631146e+01
1.916558857068451616e+01
1.922777558723577584e+01
1.920015965482000553e+01
1.916562496755402023e+01
1.915849566224785505e+01
1.919516665667716993e+01
1.922132212096725468e+01
1.918849093909022585e+01
1.905508914141740462e+01
1.890281531563381989e+01
1.867719738003173546e+01
1.854231687350280566e+01
1.838970182282178456e+01
1.824982238040223237e+01
1.803395732450520583e+01
1.782512578509070522e+01
1.749628265475396560e+01
1.728301141194085844e+01
1.706481690558891984e+01
1.698119206366993339e+01
1.686010643651109575e+01
1.675182134918508936e+01
1.645141386110853432e+01
1.614635302707894127e+01
1.564301160740118490e+01
1.531039682934565782e+01
1.489229613025068311e+01
1.463809518795806319e+01
1.428247366081376590e+01
1.402437213488465062e+01
1.365823293971211427e+01
1.148246552061664261e+01
1.145593245496022483e+01
1.143480190216367554e+01
1.141902292509262828e+01
1.141364612231739883e+01
1.140338613958529379e+01
1.142342644823758668e+01
1.148437631736290676e+01
1.157615835655996150e+01
1.174605907417181427e+01
1.188058263027895656e+01
1.203416699243030408e+01
1.206950938908276427e+01
1.197789416652651617e+01
1.180570158082055698e+01
1.145416054461683331e+01
1.118990054701707315e+01
1.086342877019516351e+01
1.074600503570959731e+01
1.074379970231133008e+01
1.086881327657247098e+01
1.120130629083407570e+01
1.150321106738005739e+01
1.197868812298483654e+01
1.226480958174406410e+01
1.261690802091126429e+01
1.297357643371206315e+01
1.327153846073336929e+01
1.385943914173365954e+01
1.428198962987562837e+01
1.484265238453478020e+01
1.512146938420562137e+01
1.541167434406790981e+01
1.557304955815645719e+01
1.581560873740946782e+01
1.600094750614984562e+01
1.628484957677908440e+01
1.645435673485679828e+01
1.660430468445756347e+01
1.660430401738909723e+01
1.660431536169858546e+01
1.660432589927978597e+01
1.660432572866178091e+01
1.660202192091457007e+01
1.659974449911062422e+01
1.658442154494573018e+01
1.656571363348479053e+01
1.648377771501219158e+01
1.643873683920174500e+01
1.631905503225497611e+01
1.626115834727913523e+01
1.613190813080005626e+01
1.603273471755465707e+01
1.586683187809995665e+01
1.571045180857683832e+01
1.545464857915730938e+01
1.526984031865091040e+01
1.496324449450547434e+01
1.478642441008069497e+01
1.053796441694164088e+01
1.053796441694164088e+01
1.053505059557965140e+01
1.053381436195812171e+01
1.053259081682442400e+01
1.053437401490729464e+01
1.052901863370209767e+01
1.056500160693552282e+01
1.061908041761839172e+01
1.082539303341884640e+01
1.101571377191218382e+01
1.138004668405124775e+01
1.159631050814849473e+01
1.180144780178712516e+01
1.185330341445931346e+01
1.186146783516748826e+01
1.188068095799851775e+01
1.197542353730949038e+01
1.202235691342121804e+01
1.191702456840006796e+01
1.172942731681363426e+01
1.165748638282597049e+01
1.165748638282597049e+01
1.168184085320894283e+01
1.165802693943554580e+01
1.165657850358285863e+01
1.165657812592254317e+01
1.168084202274463124e+01
1.172857526381942428e+01
1.186922926140698742e+01
1.200801403145451118e+01
1.232775633775854196e+01
1.274330971146078006e+01
1.300300729706271241e+01
1.327353226791151108e+01
1.337705883786409977e+01
1.341119840316763856e+01
1.341548600167551086e+01
1.349227919642130580e+01
1.356866942120370290e+01
1.371645281364662239e+01
1.381454610083356549e+01
6.667053666571129966e+00
6.669455275110840020e+00
6.636691830452145169e+00
6.628271815883217677e+00
6.620054988347722436e+00
6.633298568642122639e+00
6.627214730009942656e+00
6.607248856996136510e+00
6.532407910843798682e+00
6.336265027112788495e+00
6.204947312087076838e+00
6.111486583578765952e+00
6.195082527549285345e+00
6.574150051609153778e+00
6.947617786146492058e+00
7.511445362287063610e+00
7.989041776089138125e+00
8.234927391571519095e+00
8.602997889741050841e+00
8.892040014057176478e+00
9.450813685373594453e+00
9.933045527600443236e+00
1.070163310272454993e+01
1.121339110891936208e+01
1.192342144405971283e+01
1.233355660673680099e+01
1.283089923727242088e+01
1.309547697647546549e+01
1.342854524158957119e+01
1.365725398384865663e+01
1.410151805288178828e+01
1.451114815346018716e+01
1.518359365050589638e+01
1.563341882649479864e+01
1.621868854610042021e+01
1.649569930745710877e+01
1.679005771905686117e+01
1.696448662531589946e+01
1.723048971629088655e+01
1.741662195481337605e+01
1.768074389802382740e+01
1.790291324542969065e+01
1.805337013877175423e+01
1.835697163242812735e+01
1.859979222782905950e+01
1.894784887149082309e+01
1.910562605450078166e+01
1.913819614288572524e+01
1.909840652274453632e+01
1.899871712263493606e+01
1.898035858632331241e+01
1.902281736433512549e+01
1.906159501612598461e+01
1.909463591754611045e+01
1.910098680521037906e+01
1.908816307820998759e+01
1.913750858887214079e+01
1.921907611200090926e+01
1.927570968666798379e+01
1.923508149770834663e+01
1.909574039777497134e+01
1.871871930332024547e+01
1.841851953672273368e+01
1.803670013611672118e+01
1.782321591743885847e+01
1.752049655342430867e+01
1.716442858204431943e+01
1.685933032259274000e+01
1.630956606264096820e+01
1.591396291776130845e+01
1.532888477759181178e+01
1.497442269287048511e+01
1.444312107013003121e+01
1.407575311419670427e+01
1.353811143041184195e+01
1.316988920780974759e+01
1.263261014869027576e+01
1.230963890085625501e+01
1.183763264594871778e+01
1.154632281155520346e+01
1.114964039507463589e+01
1.089211053280999764e+01
1.054795091489075531e+01
1.035262122332477475e+01
1.014940541854801914e+01
9.128298127604873358e+00
9.106928571657615379e+00
9.109453464962474101e+00
9.130890332643012641e+00
9.130282499641488414e+00
9.129558213843571579e+00
9.130219780927804507e+00
9.081539716246110672e+00
9.076205008779750116e+00
9.142804102582925196e+00
9.302195128402637181e+00
9.730764106549132819e+00
1.010081009670650865e+01
1.054408144931705316e+01
1.088872681967943379e+01
1.108632837312002373e+01
1.141171512778347541e+01
1.167608097031086878e+01
1.218496815299074143e+01
1.251040548262467311e+01
1.297401352400989794e+01
1.321420585681224047e+01
1.574284070849964579e+01
1.574284046299519702e+01
1.574284025031691847e+01
1.574284007027427812e+01
1.574412040174020788e+01
1.574412058168019968e+01
1.574667891617170135e+01
1.574667965237850886e+01
1.577242580119687076e+01
1.578673899854491403e+01
1.586740930862824328e+01
1.596225857474795085e+01
1.622707474870659183e+01
1.645331984581869023e+01
1.685959553901441410e+01
1.714683992806510560e+01
1.726932574799192466e+01
1.734409635389877025e+01
1.736208024747828560e+01
1.739484110730069233e+01
1.746202107783487989e+01
1.756035843145837916e+01
1.762833353111107826e+01
1.776358534685168422e+01
1.786526272834114337e+01
1.803307274350801848e+01
1.816861435964512950e+01
1.829749458602771739e+01
1.834296231597268090e+01
1.828834663570567898e+01
1.818582625153901944e+01
1.792007383934867804e+01
1.772340101369054466e+01
1.739009599170997333e+01
1.716384159671610021e+01
1.681778046813562000e+01
1.659436217170441452e+01
1.625178134993169010e+01
1.600111747933370410e+01
1.555446934413884819e+01
1.501194692917388096e+01
1.464544657250706727e+01
1.409005944612484740e+01
1.377129428570481195e+01
1.330321024011481867e+01
1.299342045769097886e+01
1.241667987148687224e+01
6.534953626572655772e+00
6.513585044424853088e+00
6.492268059030915417e+00
6.470841203329639413e+00
6.470872897610016494e+00
6.452166745639625667e+00
6.443167149778791014e+00
6.502218052427329198e+00
6.553766104597404940e+00
6.705546589938499835e+00
6.842763528594025146e+00
7.115532732866589605e+00
7.319268390372513089e+00
7.658601600170776180e+00
7.903449844497430377e+00
8.300788672543953695e+00
8.589283340513166110e+00
9.097463796789815760e+00
9.500841432124040864e+00
1.015477380820212794e+01
1.090460943226328894e+01
1.140955250274160271e+01
1.728932540408436225e+01
1.728932007056997833e+01
1.728931479612466759e+01
1.729173077414091253e+01
1.729415568821815441e+01
1.732615952353850375e+01
1.738149723403322255e+01
1.747103642993481287e+01
1.756636707063720948e+01
1.784428889096398052e+01
1.810852244356212282e+01
1.856910393530782244e+01
1.884762706941526744e+01
1.917787176352317857e+01
1.930538722531088069e+01
1.939551596034879211e+01
1.945102492639124847e+01
1.959900174539487594e+01
1.971303104454372601e+01
1.992113206444813045e+01
2.004942715931274222e+01
2.010808307457030608e+01
1.676161150008705647e+01
1.676159327933472198e+01
1.676275777252041976e+01
1.676160820549473840e+01
1.676165961275576066e+01
1.676515918576375341e+01
1.676876546084877617e+01
1.677091274954689482e+01
1.678670418750683879e+01
1.673962745003554531e+01
1.666981390792881257e+01
1.646593635043118553e+01
1.626065383915243956e+01
1.585443551176613397e+01
1.555822986816495579e+01
1.515364581647720144e+01
1.496504727862824780e+01
1.474194453156718332e+01
1.459181275432299252e+01
1.448094040493105439e+01
1.433990320684081610e+01
1.423939762460944181e+01
1.410115347374489048e+01
1.401457916349251143e+01
1.384652351581343410e+01
1.368290986899593875e+01
1.332644885952020708e+01
1.302996270101704468e+01
1.251525260771315295e+01
1.216913929294118013e+01
1.167983399627310881e+01
1.138746593693081621e+01
1.099236077555495683e+01
1.075426257965758658e+01
1.044919897958789079e+01
1.031543691508227312e+01
1.021682545258369501e+01
1.020427303235802086e+01
1.017036966343515125e+01
1.012206374721503899e+01
1.001458518532081854e+01
9.999331661593107157e+00
1.019803219581315545e+01
1.044825740905013411e+01
1.095714263026129309e+01
1.131652232708462513e+01
1.188800789281664372e+01
1.221231984386695579e+01
1.255587756809151934e+01
1.273321222672046460e+01
1.299278404271171361e+01
1.321342116345240036e+01
1.365226453536283913e+01
1.398263536528283346e+01
1.448876826380937644e+01
1.478268163720376904e+01
1.516011745958250323e+01
1.538493250270113855e+01
1.569756418250119090e+01
1.589211536847158612e+01
1.616057394440386119e+01
1.631037195685818730e+01
1.650785133732441778e+01
1.754307702463025720e+01
1.752041992714960372e+01
1.749642763706711790e+01
1.749517409173470028e+01
1.752026735150856851e+01
1.752026735150856851e+01
1.754294463666353820e+01
1.753544009525444025e+01
1.755198855171718364e+01
1.761013237231421158e+01
1.765426901758713640e+01
1.768794232798077815e+01
1.760978556940078121e+01
1.740759005761509925e+01
1.719696454543505482e+01
1.688891371374418071e+01
1.669287578657040427e+01
1.644710408430691473e+01
1.628628261168291402e+01
1.603223871741079876e+01
1.584361285358349036e+01
1.554319619604429725e+01
1.533896248319561906e+01
1.509868096662317605e+01
1.493541297823023761e+01
1.461994477112343560e+01
1.436448065243592254e+01
1.400756103502358307e+01
1.379649727028525952e+01
1.357793661639430738e+01
1.344202535044741786e+01
1.323692697521981110e+01
1.304671448790540467e+01
1.267376111329482491e+01
9.580399568738497962e+00
9.537132931553182758e+00
9.434661085205435782e+00
9.305931289380433569e+00
9.229541137931503769e+00
9.117030707203918283e+00
9.085677048117009491e+00
9.147699799549611654e+00
9.262829555388167435e+00
9.536717972110293928e+00
9.764295572451668903e+00
1.006123190566612458e+01
1.016092025649626152e+01
1.016200884438109320e+01
1.010233660500461639e+01
1.008789707956598036e+01
1.016923413715482738e+01
1.050711001345545803e+01
1.081584206238475154e+01
1.131143708155409833e+01
1.162896088515302573e+01
1.209319788221566760e+01
1.494263287550186092e+01
1.492051936130599366e+01
1.492307075250405823e+01
1.495077809980644545e+01
1.495600982514901922e+01
1.495865113494920173e+01
1.495915492178746042e+01
1.500020973526737222e+01
1.506346334772641171e+01
1.533966483052390650e+01
1.559840871082871061e+01
1.604582344518915349e+01
1.632208903850861148e+01
1.667566643107312174e+01
1.683802738417585942e+01
1.708527006187441089e+01
1.726199810690958358e+01
1.756986787841634978e+01
1.776805941378900044e+01
1.802554798665394031e+01
1.811540682541860647e+01
1.813219523379171960e+01
1.466018752813967296e+01
1.466018752813967296e+01
1.463688857106690655e+01
1.461356621060817673e+01
1.463688857106690655e+01
1.463686326677345129e+01
1.464265540728111858e+01
1.463935978709420915e+01
1.467103901580545866e+01
1.474116730924230367e+01
1.481835958255072860e+01
1.489901923958369245e+01
1.488593423333520427e+01
1.475470384215978648e+01
1.460580524257325408e+01
1.436593869575489890e+01
1.423361276885940185e+01
1.405582267189217127e+01
1.395096907395799057e+01
1.374699085439752544e+01
1.356202284583718765e+01
1.322241981588255122e+01
1.304612223341322519e+01
1.280642946660284487e+01
1.267937155075580336e+01
1.248116962003867414e+01
1.233928534684284273e+01
1.212667711109065038e+01
1.197557302834489867e+01
1.185023012028652545e+01
1.181711965138941700e+01
1.185921007671484517e+01
1.194850810385439743e+01
1.199570800442027441e+01
1.207112589024792371e+01
1.212697452198351122e+01
1.221408305314979259e+01
1.224823633243990706e+01
1.234241146846839854e+01
1.241321849370479136e+01
1.255254767177489583e+01
1.270677064736085526e+01
1.293297939465030133e+01
1.307052053141748615e+01
1.325988771387308773e+01
1.335536824927826416e+01
1.354754232328689767e+01
1.371186373612718867e+01
1.401610261833046245e+01
1.425197546389811976e+01
1.451477770065545947e+01
1.468281035990143657e+01
1.482872862733214880e+01
1.492628116713721198e+01
1.506735196436347834e+01
1.513642370769845868e+01
1.524913405533817290e+01
1.529506727577207847e+01
1.529330246507934632e+01
1.529120147242020877e+01
1.528941352508852702e+01
1.521428125521511454e+01
1.514252617852467253e+01
1.493098943770231202e+01
1.479190236178271434e+01
1.458448494073280699e+01
1.451907092967270430e+01
1.450530555001158817e+01
1.451628000279551678e+01
1.447031325249768052e+01
1.439732087379318770e+01
1.424037856140229152e+01
1.414509380144462014e+01
1.400883155872391050e+01
1.393385217049585378e+01
1.382702830737986233e+01
1.374005985333211655e+01
1.368742070793372534e+01
1.371345213018432396e+01
1.377884138531825187e+01
1.378585895156286512e+01
1.373729496847472653e+01
1.362597662952780730e+01
1.342180684702722893e+01
1.326063497832879001e+01
1.320928306393434148e+01
1.316023931405446135e+01
1.310872536017297207e+01
1.298783025109298173e+01
1.289636959299883756e+01
1.279195067760124793e+01
1.277260153543114463e+01
1.276848326889309782e+01
1.271932232179851674e+01
1.262654545770481285e+01
1.255132698302215388e+01
1.249893364466465151e+01
1.251142657880411413e+01
1.255143291593055466e+01
1.256730013018273517e+01
1.255236205069719269e+01
1.248695651529491002e+01
1.243032815139415348e+01
1.242695647301160378e+01
1.251159543294343557e+01
1.258681179365378533e+01
1.272046191884229493e+01
1.281967073682861979e+01
1.289286290243423849e+01
1.295357684444794444e+01
1.300061611624964719e+01
1.307440288676867191e+01
1.317361520532226749e+01
1.334596706172475855e+01
1.349267105884433349e+01
1.373633900260006158e+01
1.386054927776283918e+01
1.398843187266917099e+01
1.406824933984898074e+01
1.417494097616205373e+01
1.425306972124026395e+01
1.435192844460809702e+01
1.439723910072073565e+01
1.449021734651506144e+01
1.451314421284905443e+01
1.456557636416303936e+01
1.459573324665667649e+01
1.460333173954687247e+01
1.458294296861213013e+01
1.453617361819058651e+01
1.446567067754941682e+01
1.432916188069937391e+01
1.424553907188552060e+01
1.412580067468368483e+01
1.407478468493035351e+01
1.405717780172055242e+01
1.401027787376588840e+01
1.396547352140323994e+01
1.385840816106474804e+01
1.375462901557192019e+01
1.361258290088041889e+01
1.348540401677576561e+01
1.333270445699637463e+01
1.322105160168607796e+01
1.308766373769096170e+01
1.302735520015617077e+01
1.302632506737663753e+01
1.304489565299657627e+01
1.304291693147916931e+01
1.302622215674160699e+01
1.298133044883789999e+01
1.295249246543617971e+01
1.292366378317843534e+01
1.294446457083868829e+01
1.301530214093737392e+01
1.303494047260830335e+01
1.296889247741980355e+01
1.290477876326231588e+01
1.282549449000045350e+01
1.277853986271064457e+01
1.281320851855123699e+01
1.284620419129946711e+01
1.285819051045849903e+01
1.285923356112645521e+01
1.286698479547177953e+01
1.291293506821535964e+01
1.299207281518445711e+01
1.309559913753616733e+01
1.311214335295084332e+01
1.308363850275927831e+01
1.303780849061148750e+01
1.303947171052052312e+01
1.311221478271043139e+01
1.330224303453312373e+01
1.344196827161111862e+01
1.357796722568094872e+01
1.364556749750284226e+01
1.364346824313381745e+01
1.364344744765786643e+01
1.369345646112846993e+01
1.376712465366149019e+01
1.391198460038624418e+01
1.398451650981130534e+01
1.403375438733206515e+01
1.398666695715494690e+01
1.393662244388815452e+01
1.388658183903792676e+01
1.386111207747408613e+01
1.385769242045962102e+01
1.383517634754425529e+01
1.383866034210963569e+01
1.386770966610773925e+01
1.392349540939526165e+01
1.395477761891915591e+01
1.399172785928853635e+01
1.395534254695791887e+01
1.389617190149031600e+01
1.382924359759542376e+01
1.375435765086752582e+01
1.367962063307155596e+01
1.362723094940762358e+01
1.358463835563210864e+01
1.357574188979552687e+01
1.356515382491234156e+01
1.353902893594566592e+01
1.350303695116235758e+01
1.344198909734098812e+01
1.342066131940535278e+01
1.338047849943779077e+01
1.336749797375881244e+01
1.337267098117104069e+01
1.340342537209414253e+01
1.341382585907928160e+01
1.338941809408179573e+01
1.338014945894730978e+01
1.327745033349648907e+01
1.318397237870145844e+01
1.307159127268795906e+01
1.299694644946615796e+01
1.294614697705209139e+01
1.292126041758930022e+01
1.242072103856007814e+01
1.242069222715581844e+01
1.244441939594017299e+01
1.246981322598413833e+01
1.246981322598413833e+01
1.244799701986343621e+01
1.242430869192716969e+01
1.240262810297390317e+01
1.243010865385568486e+01
1.256240282791253904e+01
1.271295450944747962e+01
1.299983392531558479e+01
1.322903632344771374e+01
1.352218398620936313e+01
1.367971235497958205e+01
1.386303278967657882e+01
1.393452109851748588e+01
1.403074545767875492e+01
1.412533309994373276e+01
1.429277388534912596e+01
1.443999360880876637e+01
1.461779663482253255e+01
1.471929887221833688e+01
1.482043960566585206e+01
1.486530816498083851e+01
1.491036401442500114e+01
1.502358676858676212e+01
1.509625088384530578e+01
1.517549764985185767e+01
1.516213899920516006e+01
1.508793010259178047e+01
1.500202414970307530e+01
1.490577867032279435e+01
1.485224592977507641e+01
1.479368777585709260e+01
1.472176339846090798e+01
1.454245497249650043e+01
1.439026730993737324e+01
1.417203490904634400e+01
1.408782600213294955e+01
1.403678288770850280e+01
1.401010727928336941e+01
1.393793921299598892e+01
1.382862925971775425e+01
1.362172392930268039e+01
1.346319278049850965e+01
1.325048689926194179e+01
1.311206777157828718e+01
1.296253274593037652e+01
1.278947612350194873e+01
1.267099784643338900e+01
1.250995694819843784e+01
1.241997017229471290e+01
1.232637599799427619e+01
1.227341047353808356e+01
1.222076034342283890e+01
1.219117924149380094e+01
1.217100805591637780e+01
1.215001318493566096e+01
1.211347028660917502e+01
1.206692231870245280e+01
1.203720154924999264e+01
1.204899189356173395e+01
1.213155341256734765e+01
1.221919386248979400e+01
1.231880154629776669e+01
1.237068240294787280e+01
1.235907163766466965e+01
1.231531647041277644e+01
1.224763462353054777e+01
1.224149080687601554e+01
1.235466198625022294e+01
1.249245192325327025e+01
1.274852943298643204e+01
1.291284996588698064e+01
1.305645784435071022e+01
1.313002757196736425e+01
1.315512131440148380e+01
1.329721071456436121e+01
1.346128295359365801e+01
1.372107298727122959e+01
1.388676979020627300e+01
1.834707855993142189e+01
1.837095553350143717e+01
1.837133229052496830e+01
1.834818909329452907e+01
1.829913334956921744e+01
1.827516730147336688e+01
1.827414137819931383e+01
1.827414137819931383e+01
1.827314784097828593e+01
1.824859290069421291e+01
1.819988291068872144e+01
1.817495327565675822e+01
1.817422150767487565e+01
1.817290762695155237e+01
1.817224663794243966e+01
1.817160626838142790e+01
1.814775355582831295e+01
1.812453660149100898e+01
1.812455968103838799e+01
1.812522632270116674e+01
1.812619812826250865e+01
1.817519023509647624e+01
1.807655466708972014e+01
1.807657797887554452e+01
1.810081672696063748e+01
1.812560004740902642e+01
1.812654176808761974e+01
1.810366223913802486e+01
1.812752934099749424e+01
1.812659740331318048e+01
1.812661831014213476e+01
1.812662892411485061e+01
1.812727132197159818e+01
1.815175829285003317e+01
1.815107518755048588e+01
1.812560105157106349e+01
1.810082981874361252e+01
1.807659901114570644e+01
1.805274092198428448e+01
1.805336612084735393e+01
1.807719354018410485e+01
1.807652109576766009e+01
1.809984016187709344e+01
1.807589806505928820e+01
1.807590853236368034e+01
1.807592936077370993e+01
1.807591256666501067e+01
1.812399250833430386e+01
1.812399250833430386e+01
1.812493169028250506e+01
1.814919627292742987e+01
1.814921714358991167e+01
1.817336433032921050e+01
1.819795963894507906e+01
1.819824617514020559e+01
1.817466315372488594e+01
1.812631118955740561e+01
1.812631118955740561e+01
1.812631118955740561e+01
1.817399332365966202e+01
1.819762990534882974e+01
1.819762337371048133e+01
1.814824121418199354e+01
1.810081021735949847e+01
1.819730407819716334e+01
1.819730407819716334e+01
1.819730811391506720e+01
1.819701617730948229e+01
1.819569559861900387e+01
1.819504309733332548e+01
1.817107932126187819e+01
1.814696019832564033e+01
1.812373433143950763e+01
1.812436360967057425e+01
1.814758483209903872e+01
1.817079492987167200e+01
1.819415194494384735e+01
1.819414788587218013e+01
1.817054780691102422e+01
1.817117393318942931e+01
1.814769917721381631e+01
1.817181432801273644e+01
1.817173907513769038e+01
1.819571475566214502e+01
1.821958427162755001e+01
1.822087346857748713e+01
1.805119963313128295e+01
1.807505734221075500e+01
1.807505322219436650e+01
1.805119321430170842e+01
1.805118269955246291e+01
1.802732921102352392e+01
1.805117633778932174e+01
1.805118269955246291e+01
1.805118269955246291e+01
1.805118269955246291e+01
1.805090820135169949e+01
1.805001919260605803e+01
1.804967131810878911e+01
1.804993314109033165e+01
1.809800623359971183e+01
1.812186138456571527e+01
1.812133600817012180e+01
1.812108724103940460e+01
1.809723106962391270e+01
1.807352462335454391e+01
1.805081319069517676e+01
1.805110354637131564e+01
1.805145237739465358e+01
1.805120598703192059e+01
1.802707356588037513e+01
1.800347820725059123e+01
1.802787545336596153e+01
1.805173231118808985e+01
1.807558931719350781e+01
1.807531616783252915e+01
1.807441885807338977e+01
1.805056033934576121e+01
1.802608439040961130e+01
1.804994361550434334e+01
1.804994361550434334e+01
1.807378201468519308e+01
1.804965856598373719e+01
1.804938792323775942e+01
1.804940474216698476e+01
1.804965856598373719e+01
1.807318898023494924e+01
1.812072144575640564e+01
1.812072552127571612e+01
1.809710690987186510e+01
1.807315087380537477e+01
1.804931791782800232e+01
1.804931791782800232e+01
1.804966678336071340e+01
1.804941702844480034e+01
1.805002737339428620e+01
1.804966265754867294e+01
1.807377978685449094e+01
1.809802305860896965e+01
1.812251750679245532e+01
1.812287285984898944e+01
1.809899170146585945e+01
1.807441250448882641e+01
1.807465867537348458e+01
1.809890867693988881e+01
1.809890867693988881e+01
1.812249020166593994e+01
1.812222565612375647e+01
1.807373567848832963e+01
1.807434140506021336e+01
1.807406823683981756e+01
1.807406823683981756e+01
1.807380298254725304e+01
1.807406823683981756e+01
1.807406411659795964e+01
1.807406411659795964e+01
1.807467774983637199e+01
1.807467774983637199e+01
1.807441250448882641e+01
1.807353511256909684e+01
1.807292935944181522e+01
1.807318038794732828e+01
1.807406187844002687e+01
1.809834782109256679e+01
1.812219622750749792e+01
1.814544612357904896e+01
1.814544612357904896e+01
1.812159049845542924e+01
1.812159049845542924e+01
1.809799989395839148e+01
1.802546196159274672e+01
1.802607572638609668e+01
1.800284319451833071e+01
1.802669739681717331e+01
1.802607572638609668e+01
1.802635857487424076e+01
1.802664935298837179e+01
1.802664935298837179e+01
1.802635857487424076e+01
1.802634168297644379e+01
1.802571748990455802e+01
1.802511801763561294e+01
1.804958993968012848e+01
1.804962367524741751e+01
1.807347934427823688e+01
1.804960680982081911e+01
1.804957310841037810e+01
1.804956676427074314e+01
1.804956043618268069e+01
1.802572165440629348e+01
1.802574486047295110e+01
1.802547884392500777e+01
1.804871296505329781e+01
1.807285608282066747e+01
1.809708955695072419e+01
1.809709586841908191e+01
1.807346029140416377e+01
1.807379662405414322e+01
1.804994137435551593e+01
1.804960459719168142e+01
1.802574902035871318e+01
1.802486036825192883e+01
1.802519545970492487e+01
1.800107828163135437e+01
1.800049491761187426e+01
1.800074118564335279e+01
1.800014888371957156e+01
1.800097638525749488e+01
1.800071171660320601e+01
1.800069488070938206e+01
1.800070115630918721e+01
1.800074118564335279e+01
1.802461920060704159e+01
1.807256982109306875e+01
1.807257187145501476e+01
1.807257187145501476e+01
1.807257816295513919e+01
1.807257187145501476e+01
1.807257187145501476e+01
1.807257187145501476e+01
1.804871081982763314e+01
1.802511587421165729e+01
1.802512003424257259e+01
1.804925004147419187e+01
1.807343085540241390e+01
1.807403659219002634e+01
1.804930945695521771e+01
1.804957512228506999e+01
1.804957512228506999e+01
1.804957930524022203e+01
1.807342243629628697e+01
1.809737811288745846e+01
1.807313196312091819e+01
1.804903079435020530e+01
1.807376926456144517e+01
1.807376926456144517e+01
1.807316346779730054e+01
1.807314665859357206e+01
1.807194209307779431e+01
1.807194209307779431e+01
1.807254881105213684e+01
1.807316971823362550e+01
1.807345814911056436e+01
1.807433287604416705e+01
1.807430976088868491e+01
1.807342670649138583e+01
1.807280575665306088e+01
1.807343503283634334e+01
1.807343923291544030e+01
1.807343923291544030e+01
1.807343923291544030e+01
1.807281408328409711e+01
1.807219696192931124e+01
1.804807814923298181e+01
1.804841742313261577e+01
1.802599340734773747e+01
1.804984866118672215e+01
1.804957512228506999e+01
1.804930945695521771e+01
1.804904969247292712e+01
1.804903706656942575e+01
1.802541149384493124e+01
1.800155558757178298e+01
1.797786460534209141e+01
1.797700313904175218e+01
1.800036513253031245e+01
1.802423942834404258e+01
1.802485198159898871e+01
1.800099533382954320e+01
1.800097426298693293e+01
1.800071588227401520e+01
1.800045488773005786e+01
1.800072217024439070e+01
1.800100373159727241e+01
1.802601028912595993e+01
1.802662180763858402e+01
1.800099113958475883e+01
1.797670839091664519e+01
1.800125746631326251e+01
1.800099113958475883e+01
1.800099113958475883e+01
1.800073275911408288e+01
1.800038196873255103e+01
1.795250684271126929e+01
1.795250684271126929e+01
1.797642480084045857e+01
1.797675915937997715e+01
1.800071588227401520e+01
1.800012357951761288e+01
1.802423942834404258e+01
1.802450541156017394e+01
1.804836681537988952e+01
1.807222834384949195e+01
1.804896174073963167e+01
1.804957304663470552e+01
1.800187462518742620e+01
1.800127019337002210e+01
1.797708546382235184e+01
1.795382672461776252e+01
1.792994376914684906e+01
1.790545957334446570e+01
1.790484716464030512e+01
1.792869792164595566e+01
1.795197538465909304e+01
1.795169940450176327e+01
1.792784741524550540e+01
1.792758967836856243e+01
1.790397671573706617e+01
1.795168695012808513e+01
1.797554535154355193e+01
1.797555156226520268e+01
1.795229160948671421e+01
1.795230849077371715e+01
1.792905201092149170e+01
1.792906264211944034e+01
1.795352112400832212e+01
1.797703478350667794e+01
1.797704106736598106e+01
1.800127005813947889e+01
1.802486455694252854e+01
1.802485824878817411e+01
1.802393662330010926e+01
1.802478791238168654e+01
1.802451399362898243e+01
1.802399617385126263e+01
1.802339573305163967e+01
1.799895012567318986e+01
1.797498478112665765e+01
1.797497855380642662e+01
1.799893144404814294e+01
1.797472155010760986e+01
1.795062511589055987e+01
1.792677165618993840e+01
1.792701513688469461e+01
1.795113628151962004e+01
1.797525416426860900e+01
1.804694586671639556e+01
1.807053705503577490e+01
1.804668173735063874e+01
1.802341678808471670e+01
1.800014465135602748e+01
1.800066518137740701e+01
1.795171425676912946e+01
1.795111939907372545e+01
1.797496171015643540e+01
1.795167430263439456e+01
1.795168497782391981e+01
1.795170608835491777e+01
1.795170608835491777e+01
1.795171654175441134e+01
1.795172274847801219e+01
1.797558308428171614e+01
1.799953715516551611e+01
1.802339994479163110e+01
1.802339994479163110e+01
1.799953715516551611e+01
1.797616401176585654e+01
1.792930305050137818e+01
1.792957044208834105e+01
1.795256550998413658e+01
1.795256550998413658e+01
1.797642274537044571e+01
1.797614714054307328e+01
1.797614091362551036e+01
1.799949529341295218e+01
1.799949954524844387e+01
1.802279928199501313e+01
1.802279503565626229e+01
1.799893566151276403e+01
1.797497234288678669e+01
1.799951210189525952e+01
1.799951210189525952e+01
1.800009647429690673e+01
1.800009647429690673e+01
1.799953514139792787e+01
1.799981663543770338e+01
1.799979353905996859e+01
1.799895676328216965e+01
1.799893566151276403e+01
1.802304888801866767e+01
1.802304888801866767e+01
1.802391158758694445e+01
1.802366863286844634e+01
1.802423536731883047e+01
1.802423536731883047e+01
1.802424158987009761e+01
1.802483310009967710e+01
1.800124275425280018e+01
1.797728673347396366e+01
1.795370570128467946e+01
1.795283678339144728e+01
1.797610852557835770e+01
1.799979353905996859e+01
1.802421235938929911e+01
1.804780611571617399e+01
1.804748100304100689e+01
1.802362261547677846e+01
1.799892949966086064e+01
1.802423536731883047e+01
1.804835857654642695e+01
1.807249334594468593e+01
1.807191131456473698e+01
1.804693755521193665e+01
1.799895058928394675e+01
1.797555186230909285e+01
1.795254039116364098e+01
1.797607284213042078e+01
1.797523957424339613e+01
1.797440113031552400e+01
1.797414417573392953e+01
1.797470922631609724e+01
1.797497039590780332e+01
1.797607921682951115e+01
1.799946662356937566e+01
1.802332529482248447e+01
1.802306992709796418e+01
1.799896937754564874e+01
1.800011951305160096e+01
1.797616199537990767e+01
1.799925974119274841e+01
1.799844078155121707e+01
1.802254300097308715e+01
1.802197523807115687e+01
1.804665261248096542e+01
1.807076958648778842e+01
1.807076958648778842e+01
1.804665261248096542e+01
1.804665261248096542e+01
1.802279312830189539e+01
1.804665875803828712e+01
1.804723794326794106e+01
1.802397332984067901e+01
1.802396713580425924e+01
1.799952063419829074e+01
1.797497039590780332e+01
1.797497039590780332e+01
1.799950594024069161e+01
1.802336880565239952e+01
1.804724859050085328e+01
1.804726542371353659e+01
1.802224218917310594e+01
1.802222537327984853e+01
1.802277632939456353e+01
1.804662971873366217e+01
1.807107415981944243e+01
1.804723210416608481e+01
1.799894445602799919e+01
1.799892760627115607e+01
1.799867714728357271e+01
1.799841782647910904e+01
1.799924292032142503e+01
1.800009456453732071e+01
1.800035295416875769e+01
1.802421660539414461e+01
1.802395855786957668e+01
1.804756672081192193e+01
1.802370844671423100e+01
1.800010072599039646e+01
1.797581677450134308e+01
1.797550628250942850e+01
1.797550628250942850e+01
1.802363301502901649e+01
1.804725047882638123e+01
1.804700069047089883e+01
1.802314166708615417e+01
1.799836524396846471e+01
1.799860683696038066e+01
1.802302826878565867e+01
1.802278699107854365e+01
1.802338562047882675e+01
1.799952702918837844e+01
1.795111549362785652e+01
1.795109862764351760e+01
1.795108180249636121e+01
1.797553501925277786e+01
1.800007774444613418e+01
1.800011757470547735e+01
1.797557490389386459e+01
1.795112789106400442e+01
1.792669807608367094e+01
1.792724575277532750e+01
1.795168279436217773e+01
1.797614318328044192e+01
1.800010072599039646e+01
1.799951635372678282e+01
1.797441155834610171e+01
1.795055164998574426e+01
1.795055164998574426e+01
1.792725644251138561e+01
1.795169346954665457e+01
1.797554570895659865e+01
1.799893375163000897e+01
1.802222537327984853e+01
1.802222537327984853e+01
1.799893375163000897e+01
1.797497465354446433e+01
1.792725644251138561e+01
1.799893375163000897e+01
1.797497039590780332e+01
1.795110700163171202e+01
1.790338898600013451e+01
1.787943456051566571e+01
1.787943456051566571e+01
1.785532336335917591e+01
1.787918242762011900e+01
1.787950167113219635e+01
1.787972890324313724e+01
1.788031719045246604e+01
1.785588748404673964e+01
1.785588748404673964e+01
1.783202502727062821e+01
1.783203777189368466e+01
1.785590018871597096e+01
1.787976272882607631e+01
1.792758373543188810e+01
1.792758803307835080e+01
