1.462880844226659496e-02
2.230710726424532664e-02
3.239742253365188868e-02
4.479521946597800341e-02
5.461400872127681466e-02
6.304042297048592647e-02
6.558711441589820668e-02
6.406498845415843635e-02
6.830277020238512131e-02
7.100798963833705735e-02
7.795647661827906361e-02
8.299046402953215440e-02
9.171511139159896353e-02
9.363353608714870824e-02
9.690755401110813516e-02
9.126927689197428251e-02
8.407258002099426974e-02
7.080946205564837836e-02
5.685822149165217082e-02
4.718255025577967193e-02
4.866892773114388226e-02
8.478477009032921174e-02
1.235567252437649588e-01
1.492423677010352445e-01
1.473239023707664241e-01
1.108448583646638869e-01
7.459768002381457486e-02
5.598569763819364470e-02
4.462758164655580839e-02
4.456433511563227118e-02
8.057495579187183565e-02
1.260440274553876194e-01
1.437424806208942862e-01
1.448436569541182994e-01
1.229537474137602504e-01
1.186929522191536995e-01
1.107022298118687520e-01
9.192181879682827239e-02
3.291070886547112911e-02
1.038367838969028456e-01
1.700531445078058701e-01
2.137225954022394514e-01
2.100341871050429854e-01
1.923958294237376743e-01
1.020158428944200890e-01
4.648160605288182562e-02
9.830100290652836470e-02
7.112737824003771692e-02
1.026921673737585111e-01
1.584639772148165593e-01
1.692164133931889081e-01
1.160253998389615682e-01
6.373171320074605406e-02
3.175044068099356492e-02
1.613366898088559528e-02
2.816594904297432117e-02
4.380770133613674094e-02
5.924244193743768983e-02
7.175540545003158965e-02
8.613039762459127890e-02
1.000539248402660120e-01
1.078596028177380289e-01
9.806013796223519985e-02
8.130460298886003911e-02
6.813368994450971772e-02
6.243137709170570870e-02
6.038814883066977862e-02
7.131980941462569279e-02
1.103744847997489426e-01
1.499253197062734300e-01
1.699130634345448476e-01
1.710322745362858887e-01
1.542449919571348693e-01
1.367541790368398402e-01
1.202300511766992014e-01
1.089671995062136967e-01
1.032307748281227761e-01
9.548219716112466005e-02
8.670062749601797902e-02
7.910929339772668212e-02
8.421394770178654288e-02
1.003713442612177986e-01
1.162152099687843720e-01
1.320612352734825135e-01
1.465171300923101549e-01
1.454535608434860683e-01
1.339508220193706967e-01
1.034080017832142845e-01
8.373379379232728792e-02
1.000519882876787225e-01
1.257649218184140605e-01
1.395187682928350770e-01
1.343112386409525405e-01
1.248571230898810058e-01
1.089570575360228888e-01
1.022824663307162485e-01
1.128456082956009465e-01
1.328092610623919922e-01
1.574756023454135512e-01
1.755474919123198030e-01
1.839849985568035307e-01
1.885704229606567917e-01
1.828170348247069310e-01
1.680517779697010272e-01
1.493602873989756386e-01
1.206065807297027337e-01
9.737113414391197763e-02
9.136380133432769890e-02
1.075923612484757236e-01
1.505005212566435102e-01
1.889247344276897833e-01
2.006302909408210211e-01
1.950841350817072439e-01
1.751787748164251590e-01
1.573396299922778241e-01
1.546284325788035430e-01
1.751288184553786986e-01
1.931132733435654003e-01
1.880804306508739587e-01
1.802565049673198472e-01
1.860631097194976047e-01
2.071059565574780992e-01
2.266300687524003543e-01
2.246484454515201012e-01
1.883282540184528231e-01
1.518909909327258168e-01
1.427428402876053382e-01
1.587627058999149798e-01
2.126941109186441525e-01
2.635821252802557080e-01
2.881799112638526728e-01
2.661616644924680308e-01
2.352631688826433698e-01
2.093224832827789983e-01
2.013443987111797062e-01
2.164119444810821968e-01
2.390594741233478260e-01
2.640836659471192949e-01
2.815126636318398545e-01
2.763684259304271529e-01
2.616145910029751831e-01
2.467075203239167402e-01
2.415303595145970872e-01
2.548563539736082295e-01
2.648049951883615916e-01
2.640481404143390498e-01
2.487086193337846862e-01
2.366715778093030631e-01
2.474024009665318491e-01
2.710433527458404601e-01
3.018499175115772482e-01
3.176984429053705261e-01
3.079669741304956743e-01
2.904410670756175650e-01
2.708681996298201722e-01
2.684515555142560905e-01
3.012196317567293335e-01
3.456773786041376084e-01
3.809240935383060855e-01
3.687025849972859759e-01
3.352566409650353241e-01
2.915249262496109051e-01
2.664179621143809018e-01
2.712503933490777452e-01
2.963287775215881492e-01
3.430419599381550610e-01
3.823449139669826691e-01
3.959127669546201878e-01
3.938859095981239733e-01
3.764016760808499562e-01
3.633557436821195918e-01
3.574694461526224387e-01
3.617567760670901689e-01
3.709070462291745307e-01
3.822238504293593575e-01
3.942678019632048780e-01
4.061148219563547324e-01
4.200603639688439417e-01
4.233010351135177429e-01
4.172826493422820415e-01
3.970397434283718385e-01
3.852057999973702573e-01
3.897879557966095199e-01
4.084783868721532651e-01
4.372223862733664035e-01
4.566650662662347648e-01
4.493002523277311311e-01
4.263684739393461820e-01
4.135918394258852882e-01
4.266431410145829495e-01
4.557349305173677423e-01
4.962692284662328923e-01
5.205716206844260840e-01
5.166355682266138283e-01
4.990126080468985093e-01
4.769636264432389750e-01
4.662363498921132110e-01
4.753721985523974847e-01
4.854133751270560126e-01
4.851244196477950688e-01
4.788027477846951707e-01
4.760340467909631168e-01
4.898317490341695390e-01
5.104995715770760389e-01
5.308308652136290995e-01
5.422346655455457798e-01
5.395044717403925105e-01
5.316435481890192660e-01
5.235704134919424435e-01
5.202083529022324404e-01
5.250244221472086803e-01
5.305883659016074061e-01
5.340794300426670027e-01
5.374150086634414958e-01
5.422759121826066231e-01
5.518699634863249992e-01
5.659256583677952923e-01
5.873730730352387797e-01
6.085220795732805277e-01
6.119669119986552719e-01
6.036602286680645690e-01
5.745100893123218366e-01
5.457444785841520929e-01
5.274800937823235225e-01
5.401357736096530360e-01
6.017809011937318431e-01
6.595025795562515780e-01
6.804874580081178292e-01
6.747971375986193676e-01
6.504595596878101071e-01
6.453781588969059735e-01
6.515075377670238588e-01
6.533351527430388828e-01
6.447767022635434442e-01
6.259936304971960297e-01
6.139794405199084926e-01
6.253258273315920324e-01
6.506138682257011085e-01
6.762752386837921348e-01
6.855539710061200331e-01
6.664083547057764179e-01
6.425788853922874688e-01
6.314480432202261850e-01
6.540429426547311742e-01
6.938336787843467635e-01
7.357347287645322753e-01
7.599310089333832785e-01
7.591365292590916969e-01
7.499779476749832696e-01
7.297669037477995113e-01
7.145851358439034851e-01
7.103175067065080617e-01
7.147293256352995616e-01
7.242774102769324873e-01
7.344551266825359859e-01
7.443783724447802230e-01
7.559944891609130524e-01
7.637554250083531393e-01
7.669880536292335016e-01
7.682345180867037326e-01
7.712707172157257096e-01
7.769778794899506735e-01
7.925599211445277792e-01
8.077341452661822574e-01
8.182889796922173664e-01
8.201713162798915935e-01
8.089064339854022956e-01
7.964320628933204693e-01
7.833761222091275567e-01
7.733793196490841293e-01
7.708736719403899151e-01
7.722698874746445341e-01
7.754379538901678970e-01
7.793359766002465605e-01
7.853893096153079512e-01
7.962127033340398174e-01
8.151558715595870197e-01
8.443189675822224682e-01
8.698761780819325162e-01
8.743674163621606432e-01
8.695323384851685322e-01
8.604618645092935170e-01
8.676233047485123473e-01
8.996157151704443633e-01
9.309095116708873130e-01
9.429393495836992933e-01
9.093779926884639764e-01
8.649719399765117833e-01
8.245447217781475269e-01
8.153111352425566061e-01
8.596774075209199228e-01
9.143944679608413395e-01
9.589764258953865639e-01
9.759625754180587531e-01
9.514794708320143402e-01
9.190021273030329896e-01
8.951921465638312814e-01
8.932187591055731346e-01
9.136340155153429565e-01
9.302948433779960613e-01
9.367345977620876729e-01
9.220960167367386884e-01
9.110093948402123720e-01
9.139563013110472145e-01
9.311963999850623175e-01
9.563732063704524222e-01
9.740344358936134928e-01
9.778024931999611535e-01
9.751253864626537871e-01
9.681423605624175366e-01
9.684354297208721540e-01
9.726180215711457411e-01
9.761498854094283750e-01
9.745810312606028036e-01
9.708890703480187456e-01
9.722763550978394953e-01
9.807033002882675765e-01
9.895903538049923842e-01
9.949906379874837725e-01
9.987490689421272272e-01
9.933666780297059073e-01
9.882354782316038477e-01
9.881860339349771705e-01
9.953835575721652340e-01
1.014578820029892858e+00
1.033082651853146627e+00
1.044883518102147191e+00
1.040303255258872461e+00
1.030085008096001120e+00
1.024020558165077643e+00
1.032921600212982849e+00
1.058077638662379139e+00
1.083502589549549588e+00
1.092329989045617955e+00
1.088862225319273236e+00
1.074270183032320025e+00
1.068640126453692218e+00
1.083056270317849457e+00
1.100636099407688029e+00
1.112358979816865601e+00
1.108101720385512579e+00
1.099791081961210226e+00
1.085855301808527518e+00
1.075351808750695692e+00
1.074606960421438329e+00
1.077180370090651040e+00
1.083961823285969128e+00
1.089458811896209411e+00
1.097194780096502953e+00
1.104599541221819692e+00
1.113270491988642918e+00
1.122744607511930504e+00
1.127374031333993276e+00
1.129597679018428558e+00
1.125931781676661414e+00
1.116396384459660496e+00
1.111228485719379711e+00
1.114651774940404572e+00
1.120054641368814385e+00
1.124844857169676304e+00
1.124495158794251548e+00
1.114435097107976391e+00
1.108760024628323571e+00
1.110720033551013675e+00
1.121178502171862101e+00
1.140551569159405032e+00
1.155511893369843834e+00
1.159989301727422317e+00
1.161838529544568344e+00
1.160773738805456423e+00
1.167071831295700690e+00
1.175178757970809285e+00
1.190153916708394544e+00
1.206670534976220566e+00
1.216287693969498873e+00
1.215608664033653641e+00
1.205144332776228122e+00
1.195257791572779116e+00
1.194092486854988255e+00
1.202080869936659635e+00
1.211152278208378563e+00
1.213591672732120541e+00
1.203504438622543304e+00
1.191834928920927794e+00
1.188561917455568828e+00
1.202611447728487715e+00
1.219156163682565852e+00
1.230235487317196785e+00
1.230514777748318078e+00
1.216263767962566744e+00
1.202999185217124012e+00
1.203086559055864813e+00
1.214622380091350484e+00
1.231700502889239379e+00
1.238536694950597372e+00
1.226786609681616458e+00
1.211471739937939107e+00
1.207120412851866220e+00
1.226086468084482517e+00
1.247224019931511663e+00
1.256243137640628893e+00
1.255652521734585747e+00
1.240311057114463100e+00
1.229208213045779541e+00
1.224345242318294114e+00
1.223288812126586578e+00
1.221887892548969123e+00
1.218302790683805092e+00
1.218165448643640403e+00
1.226658017630826825e+00
1.246043809058448026e+00
1.264784570683644249e+00
1.277707777483798601e+00
1.277255811972721089e+00
1.272704861638733087e+00
1.260959556819690519e+00
1.250673645148329571e+00
1.247785405583094143e+00
1.253311732808048529e+00
1.259871126451737045e+00
1.262162491310430790e+00
1.252445656462439993e+00
1.243056195136119868e+00
1.238031437657655776e+00
1.243206683950442315e+00
1.265453086912521341e+00
1.296203353461681695e+00
1.319934756149828914e+00
1.325544557752310171e+00
1.316794815699028121e+00
1.288051455462360106e+00
1.259024630500272579e+00
1.240696019989945942e+00
1.237847183045275523e+00
1.254078411985192210e+00
1.270866741862406446e+00
1.282423186842165608e+00
1.289513838255087919e+00
1.292528531148636306e+00
1.294021730436467399e+00
1.289323576192764831e+00
1.277567627287554686e+00
1.267725838480652900e+00
1.259433222790336648e+00
1.257903734485104952e+00
1.272581417267995674e+00
1.286071421254374680e+00
1.299172371597163256e+00
1.302001885084816957e+00
1.297974737420485303e+00
1.293594107513175606e+00
1.292653904117442520e+00
1.296661095394595842e+00
1.305312584602342785e+00
1.312675936873613836e+00
1.312238467972796530e+00
1.306628392012117335e+00
1.303055759232509159e+00
1.306498015080671316e+00
1.316389049592373128e+00
1.329766743635088844e+00
1.336988171469797315e+00
1.335353921463912741e+00
1.329898951371830673e+00
1.328908228635163891e+00
1.334343869855756370e+00
1.343611520251303926e+00
1.352074065848071216e+00
1.353061168256665114e+00
1.342859506100616995e+00
1.326399511398866693e+00
1.304098262575545286e+00
1.287875266948394160e+00
1.281783045420988199e+00
1.281470570887360383e+00
1.290471378596500296e+00
1.301891622744960619e+00
1.315531224674451050e+00
1.323351791588783799e+00
1.326105349766272479e+00
1.331414728136826042e+00
1.336898606553813096e+00
1.340049454416781805e+00
1.338267856765971375e+00
1.327655190329909640e+00
1.317696272108459299e+00
1.315290418270110617e+00
1.319944347899090431e+00
1.329663996118094937e+00
1.335301396108799166e+00
1.331372336490886488e+00
1.321760420304854078e+00
1.307700343501441154e+00
1.300841308720827927e+00
1.306795096478695184e+00
1.323128656901923828e+00
1.344682850318662304e+00
1.341378948107037283e+00
1.325720001156597938e+00
1.299838914962478942e+00
1.286094610022268769e+00
1.289971452843819977e+00
1.304335684253581373e+00
1.331003022968140881e+00
1.352050065520668642e+00
1.354533889926214707e+00
1.345561750694203029e+00
1.334100795863818467e+00
1.327633223289482745e+00
1.330022174999868190e+00
1.341397328227072583e+00
1.353174615226730326e+00
1.356082596993034572e+00
1.350786357495218359e+00
1.335220956088055910e+00
1.321382396833595152e+00
1.312083213760768086e+00
1.307494181672700817e+00
1.314336248471151158e+00
1.321556715516246872e+00
1.325398072364439628e+00
1.323128298753974530e+00
1.312430731796568661e+00
1.304018343279990777e+00
1.302860113092409788e+00
1.309992361827669649e+00
1.321903329706566987e+00
1.326779592865530377e+00
1.325658125409367560e+00
1.316343906815756526e+00
1.308286085409738897e+00
1.305311196329836942e+00
1.307551742440111964e+00
1.314555488922415138e+00
1.320019794681236425e+00
1.319946020439070722e+00
1.317349727172443918e+00
1.313061274815803703e+00
1.313446934221970119e+00
1.316918017073443581e+00
1.323980483378071060e+00
1.328252603315456692e+00
1.328497336726067068e+00
1.325067903919675327e+00
1.321372450605558191e+00
1.318230496515941041e+00
1.320007655050776219e+00
1.322097607231040417e+00
1.323447620952660886e+00
1.321044403277145340e+00
1.317540300396529585e+00
1.312847336024402622e+00
1.309260145780633877e+00
1.307615917456652621e+00
1.305051537712466514e+00
1.303623286428360339e+00
1.299926196769169984e+00
1.294901920996466727e+00
1.291441728885281526e+00
1.293362347211713281e+00
1.296039040183941671e+00
1.306568619384535168e+00
1.318250228280724468e+00
1.330163228473905113e+00
1.338091932871193990e+00
1.342561401595293802e+00
1.341016739192833374e+00
1.337379612891275604e+00
1.327052938427254025e+00
1.315385222385669683e+00
1.304009905951918125e+00
1.299423287631450430e+00
1.305699660697569708e+00
1.316534624649298824e+00
1.329453699556156110e+00
1.339964511043253204e+00
1.341136504007741204e+00
1.338489364051385744e+00
1.331438540048584418e+00
1.325087345204809974e+00
1.319967181107997156e+00
1.314649048562122724e+00
1.307749631811313762e+00
1.305161803828244649e+00
1.304466548625785594e+00
1.308217428933315274e+00
1.313146847598252842e+00
1.320198547821654467e+00
1.327184349807204899e+00
1.333634047186684102e+00
1.337476765136558221e+00
1.332556716766618354e+00
1.323698760141636788e+00
1.310489639227536696e+00
1.302635568998842919e+00
1.303277805636064768e+00
1.311058874226395110e+00
1.316818715649335614e+00
1.317443708999257446e+00
1.315742073363892262e+00
1.313447431105086549e+00
1.315596150919809970e+00
1.325807392240014204e+00
1.339619327139192295e+00
1.351961849079339251e+00
1.357082856226342615e+00
1.350644189632792758e+00
1.339827734644538637e+00
1.328033783894952302e+00
1.322167027505927850e+00
1.321387570758036256e+00
1.327348012993103232e+00
1.333248540279792893e+00
1.338700177034846117e+00
1.343838816481959020e+00
1.342474432264215700e+00
1.338460581697419993e+00
1.335008281134088870e+00
1.332736331935963969e+00
1.334451841587916743e+00
1.338682512353205123e+00
1.340259752041396357e+00
1.333014084487645690e+00
1.322142322067114684e+00
1.313987618908885935e+00
1.312043509507250461e+00
1.323178297615672738e+00
1.336860314333094157e+00
1.348267108631056477e+00
1.353205052235993744e+00
1.345805665199491186e+00
1.332849296140917739e+00
1.321657150264460068e+00
1.317543275161990879e+00
1.323319958796822959e+00
1.331941639785010567e+00
1.337139143202072500e+00
1.336199052097492901e+00
1.331289580670401040e+00
1.323400085167718343e+00
1.319588935068874536e+00
1.321576187998985574e+00
1.329231455625853098e+00
1.337813418818939004e+00
1.335733533118051541e+00
1.321314638994403934e+00
1.303927642563051714e+00
1.294259306028030965e+00
1.295565837203070059e+00
1.318002421818973202e+00
1.341519335403116742e+00
1.356138694060258887e+00
1.350577580950251155e+00
1.336267491388212214e+00
1.319711973023445450e+00
1.311802231134140850e+00
1.316795631196141070e+00
1.328770247302710983e+00
1.335613474430620728e+00
1.334451772825330229e+00
1.321677216752581652e+00
1.311385820103609268e+00
1.309636636612813598e+00
1.321298726240210497e+00
1.332319059775213033e+00
1.332871313232896426e+00
1.315938398189318015e+00
1.238674059241406944e+00
1.118057437144622135e+00
9.680545931721185049e-01
1.008769708487912364e+00
1.351015829545656910e+00
1.817494334581703841e+00
2.402541192853826946e+00
3.065065362374567393e+00
3.785043965853638781e+00
4.687628109759582884e+00
5.601205596721507085e+00
6.570566827595017756e+00
7.454608692219101940e+00
8.198130872898335753e+00
8.813021618157852899e+00
9.335691398460419066e+00
9.818257616981354019e+00
1.027166792706314524e+01
1.073828610448777532e+01
1.116878927427189794e+01
1.156884012964176200e+01
1.189876495315517957e+01
1.214769958910037317e+01
1.233982544675862769e+01
1.248210559906340045e+01
1.260573120328397501e+01
1.272957069789120865e+01
1.284813284579666970e+01
1.295953010796731242e+01
1.301976353576611523e+01
1.301280756086627655e+01
1.285461146835762847e+01
1.262039310764108890e+01
1.227609626024252876e+01
1.197018474944851185e+01
1.173645152858861707e+01
1.158704486021372837e+01
1.150408077479922575e+01
1.142489735964205444e+01
1.130492382069654411e+01
1.116831864767336846e+01
1.100855552540041238e+01
1.085480103226552906e+01
1.068407184118603759e+01
1.049063978754423410e+01
1.029225573779179470e+01
1.007071229784892452e+01
9.853653173362955542e+00
9.621978557865221049e+00
9.401298715537237172e+00
9.180067164710623118e+00
8.973944107755970734e+00
8.757024813729564983e+00
8.545802780670351595e+00
8.304050811773276308e+00
8.063674889689048442e+00
7.807284289635862962e+00
7.569079086690615910e+00
7.327301121682566531e+00
7.073291521321461772e+00
6.813013563945124140e+00
6.493062522698664907e+00
6.156904335075400247e+00
5.721236740907306384e+00
5.254137203843169068e+00
4.666350073246169572e+00
4.090084950174480483e+00
3.532864894830950231e+00
3.092716977101168219e+00
2.785977132031843162e+00
2.569400119211815436e+00
2.405929885445051486e+00
2.236410416954448532e+00
2.074117805217202903e+00
1.915573271109003439e+00
1.784504431652754963e+00
1.676814183271649661e+00
1.590455560328794871e+00
1.526624560415261955e+00
1.485271175520305853e+00
1.468636423049910045e+00
1.457653024274827347e+00
1.419088770749914685e+00
1.356100750988481041e+00
1.238811455063746791e+00
1.124908471020704015e+00
1.004909003461636141e+00
8.838011996381150981e-01
7.872211200902795580e-01
7.534303476357883111e-01
7.896744270889289874e-01
8.695608777901281394e-01
9.387510806526355722e-01
9.869432205505148659e-01
1.028621636768352499e+00
1.074696149397575962e+00
1.122518893338496193e+00
1.170824591505793766e+00
1.205401938789369964e+00
1.225997570488499111e+00
1.242466803302630041e+00
1.257356856200184225e+00
1.279684189733795607e+00
1.323872426759111987e+00
1.456446166438221557e+00
1.699815188215375583e+00
2.077286563012788800e+00
2.500654033760477901e+00
2.991928741356581156e+00
3.500488813578626068e+00
4.092866966185074951e+00
4.668615580125617726e+00
5.211583590769901519e+00
5.665913663956176904e+00
6.078395339758746019e+00
6.508466020085539760e+00
7.077945317225977639e+00
7.744497405888106201e+00
8.372061956961184492e+00
8.972749401019260773e+00
9.519768463083389420e+00
1.010539832007203032e+01
1.069693603988867814e+01
1.134281487217037565e+01
1.193984697030040110e+01
1.249487538560193123e+01
1.297616180375369588e+01
1.343716389324425897e+01
1.387638460377327476e+01
1.434917940204701026e+01
1.479517516136056088e+01
1.522362972274276771e+01
1.559321755507808760e+01
1.590604490103213919e+01
1.616610635225771020e+01
1.638453630637863512e+01
1.655336621145547582e+01
1.668119606707799463e+01
1.674117772887412059e+01
1.676503728501675283e+01
1.672994555399312233e+01
1.665338116321758477e+01
1.642161501292746806e+01
1.602231387196415469e+01
1.517168630367352300e+01
1.412601305137107843e+01
1.281984226540473415e+01
1.167830104628168897e+01
1.081645961960255775e+01
1.028713775827897514e+01
9.878644249065409610e+00
9.477290293697560486e+00
9.032876083737503947e+00
8.508277011513845522e+00
8.048265289158216262e+00
7.702142516975974296e+00
7.467332890556707348e+00
7.322102638670193286e+00
7.189818435826109244e+00
7.039202628010007956e+00
6.889498235718041208e+00
6.735735776126465346e+00
6.585891028594157426e+00
6.377104007033556066e+00
6.139036842210266798e+00
5.859390974469458335e+00
5.648564516786317213e+00
5.545870208264478407e+00
5.620453653958904283e+00
5.758837928162765074e+00
5.961386982618474661e+00
6.139518873425689804e+00
6.296871896232786980e+00
6.443372825493642431e+00
6.626518226768591369e+00
6.835800172562862542e+00
7.119367399681788555e+00
7.424503503358457657e+00
7.801608896172495200e+00
8.184946970323109028e+00
8.633205150808011652e+00
9.082442662094543095e+00
9.574142568216172933e+00
1.008710925291180693e+01
1.057113914540727251e+01
1.107016990032605541e+01
1.153258073842507159e+01
1.198066318940270669e+01
1.237928760036796305e+01
1.274476585540911344e+01
1.306822528520154414e+01
1.336590371487655737e+01
1.363004258564513727e+01
1.386201611827882907e+01
1.405602158420201775e+01
1.422111690609264301e+01
1.436338010916653829e+01
1.448638615815956321e+01
1.459048434930235594e+01
1.466058462189321965e+01
1.470056406449548625e+01
1.471937071224833460e+01
1.471952260997634987e+01
1.471190440582493153e+01
1.467690999393870932e+01
1.462240961464385158e+01
1.452221924626570271e+01
1.440028151614547447e+01
1.424328124292731346e+01
1.408862386873072303e+01
1.390514953443356561e+01
1.372537909011292179e+01
1.352338412778510168e+01
1.333952374295521892e+01
1.317129983456321618e+01
1.303698578130270747e+01
1.293012726657816103e+01
1.284523030565715374e+01
1.277231232088418444e+01
1.271023667142362790e+01
1.266878991476083982e+01
1.267287605721704224e+01
1.270256229984376084e+01
1.277628286955337522e+01
1.286194900643685557e+01
1.296582125573335986e+01
1.307435205108727239e+01
1.319502717979330342e+01
1.331805971858006821e+01
1.345213003451442368e+01
1.357805164750348048e+01
1.370015016677018060e+01
1.380666969979965941e+01
1.388798355658217965e+01
1.392999539242741491e+01
1.395055472940381058e+01
1.395927005061131254e+01
1.397376697900258335e+01
1.399779839373245949e+01
1.401825070405380558e+01
1.401289950845798415e+01
1.398727358037802304e+01
1.393191469854556708e+01
1.387856126550212821e+01
1.383301438039720921e+01
1.380226300044344079e+01
1.378353851940027219e+01
1.376776494943572970e+01
1.373035476133129684e+01
1.366802690076533899e+01
1.360482856826667408e+01
1.354609302979002905e+01
1.351337589758133539e+01
1.352035954467154433e+01
1.355228121047486844e+01
1.360302640366379556e+01
1.364565159224910218e+01
1.368630008068502413e+01
1.373236914045822488e+01
1.380198814979672406e+01
1.388825088481185688e+01
1.399745307094137914e+01
1.410327786487742152e+01
1.422158131072537657e+01
1.434416025584504517e+01
1.448938707811099746e+01
1.465806465868289443e+01
1.482057682597332260e+01
1.499098853387191888e+01
1.514376332645613488e+01
1.528663634307551789e+01
1.541331870902785184e+01
1.553068859447769512e+01
1.563802484769238887e+01
1.574869578174491735e+01
1.585814645786193111e+01
1.596566108282578078e+01
1.605904023512744061e+01
1.613881068747968683e+01
1.620067547479805725e+01
1.623897651204800852e+01
1.626544539616051210e+01
1.628804369450915246e+01
1.632277624426967577e+01
1.635785057975265033e+01
1.640016626162333324e+01
1.643418415646368658e+01
1.645956772601661555e+01
1.648066156445579011e+01
1.649374050652963675e+01
1.650521520307629331e+01
1.650711764522318603e+01
1.650461934829959532e+01
1.649274082155220356e+01
1.647760452425962541e+01
1.644398144536584638e+01
1.639102085842725032e+01
1.628016888888930325e+01
1.615097975375532258e+01
1.600370937903923263e+01
1.588270412055877223e+01
1.579461815637371558e+01
1.573536121841935120e+01
1.568213386672318421e+01
1.561720399039658247e+01
1.555701830044353251e+01
1.550861867783507186e+01
1.547172893019051720e+01
1.544770192050680535e+01
1.542238314327414272e+01
1.539559345449684891e+01
1.537446929985625843e+01
1.538355920519049747e+01
1.541960613943261649e+01
1.549364171687912872e+01
1.556805540423063583e+01
1.563530443833624339e+01
1.568658598933559389e+01
1.573198439184577069e+01
1.579787768006981352e+01
1.588237412640346413e+01
1.599936730624105152e+01
1.612256779140111007e+01
1.624901958299352600e+01
1.636400477457862479e+01
1.647620853193069834e+01
1.658485972798507291e+01
1.670322327467099655e+01
1.681694175458743246e+01
1.692825857925729949e+01
1.702137306382246962e+01
1.709473254714908919e+01
1.714870364639663691e+01
1.719589731145075362e+01
1.723871547428189288e+01
1.727986171872379373e+01
1.732281604463992153e+01
1.735887863936007491e+01
1.738086792620068977e+01
1.739329864549011617e+01
1.737729695697515808e+01
1.734190532137516527e+01
1.727279138788643564e+01
1.719738614088748108e+01
1.712032687190868074e+01
1.705908644704558341e+01
1.703147855404885647e+01
1.702372653277375036e+01
1.702537770682828366e+01
1.701843461748442365e+01
1.699776697402964487e+01
1.696920477033573604e+01
1.694014419143742245e+01
1.691554460318214126e+01
1.689751274151046800e+01
1.687306578523746481e+01
1.684706998398541700e+01
1.681417075067747291e+01
1.678534402252616786e+01
1.676920942354036370e+01
1.676351273850772827e+01
1.676359490327946489e+01
1.675752583424981879e+01
1.674379490330866815e+01
1.673073409236063824e+01
1.671885605089098092e+01
1.671736395596382252e+01
1.673836265490199793e+01
1.677075965877251207e+01
1.680364150813635860e+01
1.682922125317468343e+01
1.684451788700305386e+01
1.685904371805355950e+01
1.687403969151063876e+01
1.689891538676191374e+01
1.692265488751487368e+01
1.693984842681034664e+01
1.695392679677702574e+01
1.697129819171749077e+01
1.700060873977651354e+01
1.704397818641831108e+01
1.709366428662558945e+01
1.714911099236639558e+01
1.719643785467043173e+01
1.723847020782984885e+01
1.728208985737192549e+01
1.732087065973768958e+01
1.735867853489173029e+01
1.739221902214256588e+01
1.741909465374075339e+01
1.744485620350226185e+01
1.747576608978373258e+01
1.750308052996174979e+01
1.751517990353566390e+01
1.751523927072877740e+01
1.749869742376242243e+01
1.748175050390903351e+01
1.747315611569650784e+01
1.747290128572900869e+01
1.748117580014362815e+01
1.748559859563270535e+01
1.747898367244111384e+01
1.746659533949508969e+01
1.745509016731394070e+01
1.745018269779409081e+01
1.744838448908760142e+01
1.744883180432707093e+01
1.744267157721679595e+01
1.743419488086398772e+01
1.742549371586464702e+01
1.742466298004261205e+01
1.742957029621586429e+01
1.742774346268957331e+01
1.741714696411278496e+01
1.739316031200727508e+01
1.737094437790351265e+01
1.736051125495162495e+01
1.737904766551988089e+01
1.740337770977528464e+01
1.744546439176435371e+01
1.748826960154547550e+01
1.753422273217653427e+01
1.757301090301010760e+01
1.759929668730411834e+01
1.761994748609289019e+01
1.763981559973899849e+01
1.767395319204434045e+01
1.774068144513431022e+01
1.782122567873730290e+01
1.790781046909436114e+01
1.797194783318039057e+01
1.801013054010218895e+01
1.803504854556964787e+01
1.806973616241528902e+01
1.812740721449621617e+01
1.818732869391299545e+01
1.823159159854934686e+01
1.824940112139228532e+01
1.823140067104661455e+01
1.819838811333940498e+01
1.815567548733545067e+01
1.811600571694587458e+01
1.807037191475966864e+01
1.802809050774688160e+01
1.798746448286843602e+01
1.795530030011833134e+01
1.793075552679730933e+01
1.791214645491988833e+01
1.789575466422644112e+01
1.787786881704086284e+01
1.785554377625002687e+01
1.783074856189346846e+01
1.780295318126837856e+01
1.776865124243180816e+01
1.772797533952613946e+01
1.767750013972381851e+01
1.762413594132339867e+01
1.756621929664494886e+01
1.751434732001616368e+01
1.747373468098005134e+01
1.744534902594004322e+01
1.742483857356797117e+01
1.740456584866576861e+01
1.736923053845163878e+01
1.732108155447423314e+01
1.725369749282701548e+01
1.718998499747662123e+01
1.714308932440019362e+01
1.712964634289421184e+01
1.713271674145407175e+01
1.715463404347408272e+01
1.716944731699259563e+01
1.715396610039783454e+01
1.711993783887398735e+01
1.705532038462256850e+01
1.699035859277579164e+01
1.693918366549920052e+01
1.690143611988468919e+01
1.688668454221362225e+01
1.688060720512068258e+01
1.689174964164895343e+01
1.691707786719537410e+01
1.697551441614445977e+01
1.704376150935607015e+01
1.711742758150275989e+01
1.716746436218215521e+01
1.720055927027087250e+01
1.721202683315885551e+01
1.722405684289407901e+01
1.724783604727814179e+01
1.727857118248700630e+01
1.730726655904164346e+01
1.732530804478361475e+01
1.732884607085524209e+01
1.732530510156364301e+01
1.732396254670471336e+01
1.732747842688000617e+01
1.734162898311505430e+01
1.735236804205455385e+01
1.736366129903933242e+01
1.738261598127265373e+01
1.739384382110159066e+01
1.741467071861669424e+01
1.743272865788457793e+01
1.743854468617056597e+01
1.743374247023887946e+01
1.740780754103721861e+01
1.737708542240667597e+01
1.735072533723168320e+01
1.733566117426774156e+01
1.734363688988436536e+01
1.735605677845594030e+01
1.737827479312124268e+01
1.739346714245119685e+01
1.741050166691854528e+01
1.743495127600585448e+01
1.748200749937967657e+01
1.754518652421908342e+01
1.760489801008745303e+01
1.764828531613058971e+01
1.766857395462718117e+01
1.765673766774961706e+01
1.763311910532285864e+01
1.759714536902176363e+01
1.756152422151910031e+01
1.753249731454777205e+01
1.751460667074591626e+01
1.750687913554244091e+01
1.750710921842831169e+01
1.751300196335884252e+01
1.751440163713150255e+01
1.750971591581023290e+01
1.750353224483249903e+01
1.749368177155878357e+01
1.748125550156396812e+01
1.747266385415647250e+01
1.746004933964412231e+01
1.744838609955289499e+01
1.743563555488935890e+01
1.742165124203210169e+01
1.739548339119594544e+01
1.735487399533235475e+01
1.729345703365006415e+01
1.723223331384626178e+01
1.718429003774626196e+01
1.715723963876432734e+01
1.716236845523529198e+01
1.717667140137575998e+01
1.718849461431485182e+01
1.719160701861515506e+01
1.718679307382759802e+01
1.719376111104356752e+01
1.721449401998269479e+01
1.724927735939188977e+01
1.728899237345294893e+01
1.732578619936868947e+01
1.736200913041110994e+01
1.740299032439624582e+01
1.744747600374529739e+01
1.750311213147241673e+01
1.755729485766255848e+01
1.760874407934573327e+01
1.764902260831043534e+01
1.767607149973279945e+01
1.769572948294624126e+01
1.769643242836869490e+01
1.769366389211996449e+01
1.767967194160385347e+01
1.766455608310129932e+01
1.765153402212176914e+01
1.764462742999437594e+01
1.764151272856850383e+01
1.765164946712575755e+01
1.766391082775800214e+01
1.767082517325732027e+01
1.766493984458748656e+01
1.763576848222697180e+01
1.760647903461888575e+01
1.757132670417362164e+01
1.754221605190009470e+01
1.753263079744723285e+01
1.752912066851426331e+01
1.753052430054465560e+01
1.752832687629665998e+01
1.751607348463464575e+01
1.749013066804385019e+01
1.745914415008872211e+01
1.741525013863688542e+01
1.737545470716743168e+01
1.733923643107414847e+01
1.731741822303862932e+01
1.731176732347535463e+01
1.731613851539383830e+01
1.733649003354730311e+01
1.736163583991626780e+01
1.740501083825290252e+01
1.745435363896082492e+01
1.750150473777532056e+01
1.752933236847707121e+01
1.752818560611343202e+01
1.751243268724496716e+01
1.749555671685727987e+01
1.750472909199242721e+01
1.752712925446862968e+01
1.756503370350950988e+01
1.759040855417008231e+01
1.759106635984413813e+01
1.758381623330160437e+01
1.757534310170575509e+01
1.758265989326213941e+01
1.760820500543735179e+01
1.763144048039388068e+01
1.763338880558677602e+01
1.761752291964843664e+01
1.757045436012284512e+01
1.752698417435329858e+01
1.750156740939990740e+01
1.749628495164247610e+01
1.750954010852717957e+01
1.751723531588583427e+01
1.750825802041996582e+01
1.747500802658797170e+01
1.743603368954935462e+01
1.740056602251291551e+01
1.737618103453762330e+01
1.736409514364273221e+01
1.735755832112955588e+01
1.734464824557540652e+01
1.732134166678528686e+01
1.727875140635138607e+01
1.723810738182837810e+01
1.719235404323032057e+01
1.715967751336248170e+01
1.713923213207942808e+01
1.712055451808480555e+01
1.709986584743193205e+01
1.707581927958453960e+01
1.705488941073480191e+01
1.703709601205936153e+01
1.702759245008553890e+01
1.701775632480848088e+01
1.700777055143354133e+01
1.699617276289591672e+01
1.698314636988579451e+01
1.696977551867581369e+01
1.695435865449554669e+01
1.691959312606369892e+01
1.687114439013548406e+01
1.680537169230315087e+01
1.674088300685988173e+01
1.667733938280822059e+01
1.661684343967788635e+01
1.655535241776148681e+01
1.648536784090904206e+01
1.641992069945446175e+01
1.636778278525032704e+01
1.632861751378382920e+01
1.629965150347960900e+01
1.627727343734318310e+01
1.624361323279783420e+01
1.620961577714145108e+01
1.618032707015309413e+01
1.615964035359902695e+01
1.615478998214557294e+01
1.615522188687236493e+01
1.614888234750272034e+01
1.613112833968990856e+01
1.608761799632674183e+01
1.601579204729809902e+01
1.593133173518529233e+01
1.581878823946404466e+01
1.568644634610446253e+01
1.543967415340142324e+01
1.509670947965410370e+01
1.450321473595519883e+01
1.383387571874729360e+01
1.305551647074075028e+01
1.237395577894078258e+01
1.184709560321656241e+01
1.146530628055819356e+01
1.121173441095738887e+01
1.099910047247932710e+01
1.080785123999619302e+01
1.064566304401198416e+01
1.053803955104533152e+01
1.049187367371524537e+01
1.047247621164267173e+01
1.048282985840158510e+01
1.049771104377555631e+01
1.053881725967930549e+01
1.059640407086430791e+01
1.067255047999150541e+01
1.073979485959912417e+01
1.078678362563419313e+01
1.083032857732903054e+01
1.091180407708621125e+01
1.103444654373508982e+01
1.124916859469825425e+01
1.148323217552391107e+01
1.174936254876289432e+01
1.199126979457029663e+01
1.223199027681432760e+01
1.249033539164629758e+01
1.275943576135023605e+01
1.307119429535085153e+01
1.337786390472806275e+01
1.370822854334643814e+01
1.402622824051359096e+01
1.437883752567762485e+01
1.473336817524984710e+01
1.512226426110260213e+01
1.548727952162112409e+01
1.582594453907077181e+01
1.611715643350302685e+01
1.637128163534364234e+01
1.659924427605452735e+01
1.681478715385922129e+01
1.701622859177409097e+01
1.719092405927290557e+01
1.732736462693643276e+01
1.743232509708607481e+01
1.749655881017272918e+01
1.754485762755163947e+01
1.756063701447125780e+01
1.755806191084144174e+01
1.751560131008881527e+01
1.744852022594185570e+01
1.733168498540534230e+01
1.719793545494196607e+01
1.702618223572530809e+01
1.685260605393854050e+01
1.665585748011686817e+01
1.645575986370091925e+01
1.620735265048986662e+01
1.591299012091759657e+01
1.562270065248275230e+01
1.533039028224832911e+01
1.507775149097159151e+01
1.487197839280346123e+01
1.470098004843044492e+01
1.454575666546625357e+01
1.439978504892295241e+01
1.425212853447294492e+01
1.412240466235081371e+01
1.402474169598727372e+01
1.394994650439438111e+01
1.389375856008002508e+01
1.383691391677642102e+01
1.377517324472592541e+01
1.371672000403336256e+01
1.365778546668653881e+01
1.360166782443234013e+01
1.354640201614808959e+01
1.347856983799753827e+01
1.340576651403809194e+01
1.331811509422684736e+01
1.323851557642547938e+01
1.317117003553006249e+01
1.312476525062143651e+01
1.313157029631159389e+01
1.317516513316223836e+01
1.329057040817003532e+01
1.343376891430610343e+01
1.361731242322070479e+01
1.379639227418331160e+01
1.398181648018046097e+01
1.415456682608598982e+01
1.432647573359603399e+01
1.450058001966642074e+01
1.466556109677362585e+01
1.483413827165440679e+01
1.498715818020064106e+01
1.513047386502551106e+01
1.526910586536415515e+01
1.543345788941188701e+01
1.560259562829207525e+01
1.578629151433059263e+01
1.595176877583329400e+01
1.609038051200440123e+01
1.620489370380247252e+01
1.629610533888661905e+01
1.637332607873760537e+01
1.643135819284534804e+01
1.647087107562842334e+01
1.649891506912242534e+01
1.651920627026095900e+01
1.654070974301888697e+01
1.656829776406743449e+01
1.659735546301979525e+01
1.662549600508619108e+01
1.664801802039116652e+01
1.664462292676001098e+01
1.662322498571321105e+01
1.656683499758891998e+01
1.649558389118633173e+01
1.640319257677882803e+01
1.631981994280564763e+01
1.623732571576791273e+01
1.616735993204041932e+01
1.610037217086216899e+01
1.603864025139740335e+01
1.598733782339742859e+01
1.594580754636644393e+01
1.591625015899266238e+01
1.590776777424639121e+01
1.590723395292371478e+01
1.591297161510489211e+01
1.590878062465593246e+01
1.588009276509743906e+01
1.584459524977406986e+01
1.581277092898398351e+01
1.579060357248141955e+01
1.578343062174599076e+01
1.577307502787221338e+01
1.573618296818545481e+01
1.568100415205330656e+01
1.558869750707867752e+01
1.547816074607319159e+01
1.537202901058445015e+01
1.525201020309342503e+01
1.514513668979048688e+01
1.505863777885758914e+01
1.499863695351490911e+01
1.498385198994037104e+01
1.499062456984177771e+01
1.501820649482317549e+01
1.503419694253198280e+01
1.503393673759464733e+01
1.502133731767854385e+01
1.498891404617696210e+01
1.495731692318532069e+01
1.493505437601982777e+01
1.492574381490084967e+01
1.493328631105394066e+01
1.494170754736583007e+01
1.494039990997941736e+01
1.491220120468232579e+01
1.487039076984307151e+01
1.481783792934127675e+01
1.477545621131175224e+01
1.474779251514144462e+01
1.473586242207957930e+01
1.473754633385300039e+01
1.474004559557259419e+01
1.473174846245726677e+01
1.471542891636016925e+01
1.468867403930627091e+01
1.466748907028905791e+01
1.466553528501847836e+01
1.467080251675667490e+01
1.468166019946208323e+01
1.468376199080307209e+01
1.467645330158815753e+01
1.467299534268603267e+01
1.468192987948931005e+01
1.473209917135504377e+01
1.481127688937206344e+01
1.493877452429930841e+01
1.506918986871255051e+01
1.520732265736385536e+01
1.532396637578228393e+01
1.542268502703037747e+01
1.550040772753394336e+01
1.556657271716976254e+01
1.562791699956638425e+01
1.568844204912485907e+01
1.573967907786553333e+01
1.576976688254591608e+01
1.577083783361369207e+01
1.576488199854629357e+01
1.575985384466842021e+01
1.577435230831776458e+01
1.582005360512337155e+01
1.587112958093358372e+01
1.592308235935571048e+01
1.596376849872814319e+01
1.600100878563429774e+01
1.604330412213662527e+01
1.610257706881581541e+01
1.616635834013195350e+01
1.622552604869715864e+01
1.627177749113381111e+01
1.629495736456947697e+01
1.630852040327632224e+01
1.631519806678411300e+01
1.631766731559559958e+01
1.631046758922490270e+01
1.628731626014673139e+01
1.625811582488121587e+01
1.622178369742298187e+01
1.619054408889723007e+01
1.616602584242908591e+01
1.614616706313312378e+01
1.612594363691080090e+01
1.610398489995349181e+01
1.607737583494956013e+01
1.604828561193232161e+01
1.601388465962775243e+01
1.597506343588697675e+01
1.592713487208248679e+01
1.587922260900529636e+01
1.583352405388342454e+01
1.579455738269752807e+01
1.575649370173697683e+01
1.571044635960512714e+01
1.565868041410389822e+01
1.559598580222811570e+01
1.553413981470406391e+01
1.546629516321711151e+01
1.539529932840920701e+01
1.532595416479329664e+01
1.526863548204635812e+01
1.524372866066639176e+01
1.524302577159803995e+01
1.527223894443843477e+01
1.530187302123769477e+01
1.532505551346894812e+01
1.533158962701917716e+01
1.533668545117545889e+01
1.533944448678556327e+01
1.534301100559068765e+01
1.532548443679641004e+01
1.529193171491966829e+01
1.523652977332387870e+01
1.517712105990137950e+01
1.512888125532995254e+01
1.509675097017096768e+01
1.509258167973584364e+01
1.509785854615511269e+01
1.510671946308942815e+01
1.510468629349229452e+01
1.507982826953443833e+01
1.504872495573741453e+01
1.502700326249305718e+01
1.504519056685162148e+01
1.508849145115405399e+01
1.516935853074160256e+01
1.525227047997687535e+01
1.532961779663814639e+01
1.538420934772759097e+01
1.539291398114418108e+01
1.538304781690279910e+01
1.534939894865414622e+01
1.532357971183319911e+01
1.530980926431809053e+01
1.529352470359070004e+01
1.524856186639110511e+01
1.518650384271327347e+01
1.508971283580121892e+01
1.498998951161177295e+01
1.491202374923839713e+01
1.492434490583858242e+01
1.507050784903468355e+01
1.548561644742568966e+01
1.609860959175396999e+01
1.699272602379915398e+01
1.802948860926717600e+01
1.941734219602518152e+01
2.098874075326761712e+01
2.302290835361598909e+01
2.514448871006642960e+01
2.752548795708474216e+01
2.980561461853850247e+01
3.217992556996974685e+01
3.446621235821856999e+01
3.693788478870015268e+01
3.952634280179899662e+01
4.196026379692776231e+01
4.435503870265475967e+01
4.650247968547522248e+01
4.850715861438153809e+01
5.031046323182789592e+01
5.202846015079591524e+01
5.358234611716203943e+01
5.502535273850084252e+01
5.628762159764922757e+01
5.740600527977044720e+01
5.837527305741344463e+01
5.923709485055093893e+01
5.998625919469539980e+01
6.062423522768599327e+01
6.112280775251088727e+01
6.150488918635607405e+01
6.173027215780575006e+01
6.185501885258468491e+01
6.179307762160625828e+01
6.160189493101192681e+01
6.112058143470947158e+01
6.049368185547695020e+01
5.952714005237018569e+01
5.847364461354160170e+01
5.715149221971946503e+01
5.580377111786128097e+01
5.422690166071391360e+01
5.264228816029113744e+01
5.083370419662256268e+01
4.889216385477831039e+01
4.703354411513033995e+01
4.508320845350999662e+01
4.324682527621124706e+01
4.136579258629942757e+01
3.963533026805470882e+01
3.794662970241675026e+01
3.645293039041976613e+01
3.508286073531056104e+01
3.389922641005028225e+01
3.282275336938465671e+01
3.186702557605240216e+01
3.096936808023517429e+01
3.016110258495047702e+01
2.939736687918902547e+01
2.872576223135236617e+01
2.811319999628413058e+01
2.756120892873333617e+01
2.708094483108213169e+01
2.665759496744079726e+01
2.629898494220470795e+01
2.599823001946203860e+01
2.575367454177055748e+01
2.558863521310013311e+01
2.551311681270138365e+01
2.560786193179822945e+01
2.582281094105947972e+01
2.624612154140201525e+01
2.676297609406939770e+01
2.746999577006183557e+01
2.825134573210463884e+01
2.925228646521223652e+01
3.043472149741380406e+01
3.163884505707274997e+01
3.296164565759200826e+01
3.424225525542329507e+01
3.559568282184138610e+01
3.690188896126014129e+01
3.829163072473086515e+01
3.961928538841481640e+01
4.097429452971434927e+01
4.222730465478253592e+01
4.346195984203863105e+01
4.459542814799477384e+01
4.569969567552612943e+01
4.670330784480643871e+01
4.764175392157084588e+01
4.849441511277664318e+01
4.924948959960146055e+01
4.993712228590176494e+01
5.054626518634557186e+01
5.110536647240521546e+01
5.159442284629508180e+01
5.204079903738075785e+01
5.243199519223921357e+01
5.277107131418556918e+01
5.305447405735727529e+01
5.325641743541005724e+01
5.339166210393960199e+01
5.342034948413812856e+01
5.337696358807200880e+01
5.320194818935061676e+01
5.288126274374707236e+01
5.249066610611362904e+01
5.190942828055427327e+01
5.127249676568326464e+01
5.047070830803537689e+01
4.966763989982345606e+01
4.877145685813297860e+01
4.790117012493185200e+01
4.693471358272262961e+01
4.598396137372031944e+01
4.492370060503996143e+01
4.390691227280377262e+01
4.284896685325011134e+01
4.185826859513666420e+01
4.084184797804087452e+01
3.987187298806382074e+01
3.885602816110696978e+01
3.784419945994754642e+01
3.692692327157643462e+01
3.606670874250393410e+01
3.530849817750574005e+01
3.460564253711423532e+01
3.397477605541750734e+01
3.337441595958147644e+01
3.282798455588084607e+01
3.231623895251600231e+01
3.186273668110635526e+01
3.144762329690475511e+01
3.108291219076680889e+01
3.075909018121394922e+01
3.048840462419712338e+01
3.028041978870887618e+01
3.014623486929797380e+01
3.007137792168774482e+01
3.008942171185414693e+01
3.016570203054384081e+01
3.035314648015846117e+01
3.059389884356236777e+01
3.095426488923498454e+01
3.136398384698267705e+01
3.189962579546723376e+01
3.246739676003946329e+01
3.315843825647588972e+01
3.386453587091187956e+01
3.466956216755772857e+01
3.545707903999247179e+01
3.631575801427780448e+01
3.721615799686396286e+01
3.808407159700330880e+01
3.899574058905049156e+01
3.985653860248749680e+01
4.072541442948914181e+01
4.153283807583517273e+01
4.232418163016627233e+01
4.304722011262553849e+01
4.373695710138114379e+01
4.436024180235863668e+01
4.495230223015886395e+01
4.548682663832957473e+01
4.600304529138124821e+01
4.646909571861210253e+01
4.689635522112997279e+01
4.727392982879194250e+01
4.760367613097290018e+01
4.790185109622962756e+01
4.817425762606766426e+01
4.843315777172288961e+01
4.865608776090791565e+01
4.883285766318047649e+01
4.897001361221727933e+01
4.905332820643351965e+01
4.910973335717488197e+01
4.913317259469030773e+01
4.913051332058155651e+01
4.907635765662215022e+01
4.898490615370808143e+01
4.881533048281409748e+01
4.855660088907005445e+01
4.826337796617521292e+01
4.785507177995158656e+01
4.741189841480393596e+01
4.684782718974631877e+01
4.626792747567063202e+01
4.559479712196197454e+01
4.493390766529645930e+01
4.421344660018637995e+01
4.351002443681256437e+01
4.274104173261440565e+01
4.199564789335263271e+01
4.120302637875824558e+01
4.046400160084577635e+01
3.973782476100883798e+01
3.908334477377824356e+01
3.844358442978658985e+01
3.780364531142916462e+01
3.720207236514485061e+01
3.659110545920191981e+01
3.604197991479193064e+01
3.554029182678516463e+01
3.510301342861884422e+01
3.471030600920767739e+01
3.435413813755592116e+01
3.400500785817215643e+01
3.368129320507883051e+01
3.338004029607618151e+01
3.312704487919135232e+01
3.292867150360659423e+01
3.276978085604024216e+01
3.264548458429779743e+01
3.254108595825167782e+01
3.246046393659926821e+01
3.243281666292061516e+01
3.245422497115672655e+01
3.256420071433790753e+01
3.272126336083432108e+01
3.297593549031076066e+01
3.326452756731426774e+01
3.364376201659273136e+01
3.403734733302513860e+01
3.449985774153484641e+01
3.496427588150563537e+01
3.549535249797568781e+01
3.603226037758046374e+01
3.664172857212753343e+01
3.729736974611981992e+01
3.792852915822720661e+01
3.857791426973025750e+01
3.919081686392386388e+01
3.981040321617698652e+01
4.038874613886130760e+01
4.097472977662302185e+01
4.152085691990459537e+01
4.207176150997223374e+01
4.257914138892804345e+01
4.307154053474794608e+01
4.351702657087825798e+01
4.394185814057658490e+01
4.431762571846586241e+01
4.466773284258146504e+01
4.498982734305555908e+01
4.528332840961272865e+01
4.556693473212093437e+01
4.582943318382262277e+01
4.607028895295285764e+01
4.627596447825943926e+01
4.643143562045127481e+01
4.655396542796574266e+01
4.665720776224455335e+01
4.675047972833253596e+01
4.683769935146131758e+01
4.690419818564840426e+01
4.694088678708419593e+01
4.695047014552060460e+01
4.691743543828160057e+01
4.685564341726170312e+01
4.677844494500415351e+01
4.666264394357315126e+01
4.651489296450585442e+01
4.628710557755275801e+01
4.602008227359387860e+01
4.565884565574290832e+01
4.527693721526336645e+01
4.482627573456929326e+01
4.437363252567815408e+01
4.385972852476886175e+01
4.335651010002202099e+01
4.279756545801660650e+01
4.225800984194852816e+01
4.167950861285461883e+01
4.113182581322455889e+01
4.056972933460958330e+01
3.999603973887181496e+01
3.945717400279633580e+01
3.890401823438519102e+01
3.839448423021417511e+01
3.792156323855572708e+01
3.751263420101893331e+01
3.715609685932228246e+01
3.684383606678080270e+01
3.655456773489888889e+01
3.629795303899113890e+01
3.606255405540085945e+01
3.585584739679981681e+01
3.566604676241880867e+01
3.548142731051414955e+01
3.527763728810495536e+01
3.507258212037834255e+01
3.489004782529300286e+01
3.474623932611373078e+01
3.464107728077208748e+01
3.457151148650192596e+01
3.451194440868862046e+01
3.446436585709509615e+01
3.442779513817063730e+01
3.442500634859608510e+01
3.445633051175181549e+01
3.455910862229913505e+01
3.469451968806234987e+01
3.488640324790105041e+01
3.509249490329068522e+01
3.535168891975104799e+01
3.566025728678801698e+01
3.598447933670885845e+01
3.637270427222930635e+01
3.676648575997685953e+01
3.720792283869655392e+01
3.763800763353813039e+01
3.810282921672904877e+01
3.855049458721713762e+01
3.901306243435235643e+01
3.944815579219685020e+01
3.988274597578392644e+01
4.028159953576579255e+01
4.068059017845017422e+01
4.105899291630758086e+01
4.144237373055919704e+01
4.183986871626952109e+01
4.221608071953212971e+01
4.260221503732471859e+01
4.295869382336233855e+01
4.328694167192857378e+01
4.356588550117108838e+01
4.379576362647537024e+01
4.399090238033149802e+01
4.417509264449189743e+01
4.435377868401406687e+01
4.453961673360474549e+01
4.470479931211066571e+01
4.483892970578071413e+01
4.494096565374167085e+01
4.501252832590868991e+01
4.508665145814268982e+01
4.516127654738416197e+01
4.523422113845263226e+01
4.528752982776070724e+01
4.530338864556662770e+01
4.529747759459841916e+01
4.526511398550522358e+01
4.522171277671576917e+01
4.514502533863217337e+01
4.504541365652342932e+01
4.488360153575347766e+01
4.469836611605455090e+01
4.446542750095089502e+01
4.423392826274577061e+01
4.396474904148752927e+01
4.365686025391316605e+01
4.334161590242425888e+01
4.298018953095997574e+01
4.262829718260355349e+01
4.225148235420788012e+01
4.189512563952715141e+01
4.151477997232756678e+01
4.114550052122761770e+01
4.075562408703719797e+01
4.038223794739005967e+01
4.000713783645893784e+01
3.965714581233583402e+01
3.930395970157640306e+01
3.897604532388003662e+01
3.865473324795794241e+01
3.836056649981460964e+01
3.811050992636029378e+01
3.789320228684776737e+01
3.770858825239255196e+01
3.754595071867326794e+01
3.739810969320559053e+01
3.725391187390854242e+01
3.711958887824372511e+01
3.698717139779910212e+01
3.685266839366267533e+01
3.670684798342996658e+01
3.656413247075810347e+01
3.642699758543982824e+01
3.630878673955195524e+01
