2.317206172534221065e-02
3.245400808372938400e-02
3.546772860546002631e-02
3.444773147736527458e-02
3.477670725245174399e-02
3.939774666574596268e-02
4.249866361595121267e-02
4.089023839559297047e-02
4.034882695736469183e-02
4.009683814427344312e-02
4.571253581563217150e-02
5.008835926171733427e-02
6.077077155711176765e-02
6.423145675196460791e-02
5.273817970493203250e-02
4.109910208449234215e-02
3.352867241303535140e-02
4.072072566332506777e-02
3.760082280692633727e-02
4.476825238148611497e-02
8.171161887623111519e-02
1.182141966022180468e-01
1.224499992053498798e-01
1.027818974763171911e-01
6.359088664179170236e-02
6.540782989039035933e-02
9.347041549901802249e-02
1.064550224085045321e-01
9.388693766784599049e-02
5.741979776838458671e-02
3.716272663169994939e-02
5.187519019879241466e-02
8.028292664002539825e-02
1.061305444079412019e-01
1.402617401287100940e-01
1.483140755129535027e-01
1.456233593181262276e-01
1.170030062154485823e-01
1.127935072966664426e-01
9.340598533115263002e-02
7.059055856556846476e-02
7.093063315701784999e-02
1.428709665682226793e-01
1.489300224728432598e-01
9.688881260412164631e-02
4.826716570943205553e-02
1.164991712911907507e-01
1.428702050226134390e-01
1.340836911085719618e-01
1.385976406470477984e-01
1.057622574885974664e-01
7.903901010677638617e-02
5.588144649851459200e-02
4.625258329070563307e-02
6.431974772938343909e-02
8.969595912912246838e-02
9.463850219165452493e-02
9.420826221707362391e-02
9.672791808219555199e-02
1.060540234945874100e-01
9.950327289842580969e-02
8.074829095545008051e-02
5.194638647964847089e-02
5.084585567708645171e-02
5.698929974133977450e-02
5.825990865130875607e-02
7.041449111749441270e-02
8.847782027861944565e-02
1.052902216336433355e-01
1.137389299842486018e-01
1.118425866895284976e-01
9.287592790242485408e-02
7.828955992274833076e-02
7.711746189339865887e-02
7.947393202447353144e-02
7.974706339990107751e-02
8.220055952636819152e-02
8.086038898913175399e-02
7.243489537042679949e-02
5.539114294699062219e-02
5.152671555613404231e-02
6.145838459396073955e-02
8.453391892597432455e-02
1.096445112751070761e-01
1.254793893315452602e-01
1.310598320579652032e-01
1.118973819776043765e-01
8.434857275755175410e-02
5.381544143176445610e-02
3.882081679338821034e-02
5.664400667821044982e-02
8.833251608262228383e-02
1.316167616571394527e-01
1.631640100123600279e-01
1.618306224516765091e-01
1.394567251765381766e-01
9.870440716792386326e-02
7.210575045339033540e-02
7.109891889922392849e-02
1.152596119229927774e-01
1.640238963105747905e-01
2.030069059827876998e-01
2.205946723981712654e-01
2.060183617508376530e-01
1.726172532709410179e-01
1.143321124062492838e-01
6.857174000160737304e-02
5.890611708969981791e-02
7.616224200548284140e-02
1.321187438786344259e-01
2.002157156176312958e-01
2.389883013599060912e-01
2.412830347634354611e-01
1.924662831197684054e-01
1.453636297091117635e-01
1.231431451474965383e-01
1.335005722113586923e-01
1.535484901969120519e-01
1.779298429478618770e-01
1.964619142387279693e-01
2.036286014318118842e-01
2.031823441956448761e-01
1.907363063383426538e-01
1.742280055553716012e-01
1.555041663825268428e-01
1.464323301124915433e-01
1.609958400087595221e-01
1.898141407048191953e-01
2.302714930632912826e-01
2.590611759952404225e-01
2.552519070075053853e-01
2.316327813910436240e-01
1.966676302518627351e-01
1.877428595863091798e-01
2.011110759366795953e-01
2.394917620585338691e-01
2.744874742786279076e-01
2.869115159857331121e-01
2.777844425508248505e-01
2.435122064238277317e-01
2.181931802155330780e-01
2.208895093533714826e-01
2.362852101178310738e-01
2.539861732467155186e-01
2.538881714818093105e-01
2.306197175798381516e-01
2.116699137446436951e-01
2.116482944468225658e-01
2.341050227855585864e-01
2.854684121105116046e-01
3.148660838934044803e-01
3.121433656093395848e-01
2.732055012506623415e-01
2.375774386852836095e-01
2.280003351188794047e-01
2.385061518439398620e-01
2.811355903903398068e-01
3.285475628414164517e-01
3.670522296918563576e-01
3.851882911145785848e-01
3.621091175318372213e-01
3.280013672701543870e-01
2.994934720902004965e-01
2.932199362577739277e-01
3.061746701861220443e-01
3.237382112873172790e-01
3.421051063706336826e-01
3.564388410469607749e-01
3.671265488073017225e-01
3.781060696867170057e-01
3.874618438740032866e-01
3.790759495732529127e-01
3.598417941050145452e-01
3.386617869489293442e-01
3.305270297361494469e-01
3.486531390320217194e-01
3.760663764212531790e-01
4.025861734696439265e-01
4.148533892827407921e-01
4.106244779869208661e-01
4.013375741993114865e-01
3.882169054319322687e-01
3.831601322560724276e-01
3.895059123882045893e-01
4.038402981582379092e-01
4.185978677441016815e-01
4.249117232373527120e-01
4.240992710942772526e-01
4.220796207440162262e-01
4.256523600448351985e-01
4.471791703606644020e-01
4.711028391446870356e-01
4.847847114429348347e-01
4.782094921979496149e-01
4.477577035315762344e-01
4.252809325602333046e-01
4.318144213256144837e-01
4.560469273763876341e-01
4.890834711520295475e-01
4.997087362003214683e-01
4.752117628583029663e-01
4.450600843807987483e-01
4.279409206981982794e-01
4.507179021138305042e-01
4.894913052378070395e-01
5.320455999565755212e-01
5.538279114254658353e-01
5.424509011599958352e-01
5.194988733378157475e-01
4.992418103243290717e-01
4.940039824912240696e-01
5.112869093362379935e-01
5.318305461621211094e-01
5.520819601622842798e-01
5.691256449597136280e-01
5.928499570799343754e-01
6.178857689785143270e-01
6.287523670556794952e-01
6.227919600432475500e-01
6.000193868982613976e-01
5.820639550194600664e-01
5.703594461993922726e-01
5.609492954052973657e-01
5.566115485348049896e-01
5.723517645907365559e-01
5.999366020886457429e-01
6.316301307022884615e-01
6.512271990345765982e-01
6.488970899310614326e-01
6.366593304404561948e-01
6.169543464126336918e-01
6.084510483308743778e-01
6.127585474339301008e-01
6.220851446091684167e-01
6.310430550196556299e-01
6.326370521697967098e-01
6.301285284348742133e-01
6.391615452654907381e-01
6.580491651158368871e-01
6.804025633635281123e-01
6.941419900172443036e-01
6.838370442109436009e-01
6.659674717759944684e-01
6.465903589063078938e-01
6.413308423770839317e-01
6.653533496580745776e-01
6.958143236339777715e-01
7.247707606177625772e-01
7.388303696371786300e-01
7.284311464012023229e-01
7.132620577865403932e-01
7.040895681723029487e-01
7.098866228478036833e-01
7.292197969474362163e-01
7.481153927414004867e-01
7.622504344222638117e-01
7.662505709444528135e-01
7.690817436293556630e-01
7.703527136983810975e-01
7.761341302318498503e-01
7.835678501011256181e-01
7.938615991081380274e-01
8.033762179954420102e-01
8.107649953941277188e-01
8.102219432947553868e-01
8.068761059506533995e-01
7.972778189817211203e-01
7.926039391284337432e-01
7.902575566908930371e-01
7.926247842289251277e-01
7.991782740443147404e-01
8.131927550645356995e-01
8.308460137007098734e-01
8.462198258638354842e-01
8.542583949843570723e-01
8.479026459928639126e-01
8.361100102178958826e-01
8.195241143210735268e-01
8.130255112719279031e-01
8.210631432215004244e-01
8.346338620988786872e-01
8.520086238503574716e-01
8.654505738562427997e-01
8.743166583159730498e-01
8.808209566692994930e-01
8.893000078415270737e-01
8.971309861087007897e-01
8.989141371177060691e-01
8.893000605519321144e-01
8.768203229427932177e-01
8.718569829661569903e-01
8.827472221812141528e-01
9.163870670993180534e-01
9.465444695860992796e-01
9.543189013461171877e-01
9.441389595239939592e-01
9.224498577772779484e-01
9.112953372239649408e-01
9.259744618759687684e-01
9.483601723364228908e-01
9.725225055783232042e-01
9.844337206802954432e-01
9.693584821039324950e-01
9.480656331765695555e-01
9.348378200284634953e-01
9.513616303481762237e-01
9.801372021853166361e-01
1.007716969153715336e+00
1.023578038556245184e+00
1.015067629056635612e+00
1.000651949549437703e+00
9.885884360934079629e-01
9.848142399468338137e-01
9.940880901970107208e-01
9.988702995421978592e-01
1.001713604659540291e+00
1.006315599902893210e+00
1.013736731401091884e+00
1.022083427612061390e+00
1.029274835650391129e+00
1.033512259147727708e+00
1.030742473326470732e+00
1.029669514319784041e+00
1.028971285304468575e+00
1.036193281370179520e+00
1.048604057883036234e+00
1.059878092555544882e+00
1.066842880570264773e+00
1.064481668714595486e+00
1.061186469286811818e+00
1.065486731485094429e+00
1.077337237593253505e+00
1.089684607326223853e+00
1.097641511101236977e+00
1.089757544286067414e+00
1.078584972632901984e+00
1.076194056350944894e+00
1.084863331121753038e+00
1.106777565748272796e+00
1.119689858448569275e+00
1.119407018323216541e+00
1.101231915281791984e+00
1.088662136999263286e+00
1.084934717644542301e+00
1.093165894434843466e+00
1.106591815717518079e+00
1.112166457839814493e+00
1.112463966826227058e+00
1.114353652705103670e+00
1.121741132052315182e+00
1.131899434996206155e+00
1.134667776364037595e+00
1.133111892629268924e+00
1.128816673583328045e+00
1.129321462301192014e+00
1.139538904390998253e+00
1.147895035417491938e+00
1.146118038251663362e+00
1.139279121026486763e+00
1.133769394198017366e+00
1.136987381908203476e+00
1.145639619716302349e+00
1.153148084698682796e+00
1.159182198573954992e+00
1.162639203966155499e+00
1.168497701442592795e+00
1.179487231130569969e+00
1.189036432330546678e+00
1.197943505859639046e+00
1.205083722380798417e+00
1.214272665999577061e+00
1.216691371648892517e+00
1.211132479132892348e+00
1.200717864338511021e+00
1.189755460839264201e+00
1.190807807419016040e+00
1.200460981265985660e+00
1.216777640352052714e+00
1.224384617876646209e+00
1.219749036700133349e+00
1.209744848610583734e+00
1.202555440980931811e+00
1.204288905480878080e+00
1.208507209743706845e+00
1.211553293916304286e+00
1.211100984737076169e+00
1.215291500024553883e+00
1.227740407638253206e+00
1.239894427852658465e+00
1.244234500576643976e+00
1.237402680883799899e+00
1.223566523231001124e+00
1.215465619533247610e+00
1.216295146749267531e+00
1.229342863464625069e+00
1.240931660677354387e+00
1.244704324685041330e+00
1.244749506899052838e+00
1.243821720261251595e+00
1.244001956976851897e+00
1.248591882429098021e+00
1.251274617479080087e+00
1.250350840438745781e+00
1.246580516148519502e+00
1.246327487325602945e+00
1.249585411673965529e+00
1.261863981506393451e+00
1.274633742047791563e+00
1.283327788430385530e+00
1.287683148853448145e+00
1.284217242495726996e+00
1.278905510964580161e+00
1.277324204626983928e+00
1.280064657309232246e+00
1.287895208504094446e+00
1.295668782847886114e+00
1.299589739933982635e+00
1.293154048384153487e+00
1.287072652041824750e+00
1.281896535220199640e+00
1.280523323911502365e+00
1.283328159721349726e+00
1.287254861441625708e+00
1.288817633938292406e+00
1.290122356429721062e+00
1.291535994642217577e+00
1.294614758323444192e+00
1.302387223964406759e+00
1.309170610701978932e+00
1.310959170897036508e+00
1.308119550837643752e+00
1.304434212854221675e+00
1.299342142972608416e+00
1.297746951707308360e+00
1.299492172321553562e+00
1.302001714288359979e+00
1.310086129782397801e+00
1.319688324776689958e+00
1.326074962225423093e+00
1.327777268542537303e+00
1.314528599806952691e+00
1.295658553856126050e+00
1.270988918116767064e+00
1.256776718975301410e+00
1.266308376323344032e+00
1.288625092104985104e+00
1.318584979301812954e+00
1.334227581534671581e+00
1.340016672862385239e+00
1.333743927949227581e+00
1.327610711505976537e+00
1.323299483914203378e+00
1.319767536899513205e+00
1.318581989395498644e+00
1.322156126605266602e+00
1.327072880577322422e+00
1.330915016139963658e+00
1.333984083049616798e+00
1.335977219879162847e+00
1.336287384364978958e+00
1.338600900714322472e+00
1.341843586004031419e+00
1.346801506403820348e+00
1.348433647780146405e+00
1.348591035735314358e+00
1.346082132305403523e+00
1.339814178630387209e+00
1.337111530352665278e+00
1.342876761976789846e+00
1.348706057768999322e+00
1.352701426514528071e+00
1.352456281604082600e+00
1.350649795240474571e+00
1.348675544639002410e+00
1.349814380831492411e+00
1.352887637700572299e+00
1.352797373724589081e+00
1.350657392796695389e+00
1.346960665354550502e+00
1.344049609661450262e+00
1.349543530558668269e+00
1.365334799718215031e+00
1.377961108234003307e+00
1.377313320077966141e+00
1.365385481147618041e+00
1.345128444480509389e+00
1.332464007384919880e+00
1.334986296048600307e+00
1.342529930891528167e+00
1.350678744854176827e+00
1.351909421166872294e+00
1.336591001068461626e+00
1.324879549880481067e+00
1.323600951816499283e+00
1.332772641376797740e+00
1.361597031576281980e+00
1.389222657386016024e+00
1.394554895272408057e+00
1.369081718385998681e+00
1.341297280739076170e+00
1.318587608584987025e+00
1.309357873578644860e+00
1.320656206189190884e+00
1.343069521955763790e+00
1.366497159356343083e+00
1.375459590708748348e+00
1.360898656949483865e+00
1.344048074601963627e+00
1.334673204565418381e+00
1.335600218636333159e+00
1.350507142955706064e+00
1.364970870948437609e+00
1.374833467377778007e+00
1.374218008568012683e+00
1.359829983980523460e+00
1.344977505270719798e+00
1.337505365759517284e+00
1.337992132940325707e+00
1.347052455424308848e+00
1.357312056928968724e+00
1.362382747161915653e+00
1.354552721187318953e+00
1.342658135795446350e+00
1.334606563509243227e+00
1.332964146103529757e+00
1.341391969561715136e+00
1.350824132280360468e+00
1.353747283794815237e+00
1.351049926993371786e+00
1.341509488570946207e+00
1.336900011888632278e+00
1.338093195023842386e+00
1.345342210559620666e+00
1.352468332635988313e+00
1.352941838021076926e+00
1.347444377845045782e+00
1.335930055906931146e+00
1.327497581264980742e+00
1.322961654075145654e+00
1.321013016168600229e+00
1.322170473429183035e+00
1.322652459732160057e+00
1.322778986713659233e+00
1.325684032433378290e+00
1.330725484975182615e+00
1.335444491922595844e+00
1.342282718231708083e+00
1.346601683105513869e+00
1.345567731922517885e+00
1.340952072811454121e+00
1.334846057003293840e+00
1.329587985621117241e+00
1.327478546730319175e+00
1.330483168805681515e+00
1.333457141301845672e+00
1.336665184212225466e+00
1.337226638273054435e+00
1.332705709734461230e+00
1.327637078006672189e+00
1.330219775577211827e+00
1.336366491301929083e+00
1.351528649789780268e+00
1.360526686339218472e+00
1.360112838716645456e+00
1.347636777286874032e+00
1.329820451882806065e+00
1.324944379047049425e+00
1.329524261793047391e+00
1.344875514842071462e+00
1.358529235782012901e+00
1.360962090341664155e+00
1.356582583382139884e+00
1.344561345053564283e+00
1.335617697776382506e+00
1.329457203852137503e+00
1.327868141087703346e+00
1.328252116957229667e+00
1.333307689310074151e+00
1.342257511355350319e+00
1.351090172613406581e+00
1.357426890992337487e+00
1.361029061939790896e+00
1.355806924148366566e+00
1.341836992803452588e+00
1.330176454156588361e+00
1.322139497898898952e+00
1.321041067833061522e+00
1.327186081126580541e+00
1.336395035745974846e+00
1.341628691298269116e+00
1.344031910218462800e+00
1.344068345205760018e+00
1.344567074006298490e+00
1.349049072884018097e+00
1.350918106663419715e+00
1.346785265966436551e+00
1.342316867677412651e+00
1.337312173167184870e+00
1.333998088780569358e+00
1.333776841084080234e+00
1.335696067515045105e+00
1.340299116908012733e+00
1.344893457540045523e+00
1.348091192256846149e+00
1.352527326237369154e+00
1.352742292358607212e+00
1.346482917869689322e+00
1.337464186142265810e+00
1.331132294366382585e+00
1.329808227681570587e+00
1.337031458229823278e+00
1.344450861704983291e+00
1.353379159604897852e+00
1.357158223387809226e+00
1.358629072115341785e+00
1.360719626947564764e+00
1.360276769041937062e+00
1.359601711846935901e+00
1.355350675314079156e+00
1.348720086961589182e+00
1.342182440266384891e+00
1.341145445553975746e+00
1.342353040325719560e+00
1.343748450339565803e+00
1.341701296005675559e+00
1.339377920854454951e+00
1.336745233228771701e+00
1.337522945994938706e+00
1.339577380270482454e+00
1.343290473495423631e+00
1.345265007537022051e+00
1.344532684347289564e+00
1.343036776173134328e+00
1.338378426602280014e+00
1.333301537359357969e+00
1.330273604782489905e+00
1.327803850485814285e+00
1.327942041198528544e+00
1.327517640104686647e+00
1.325356436623622791e+00
1.322122035645606264e+00
1.321470652469989515e+00
1.324598699470224350e+00
1.329654966049653275e+00
1.338456988279824511e+00
1.347745781158776968e+00
1.349256188767371079e+00
1.347664876879813178e+00
1.336334681458507312e+00
1.325673805839808095e+00
1.318364830045777758e+00
1.314844632336065411e+00
1.319868308311171079e+00
1.327635645395324637e+00
1.332836418224961905e+00
1.335873510410724219e+00
1.338750012593509453e+00
1.341124798905728444e+00
1.343127440507084991e+00
1.335725123006978654e+00
1.320902411917141306e+00
1.292060092742352229e+00
1.270104348280968631e+00
1.272381157362810544e+00
1.316551594796440572e+00
1.414630195011924885e+00
1.542361679070162861e+00
1.708705947647414014e+00
1.977960402301559562e+00
2.310865823890158044e+00
2.674001104118408634e+00
3.117644282456550453e+00
3.569229302054866881e+00
4.074642870666383310e+00
4.574187357243308938e+00
5.133166249469605980e+00
5.691794147395844661e+00
6.315636299215046101e+00
6.910280110614835714e+00
7.475355350459421899e+00
7.964290434351680048e+00
8.393366067272216569e+00
8.795475505276421302e+00
9.256688685156454710e+00
9.740505561430408576e+00
1.027116879911067926e+01
1.074763658461671412e+01
1.114133810541082426e+01
1.146471591829650194e+01
1.175614699636842708e+01
1.207156276006992357e+01
1.237245413706259178e+01
1.261220440033520518e+01
1.273256651359736225e+01
1.265869043960772267e+01
1.252019960457633196e+01
1.232961858078983397e+01
1.217307881611395715e+01
1.201164251343126210e+01
1.181812326754705111e+01
1.151658496565092626e+01
1.119113292381839386e+01
1.085216895561642225e+01
1.057500575833902090e+01
1.036187608815821193e+01
1.018110940376800855e+01
9.986622882365294274e+00
9.779256588369049652e+00
9.548382982055008128e+00
9.336657396977699364e+00
9.159939802798790609e+00
9.001974382339300362e+00
8.856123730342254419e+00
8.694923094283845799e+00
8.550270862838894814e+00
8.431203515684625671e+00
8.351110398111906363e+00
8.323351907803948180e+00
8.321266505248159362e+00
8.341534195253592188e+00
8.366231624959102220e+00
8.410441751825391776e+00
8.473801850030994842e+00
8.587542311421991315e+00
8.721164400481235646e+00
8.889237357117465876e+00
9.050162284276346725e+00
9.213287632338596822e+00
9.372732630960781464e+00
9.576719423369413065e+00
9.802552849418409764e+00
1.008410119201617228e+01
1.038253522320511912e+01
1.065282721947873412e+01
1.091364688803852623e+01
1.116010023950591545e+01
1.144084463942186325e+01
1.172250534290161816e+01
1.202585636832857574e+01
1.230878645911728420e+01
1.258730768714986148e+01
1.284466864882056569e+01
1.311661047869326779e+01
1.337994709180219566e+01
1.365348438272157594e+01
1.390365340030385788e+01
1.414311658160403518e+01
1.436353252836453009e+01
1.457676814327572323e+01
1.477001851364181562e+01
1.493341668027879798e+01
1.506640466985391846e+01
1.517208550204819417e+01
1.526473002016092018e+01
1.535127528318947121e+01
1.542554091969075714e+01
1.547299331305035608e+01
1.548491682173281703e+01
1.548708345049154111e+01
1.547496174893757193e+01
1.546710974793060522e+01
1.545489391120385392e+01
1.543624611584442263e+01
1.540205052530275687e+01
1.536061778280196144e+01
1.530995829855342727e+01
1.526429085159022492e+01
1.522813060299540666e+01
1.519519487135912073e+01
1.516181137844812810e+01
1.511706819002013269e+01
1.505011504737944961e+01
1.497844242734259979e+01
1.489719581164083984e+01
1.482247734981851650e+01
1.475034897279599377e+01
1.468522177141619522e+01
1.462856946578040329e+01
1.458591141973072780e+01
1.456392459508091619e+01
1.455740890058780934e+01
1.457243204251152768e+01
1.460365040596409969e+01
1.464168382069768981e+01
1.468148451983111080e+01
1.470747184827363974e+01
1.470110672686337416e+01
1.466632890907741604e+01
1.458837674630617443e+01
1.450449811325805882e+01
1.443580595762351848e+01
1.440997004420547789e+01
1.444887068926235685e+01
1.451980714483272372e+01
1.461139927549445972e+01
1.467980579209453396e+01
1.471964744849179674e+01
1.474282635825050569e+01
1.478026382238045322e+01
1.484245899242845290e+01
1.495080472849194209e+01
1.506410166629437697e+01
1.516098277435565755e+01
1.522462735409225232e+01
1.523658782226171482e+01
1.524036517609233599e+01
1.525545974276307959e+01
1.529041518960887913e+01
1.531928196640227569e+01
1.532104344213660241e+01
1.530421424657407847e+01
1.527886768361013203e+01
1.526959080066856167e+01
1.528972518771406897e+01
1.530967202708082198e+01
1.530822193418167743e+01
1.528263491526965190e+01
1.523841533546208282e+01
1.520257982177206202e+01
1.520058123152549712e+01
1.521924771398061615e+01
1.524667153044308776e+01
1.525249040202544926e+01
1.518358899808156082e+01
1.501962688967835291e+01
1.455355909420915594e+01
1.385935545958166060e+01
1.271551722921745764e+01
1.144479859677172584e+01
1.042884845651777859e+01
9.807788586967374656e+00
9.478191819128895190e+00
9.362481020403931709e+00
9.226380416267341289e+00
8.949772417200216879e+00
8.638889759726405160e+00
8.327990693204277761e+00
8.114173727655050072e+00
8.017719115412047515e+00
7.957788686080361273e+00
7.891376310414177198e+00
7.791748691172379893e+00
7.641599910806215590e+00
7.498970111124457105e+00
7.375439512893120053e+00
7.282570200369616664e+00
7.211032613700155913e+00
7.137435632244467421e+00
7.057013023544314478e+00
6.963597205152134428e+00
6.880577884108865838e+00
6.827259910372758256e+00
6.803542331696848855e+00
6.812945695837075100e+00
6.828568805735068636e+00
6.838653493213649348e+00
6.842368518500816954e+00
6.846890483254021831e+00
6.865840534624837233e+00
6.909099211421811049e+00
6.959651272743636596e+00
7.022957203578794605e+00
7.086398802164521449e+00
7.156970374489509901e+00
7.228433105842198003e+00
7.301631660685851344e+00
7.376057555452276482e+00
7.441602179641804149e+00
7.506333833935869393e+00
7.564814066521202918e+00
7.638752581198700931e+00
7.721957687330845310e+00
7.827744332790121717e+00
7.935035003671568887e+00
8.041830503791590701e+00
8.124723945706541883e+00
8.163663642255801989e+00
8.180933540300497242e+00
8.188815235042806506e+00
8.205561660908388788e+00
8.236145994452009234e+00
8.261647522873628802e+00
8.249459559936296316e+00
8.203312230083655621e+00
8.072289157022821016e+00
7.869064594075967811e+00
7.662899594698587613e+00
7.457161615223323103e+00
7.294140107425493014e+00
7.165783976560248014e+00
7.057525086211803966e+00
6.954119988641672911e+00
6.855160844893729788e+00
6.760724581324732085e+00
6.682908083252327103e+00
6.628543026757074408e+00
6.594419378557600631e+00
6.584983479346933954e+00
6.590045099063665646e+00
6.619261142313807689e+00
6.664749544290395455e+00
6.744673143570086182e+00
6.835104436052539256e+00
6.942246857680178351e+00
7.057525717590014125e+00
7.165866532165443559e+00
7.285918369293561625e+00
7.407972357808811914e+00
7.552702609253098665e+00
7.692556902856589218e+00
7.847177253898097504e+00
8.000949645168489610e+00
8.165514485274606216e+00
8.327793193806932948e+00
8.485753271531091713e+00
8.597259832251634037e+00
8.548322183847510303e+00
8.316974332642359968e+00
7.669093496557268352e+00
6.856454255533289910e+00
5.821107266934037128e+00
4.928910549380256079e+00
4.328194437907757042e+00
4.023196464102309911e+00
3.853346359694238554e+00
3.729183553307020116e+00
3.614291021979608054e+00
3.476645066931149941e+00
3.358737952957975281e+00
3.254278757824837776e+00
3.170770004630010686e+00
3.111926461765311736e+00
3.065876245281803580e+00
3.035125039630443222e+00
3.015738176988435271e+00
3.020638625866267191e+00
3.036525325899768202e+00
3.082338588026591442e+00
3.137825199674227683e+00
3.212031579669860637e+00
3.294501003029068453e+00
3.373677047434814558e+00
3.465565638556483918e+00
3.560881074637513244e+00
3.672540101775901622e+00
3.786243412002785913e+00
3.906364505568222345e+00
4.015096941917811968e+00
4.122902851899090670e+00
4.222185250451286009e+00
4.326938502726222602e+00
4.431516294405082768e+00
4.548401964685024446e+00
4.665395208124034632e+00
4.786451378714988714e+00
4.902741149056606851e+00
5.021697942236756695e+00
5.145631337991105170e+00
5.266012844607616650e+00
5.393574717015798825e+00
5.508253520661920533e+00
5.611214740011689628e+00
5.704486375139989462e+00
5.796987860819640126e+00
5.910191759450931670e+00
6.055335878156486551e+00
6.245128277318109156e+00
6.517165531974965731e+00
6.845850081949168775e+00
7.258619742810600961e+00
7.683935998542210655e+00
8.134445088774887367e+00
8.579437661688253058e+00
9.075282144156822994e+00
9.653586938480723134e+00
1.025137075990662794e+01
1.089248721374774753e+01
1.148003437441691510e+01
1.201991093150868295e+01
1.249631649341291961e+01
1.294394116036870024e+01
1.335973934162685062e+01
1.377124418732423372e+01
1.413313783433938298e+01
1.442094156493307189e+01
1.464431886795403770e+01
1.479869507300274556e+01
1.493198409136914506e+01
1.505502220629262311e+01
1.515685195740639735e+01
1.520355036157192963e+01
1.518559993451993506e+01
1.504828714342415452e+01
1.486116989988699544e+01
1.458380589720994003e+01
1.425062975926279840e+01
1.390584678669048913e+01
1.349197318975291893e+01
1.306440665277878210e+01
1.257812256941291551e+01
1.210537623160309906e+01
1.160377492363579677e+01
1.111858333856440417e+01
1.060021374544393247e+01
1.009119282020105857e+01
9.549511450559789338e+00
9.026832595814928695e+00
8.487577398387426086e+00
7.974426230495100576e+00
7.446662851779439762e+00
6.947317710509632427e+00
6.440736367433448351e+00
5.948088921414334429e+00
5.499595749457506955e+00
5.081728468803645704e+00
4.719904090529659868e+00
4.419221760068268168e+00
4.176694146743664682e+00
3.991270536906838640e+00
3.852803782945970035e+00
3.759201721216571368e+00
3.693189883089159409e+00
3.662517273747865065e+00
3.655105915920997095e+00
3.703444399615221538e+00
3.787259738267255482e+00
3.971172809944755855e+00
4.207165569394005544e+00
4.560632870771793357e+00
4.932794346528840634e+00
5.374445043590587723e+00
5.848288420662235865e+00
6.313764042405618504e+00
6.829264672538880809e+00
7.332967304875144698e+00
7.861050989790840937e+00
8.349777603473082621e+00
8.820995211207920406e+00
9.250345234933590177e+00
9.678534618074353446e+00
1.008513404775504263e+01
1.050552911600022910e+01
1.089768201362921651e+01
1.127186095229175322e+01
1.160052941141738181e+01
1.188624252425601568e+01
1.213240902595300952e+01
1.233588800028927857e+01
1.250501341691875723e+01
1.263962536810119985e+01
1.274617122383899570e+01
1.282892721930752522e+01
1.287085615082247614e+01
1.287218187450763196e+01
1.280091827529749793e+01
1.269594628320477270e+01
1.253844973972297794e+01
1.237023842888531711e+01
1.216170937345686376e+01
1.194402473687463484e+01
1.166894819787179749e+01
1.137422547253221161e+01
1.101869206082641206e+01
1.066415838153180751e+01
1.028120083487792336e+01
9.913170567907279462e+00
9.530743652987421655e+00
9.170158900752387154e+00
8.787800333062506297e+00
8.399427133210794594e+00
8.034528360124578938e+00
7.673863979900277243e+00
7.348426971025285859e+00
7.037388662290842589e+00
6.760466729372719641e+00
6.484370064027718428e+00
6.233728728299440469e+00
5.986167232272760153e+00
5.768518929177576915e+00
5.576686814539800530e+00
5.415544749157383819e+00
5.298560219909887792e+00
5.219857675705998901e+00
5.182533052265934082e+00
5.164283017705092682e+00
5.179971287559487436e+00
5.216890013619490674e+00
5.306242666101034011e+00
5.447933023557196108e+00
5.602569499023392297e+00
5.795132067332262160e+00
5.991688628635373881e+00
6.226083266086885004e+00
6.461095799292597697e+00
6.720365659279347703e+00
6.972552066397159187e+00
7.220155865820998109e+00
7.441056896937236154e+00
7.628129136378777098e+00
7.788268369286398318e+00
7.935449671097341451e+00
8.079631102305970813e+00
8.242048092415911853e+00
8.399493500728487660e+00
8.548830309665866878e+00
8.665576179115243249e+00
8.753911643957724920e+00
8.834123524277226025e+00
8.918753155033636304e+00
9.033109751986739155e+00
9.160029439102249427e+00
9.313466363392135960e+00
9.465623513729376270e+00
9.630199550461014724e+00
9.791146796410176378e+00
9.960224918560541596e+00
1.011926675496560968e+01
1.027366120874565958e+01
1.040812519768287814e+01
1.051664073107957620e+01
1.059639721224256270e+01
1.062880162790034788e+01
1.064201576117317671e+01
1.062734537641862964e+01
1.060708262550275016e+01
1.058370467700389028e+01
1.054837319966077125e+01
1.050827934730143198e+01
1.045683636846920450e+01
1.040499841360316324e+01
1.033779213563051691e+01
1.026020685873027993e+01
1.014200367785812951e+01
1.001567155296354805e+01
9.872081821587906703e+00
9.742381353439105496e+00
9.615905019035936974e+00
9.498141643375173970e+00
9.371693720297681551e+00
9.249639056979336971e+00
9.128988700504415021e+00
9.019848816021465154e+00
8.914401925575230479e+00
8.812907023781892946e+00
8.709566851266544063e+00
8.610241030688317920e+00
8.528291377776193727e+00
8.473233926680247663e+00
8.433612925820863637e+00
8.407633532150304845e+00
8.373111353825120062e+00
8.329037331258005494e+00
8.283152005174320820e+00
8.239612956746201533e+00
8.212822631145739294e+00
8.197152650022326625e+00
8.186244848102314009e+00
8.179570424381134686e+00
8.167401125924769190e+00
8.162333786299914351e+00
8.152442696338530581e+00
8.135432486009246844e+00
8.103462166834505709e+00
8.055582154446511822e+00
8.004965854956763494e+00
7.964998718871321159e+00
7.940963089748525050e+00
7.928653560693856406e+00
7.921511095654181212e+00
7.910016170598551888e+00
7.882333071554544546e+00
7.853567525375447111e+00
7.827274595534598589e+00
7.811452349189400124e+00
7.802931450808872071e+00
7.786239112881746749e+00
7.738050707787563098e+00
7.669396454889089831e+00
7.558510560314791960e+00
7.445524582289662519e+00
7.325206364603552345e+00
7.221327357305392880e+00
7.126950593166201386e+00
7.039182966376772654e+00
6.945137630139764262e+00
6.848773025247209212e+00
6.760603205870377330e+00
6.674504158042351420e+00
6.594826332936830404e+00
6.505335591711216559e+00
6.416757559171720082e+00
6.315857349281121635e+00
6.223544854053222330e+00
6.128415571519963301e+00
6.039878459839798097e+00
5.948866110301705312e+00
5.868572128754984796e+00
5.784674532936532998e+00
5.714460464097904868e+00
5.653664850275921694e+00
5.610963086406084877e+00
5.583543743040183749e+00
5.580434045553679390e+00
5.596688455503927351e+00
5.628485182898799621e+00
5.665169398297733139e+00
5.703657844719889347e+00
5.746050107534252938e+00
5.814055519874778533e+00
5.899226625070419949e+00
6.016568982677985566e+00
6.142890116111441756e+00
6.280571730625596594e+00
6.421951804111107442e+00
6.580454282088647133e+00
6.753926277387919619e+00
6.965620765684368720e+00
7.196166902877875415e+00
7.472438524715393271e+00
7.763910377438807409e+00
8.090982946553850752e+00
8.435399570431156846e+00
8.769258214181588684e+00
9.105844037848509487e+00
9.428268148640613688e+00
9.759240764128682244e+00
1.007325713315007576e+01
1.037778677852377385e+01
1.065483967693857004e+01
1.090969699687554240e+01
1.113399678675375881e+01
1.133752200348360972e+01
1.151496414045648464e+01
1.167598389001524239e+01
1.181377840407712121e+01
1.192357432811382800e+01
1.199692408798415322e+01
1.201166972769598829e+01
1.199154855398554353e+01
1.192939693868991924e+01
1.186266709572059952e+01
1.180113628241780432e+01
1.171640780234012702e+01
1.160658175515365897e+01
1.141275596834860728e+01
1.118961002627194468e+01
1.091071352254393112e+01
1.064863517554067407e+01
1.038930735392704818e+01
1.015702693256403677e+01
9.918234583699373275e+00
9.678606661819380008e+00
9.418445727230407627e+00
9.164588305946594460e+00
8.907314979589232351e+00
8.672806758884590295e+00
8.447811728539386777e+00
8.241665705151085319e+00
8.034781110615076827e+00
7.835337287755842262e+00
7.656148213140128611e+00
7.501320911081054810e+00
7.375055139744760346e+00
7.276153527091476114e+00
7.194657916428704780e+00
7.129026504024004396e+00
7.072068039852714705e+00
7.018532277732380642e+00
6.973847372745191286e+00
6.940546814522999597e+00
6.925949227398827013e+00
6.940098876617414092e+00
6.971103617210300030e+00
7.022485608013905534e+00
7.075513731353317404e+00
7.142919711765948421e+00
7.210582638263038469e+00
7.285427306608646347e+00
7.370009637689011406e+00
7.456981240483617768e+00
7.566906242701702645e+00
7.682875227861607925e+00
7.820993480415347143e+00
7.950173318194569738e+00
8.066544130153902259e+00
8.163778197165214578e+00
8.241338432858555052e+00
8.313304458040995826e+00
8.393576928136322834e+00
8.482957206701266628e+00
8.584024313823080732e+00
8.684045811325235675e+00
8.779927322016730429e+00
8.863771406062010527e+00
8.944348647295795374e+00
9.021339844772851890e+00
9.105446820108372918e+00
9.203463033892505862e+00
9.296212734880217710e+00
9.382127741145904309e+00
9.453332122509058522e+00
9.508960917144444025e+00
9.552431857352969402e+00
9.585509425410325690e+00
9.609848583129252830e+00
9.626277406050119723e+00
9.631261217067892844e+00
9.627400130920769072e+00
9.616127180911297145e+00
9.593538720614287030e+00
9.562414077335578355e+00
9.523982597083623602e+00
9.479302398521188167e+00
9.424231663654442315e+00
9.361297484934897994e+00
9.286572265360398148e+00
9.207600172814640160e+00
9.139106804433991371e+00
9.081719772650647116e+00
9.027989110204185152e+00
8.973383021817747718e+00
8.908791685158620410e+00
8.832460677755754830e+00
8.757018493519181490e+00
8.685671395409093165e+00
8.626928294253215057e+00
8.582361846400022642e+00
8.538657286343019237e+00
8.482531187375082382e+00
8.423403969255488732e+00
8.365519522579441869e+00
8.318049936752414553e+00
8.287746578322401803e+00
8.260169095936522154e+00
8.236981928732431513e+00
8.212143134930325772e+00
8.191907769243698567e+00
8.179404001014200176e+00
8.172722950608079628e+00
8.166197907993945293e+00
8.160736389115861300e+00
8.156121770334067378e+00
8.162053080987302422e+00
8.185130681412024600e+00
8.220718192139718994e+00
8.271764082647171890e+00
8.320035869978672949e+00
8.363797770881788551e+00
8.399911267093484568e+00
8.440592559614211510e+00
8.488461032819232699e+00
8.561595682561947029e+00
8.642216836569437177e+00
8.731042862934744520e+00
8.816521073211150750e+00
8.891351765460340673e+00
8.959159379484622931e+00
9.021347366049647931e+00
9.088457595628284480e+00
9.152882981309707233e+00
9.215744702747523220e+00
9.272237052603188090e+00
9.324458173117990967e+00
9.368086786955947431e+00
9.400561159714952097e+00
9.424480549608077240e+00
9.440815351917661857e+00
9.450703827703218707e+00
9.454943682342621614e+00
9.454669029973816308e+00
9.435703923163659468e+00
9.408611885450225643e+00
9.353767920183003071e+00
9.288845744792221026e+00
9.233144346613482156e+00
9.186455525166975278e+00
9.151668313319451187e+00
9.121202211076413491e+00
9.095247998500260778e+00
9.058397980730282129e+00
9.014903679332023856e+00
8.960610415274107510e+00
8.903164374833448136e+00
8.842046810933092971e+00
8.783118683092622447e+00
8.725112794131129945e+00
8.677743469914501517e+00
8.647610669287500329e+00
8.624899281865371137e+00
8.609153576771484850e+00
8.594516877766224638e+00
8.566748947529818636e+00
8.536119728584282029e+00
8.507257678814948321e+00
8.498668682960573761e+00
8.503387858606563654e+00
8.533888467982349013e+00
8.563674738944273557e+00
8.597091519587221953e+00
8.623977868059062857e+00
8.642507797272392267e+00
8.654268547641811082e+00
8.660083743130352119e+00
8.665664604934466553e+00
8.680239890960361748e+00
8.701037854348703249e+00
8.742126718136411512e+00
8.792347232181935368e+00
8.845895362919494076e+00
8.893359202297286714e+00
8.942696739304539122e+00
8.992925229986111546e+00
9.039079604898164533e+00
9.077622944603243482e+00
9.105429095906988124e+00
9.119865619191005024e+00
9.134231829822097026e+00
9.146798019473475705e+00
9.157599301173258155e+00
9.161841912424712575e+00
9.171224206998164874e+00
9.193231534686230333e+00
9.229247100148691985e+00
9.271442258509321022e+00
9.294424787418941847e+00
9.275284081806416836e+00
9.226322493510842548e+00
9.147334614748295678e+00
9.089210307829006297e+00
9.065454353102696317e+00
9.070932684346329822e+00
9.084607723998828988e+00
9.087902021795743579e+00
9.071434789859006642e+00
9.021005728235712340e+00
8.956069168849648321e+00
8.881924307151640718e+00
8.823476446400988493e+00
8.803408573019956052e+00
8.805299635989408458e+00
8.822139489641635635e+00
8.827600151789406269e+00
8.803347021036111997e+00
8.768556904899867277e+00
8.727718472095181923e+00
8.695980007402603462e+00
8.678967101873132250e+00
8.667499072169293939e+00
8.646545454383117502e+00
8.620532648396640241e+00
8.600482420500744851e+00
8.603615988674988557e+00
8.622422249796942495e+00
8.654661330358580429e+00
8.683145715670779197e+00
8.695997091870891538e+00
8.703484606002858115e+00
8.710664447416590406e+00
8.726877065048526561e+00
8.758726494138745267e+00
8.792128417087063497e+00
8.838519510066825902e+00
8.888976477763593564e+00
8.964124241293541573e+00
9.041577119368762183e+00
9.128886435387093101e+00
9.203576104626126408e+00
9.251051634728925777e+00
9.268764463391558905e+00
9.273746092448838851e+00
9.275958251803578136e+00
9.289210043313573806e+00
9.334116075170955540e+00
9.390884958314536846e+00
9.459490929411796145e+00
9.512769873406517362e+00
9.532631714155094471e+00
9.529350921002782471e+00
9.506779877905863430e+00
9.482923857752631136e+00
9.470043466335475557e+00
9.458128442544568415e+00
9.437717168762393527e+00
9.411929533287143101e+00
9.371552041428097723e+00
9.330935596046971980e+00
9.288451920125282868e+00
9.249243954414749780e+00
9.206727052226169050e+00
9.152296795540875607e+00
9.099902908187521788e+00
9.042613912642913476e+00
8.997060330519644822e+00
8.963488400987163374e+00
8.938834116731841917e+00
8.916414663678185804e+00
8.897151418641259468e+00
8.895857498264623686e+00
8.902296412960637895e+00
8.921394417382291664e+00
8.929876624582529843e+00
8.907571324357174802e+00
8.868653187600200383e+00
8.824728525230295162e+00
8.800431497348256471e+00
8.828510078001478689e+00
8.883826597662373814e+00
8.932989738627080456e+00
8.946643868390859566e+00
8.937196716928173856e+00
8.918132975783573002e+00
8.910257064761891499e+00
8.933844436478295847e+00
8.958874649582295291e+00
8.973844831336778682e+00
8.967398867932077522e+00
8.950141482413190630e+00
8.937974471909390317e+00
8.952353087475126259e+00
8.979844827785964156e+00
9.019804695576631559e+00
9.050452887129658563e+00
9.066660042916010909e+00
9.077322488649301135e+00
9.082118100098702129e+00
9.086900048167715127e+00
9.095810993027379610e+00
9.097403481474835019e+00
9.094472610829049231e+00
9.072596771026482543e+00
9.047960102911337898e+00
9.034071283915436013e+00
9.031608351818933400e+00
9.052618513039609738e+00
9.075566749351001050e+00
9.092789048855211220e+00
9.102618462052490145e+00
9.122411553357425262e+00
9.152807900134387609e+00
9.206606710656608072e+00
9.256887701546933300e+00
9.282523132221179196e+00
9.276816549926348188e+00
9.227395724916162223e+00
9.160540890545364690e+00
9.105861276786299641e+00
9.091183990580399055e+00
9.098312948446601212e+00
9.135181962611877537e+00
9.165028275470161745e+00
9.179584298641325191e+00
9.174213737998284657e+00
9.143243330068873576e+00
9.102518704102177338e+00
9.055514152716130027e+00
9.008042259446908062e+00
8.964345605995795552e+00
8.938719820091099777e+00
8.940713209092940872e+00
8.952897144954423680e+00
8.969507037377978165e+00
8.970593641680402186e+00
8.951556262335328640e+00
8.929127801292203515e+00
8.927678946656136816e+00
8.960267111856635935e+00
9.001876788382709549e+00
9.028682039987026897e+00
9.026035859674285788e+00
8.976118565962474705e+00
8.922246726795892258e+00
8.890122319103419102e+00
8.896740691787515587e+00
8.942111270072958362e+00
8.987597754400239225e+00
8.998197070193386438e+00
8.986305327129828768e+00
8.960152835742162480e+00
8.951763404425385318e+00
8.988073556885728621e+00
9.040663988912051252e+00
9.104979983059292792e+00
9.154398448112278430e+00
9.191109556587933938e+00
9.222775354889847677e+00
9.259872497353232035e+00
9.314905944924952053e+00
9.372294960466909686e+00
9.438611870041002661e+00
9.491137040466366415e+00
9.530397152233287983e+00
9.554646207415318671e+00
9.566986982874034595e+00
9.579338472314303132e+00
9.589908014406162806e+00
9.608799693777470452e+00
9.637610301498812149e+00
9.669021939798369658e+00
9.718533550290786138e+00
9.770933136651340334e+00
9.838113372744338392e+00
9.905730032785164951e+00
9.969819370707421413e+00
1.006857851129228720e+01
1.024416688085624472e+01
1.073199786016419210e+01
1.150360480977529498e+01
1.296735014598625213e+01
1.473714937603496544e+01
1.711805601549371403e+01
1.952749918423785758e+01
2.219828525496892269e+01
2.480131474831790328e+01
2.772640328989058389e+01
3.068648811465840609e+01
3.406026577059454752e+01
3.734675358913158760e+01
4.076037122531331391e+01
4.391288982334463498e+01
4.703562900032021332e+01
4.992920921654436484e+01
5.281473342008636251e+01
5.557813044898800570e+01
5.802746701017003517e+01
6.019080998890138545e+01
6.202403349465112825e+01
6.358489139325996575e+01
6.493319315119406099e+01
6.612820884282126599e+01
6.716121643054037804e+01
6.800843740911150803e+01
6.866324306159114599e+01
6.902539172283898949e+01
6.917434707579874953e+01
6.894321225900851857e+01
6.849012256947538901e+01
6.754604607695073071e+01
6.636801956642115385e+01
6.458533928382917111e+01
6.259351926848389525e+01
5.998681683589806823e+01
5.728309389730975454e+01
5.415638691137962013e+01
5.084441869104355050e+01
4.769647808878458051e+01
4.442712581840026331e+01
4.131969125999186332e+01
3.808264194657621715e+01
3.503602887863206661e+01
3.201122589971293309e+01
2.928519784915474489e+01
2.675205378095452602e+01
2.451476866820185663e+01
2.248014929464735090e+01
2.070262655851034239e+01
1.913915437839576938e+01
1.781087712937723211e+01
1.670217288178896453e+01
1.577474728942422821e+01
1.504117496160677270e+01
1.446569280038108829e+01
1.410929080967965099e+01
1.400412015618694284e+01
1.407473462688000865e+01
1.453036022632817037e+01
1.522455776000450278e+01
1.644732938224833774e+01
1.785799899127173163e+01
1.968072394653057344e+01
2.152208439528721939e+01
2.363173524235634204e+01
2.575300953971966322e+01
2.824059210038634049e+01
3.076291607363726754e+01
3.360043620227659744e+01
3.633757244033972711e+01
3.919152704327799341e+01
4.187410117356670725e+01
4.463049309631173145e+01
4.721907299866322916e+01
4.979473986445359657e+01
5.211495603934304199e+01
5.424993610591250359e+01
5.613827022513783760e+01
5.778635881805936236e+01
5.927079013373656124e+01
6.057865415825671107e+01
6.175064182702683979e+01
6.275641364225835162e+01
6.357898262684688717e+01
6.423470519871530371e+01
6.466580019667075874e+01
6.492635100979525475e+01
6.488955081085728693e+01
6.465610541642571718e+01
6.402174256662841856e+01
6.319630386727218507e+01
6.191957783642692448e+01
6.049922293211025703e+01
5.864418628636148156e+01
5.668288080246854577e+01
5.425349607449469147e+01
5.176306175247356123e+01
4.894028280934588793e+01
4.603254338888264385e+01
4.332486142470386881e+01
4.059621144357601707e+01
3.802340534615366607e+01
3.536528578390844757e+01
3.287244081122010897e+01
3.044425856843800560e+01
2.829254989733282244e+01
2.638055820892281034e+01
2.473447294878101133e+01
2.328718394931797775e+01
2.202144604659744687e+01
2.090305508816425473e+01
1.994114263478891402e+01
1.914124390578148294e+01
1.848869321002311494e+01
1.799830083440834727e+01
1.762897600000402676e+01
1.744862425679018969e+01
1.752830421078965628e+01
1.780518300620737548e+01
1.849671726562376861e+01
1.936993866515804186e+01
2.061961382361297979e+01
2.195052658127020351e+01
2.359136397025427812e+01
2.529360944125487265e+01
2.734300634186954682e+01
2.942948616444280674e+01
3.178805130345766727e+01
3.407190473171333167e+01
3.649409228654532455e+01
3.881982024159338351e+01
4.128680288946748789e+01
4.364454343374760725e+01
4.605146363719527614e+01
4.824869862142070076e+01
5.031903374788888783e+01
5.214509630438251975e+01
5.381364707612024034e+01
5.532229315757297883e+01
5.665845414471387897e+01
5.786467207648190225e+01
5.892327853411538996e+01
5.985601034918494889e+01
6.064786950951244648e+01
6.127872856355104858e+01
6.176181486803858434e+01
6.201193203199893134e+01
6.210113207796511858e+01
6.188256399608477665e+01
6.149162706132820233e+01
6.073236912176154334e+01
5.983301070441554259e+01
5.858459793191552478e+01
5.724863397114761909e+01
5.555157320847355606e+01
5.374579469097633222e+01
5.151559428921279959e+01
4.924289053797396321e+01
4.671812094972167984e+01
4.417095801711619174e+01
4.181523666654532434e+01
3.943664716246811253e+01
3.718776310222060744e+01
3.485497074456548461e+01
3.268265809980262304e+01
3.061851916384313554e+01
2.884412463784990877e+01
2.733782989912207029e+01
2.604799330980261729e+01
2.489263839072567919e+01
2.385160898145917940e+01
2.288455118771100061e+01
2.205088556028075431e+01
2.136769155684379839e+01
2.081865460830638526e+01
2.041994407193237748e+01
2.013212623142059243e+01
2.003894544229536834e+01
2.022401737013419876e+01
2.058578816879718687e+01
2.129253473336281033e+01
2.212257396579404656e+01
2.325393707697643819e+01
2.447632603450159294e+01
2.603146024501477385e+01
2.765418023346276044e+01
2.956450243145415158e+01
3.145043063163728192e+01
3.348193205876443557e+01
3.543753287604905466e+01
3.754413686644443970e+01
3.959929772241220292e+01
4.180219599539983477e+01
4.388286997245786836e+01
4.593458788989897101e+01
4.777242834533857518e+01
4.947045328212483639e+01
5.098584800116996263e+01
5.240101896351230693e+01
5.371496995978934308e+01
5.487388626000584679e+01
5.590434677513471939e+01
5.678804632858703627e+01
5.753851319555688804e+01
5.816828633493221190e+01
5.866800003241547046e+01
5.903675139223462054e+01
5.920071407612972791e+01
5.921133679034500119e+01
5.894351865998953599e+01
5.854718079504431216e+01
5.788120399376377634e+01
5.711604071000905236e+01
5.606142694125034609e+01
5.492473521514779833e+01
5.347499711049295001e+01
5.196292254587367410e+01
5.013955886127160966e+01
4.828537516187997625e+01
4.617069804687962886e+01
4.412534713553225174e+01
4.199535511339285421e+01
3.990244752965777053e+01
3.795597489616922360e+01
3.599822363619266241e+01
3.417520514857159242e+01
3.240244099860178295e+01
3.083065313263266560e+01
2.944164034829631049e+01
2.825051000736665330e+01
2.721839619470480187e+01
2.631591586553111739e+01
2.551933879338015032e+01
2.483409156063644474e+01
2.426465187723060524e+01
2.379969072450030865e+01
2.344075858285804514e+01
2.316331017417725135e+01
2.301341877718556006e+01
2.297318517290569062e+01
2.316926077741681667e+01
2.362337528995488967e+01
2.421035125447023262e+01
2.506427844489669354e+01
2.600205723520697632e+01
2.721881951440159142e+01
2.851627936804255725e+01
3.010829064381474751e+01
3.171053203179379310e+01
3.347323293940905131e+01
3.515750623883240422e+01
3.694089031499579079e+01
3.867163812099892795e+01
4.055416502866259520e+01
4.235980210356073172e+01
4.420015876819435618e+01
4.586694151743797931e+01
4.741727833920617030e+01
4.879325504292575033e+01
5.007975274233977814e+01
5.124314700270451794e+01
5.233629652377337038e+01
5.330402558492541232e+01
5.412807967077606719e+01
5.481925530430439153e+01
5.540569043782755898e+01
5.589999540751449558e+01
5.630552233030511644e+01
5.657265659844908612e+01
5.671934628929173527e+01
5.664376611510297721e+01
5.644668408567259377e+01
5.601274312591605309e+01
5.548281078192235327e+01
5.472854319021279679e+01
5.390150299249395260e+01
5.284192111235645228e+01
5.172900406570054344e+01
5.036355133114069815e+01
4.894672366461624335e+01
4.724023603151565709e+01
4.550602626010424956e+01
4.359115521711724739e+01
4.179939819047006466e+01
4.006375376944392031e+01
3.844215475511087732e+01
3.693394584233295319e+01
3.535165933850325359e+01
3.382593524975388277e+01
3.226504237148908771e+01
3.088242940981154305e+01
2.968967907786020533e+01
2.870399314100658117e+01
2.788378253303305598e+01
2.716332567828029454e+01
2.648047566075969428e+01
2.587038275336650273e+01
2.535061303809056810e+01
2.494684492641259155e+01
2.470179043853702083e+01
2.455851989180063200e+01
2.456830861566111324e+01
2.466390378867217947e+01
2.496007864587780745e+01
2.548352235198849414e+01
2.611401138962610347e+01
2.699938108353248722e+01
2.795580248699949166e+01
2.916531048698720241e+01
3.044119332035683101e+01
3.198276641425047018e+01
3.353348005157110379e+01
3.523911493152822771e+01
3.685264952697352925e+01
3.850738502802875729e+01
4.007473160003453216e+01
4.171482483213689818e+01
4.328260824329374401e+01
4.489025695428062335e+01
4.636003942320306237e+01
4.774638268041087485e+01
4.897069320829047712e+01
5.009438318035837767e+01
5.110049507094610988e+01
5.204423759621148804e+01
5.290767015338093415e+01
5.365842302037449230e+01
5.429791765608369758e+01
5.482304993031616647e+01
5.522822691701082221e+01
5.553023232501277562e+01
5.568934310112089747e+01
5.574310869858855000e+01
5.558913089936893925e+01
5.532195603188623778e+01
5.482311505476493352e+01
5.424160748450805158e+01
5.344525655632395456e+01
5.259720375943833659e+01
5.153686342353567795e+01
5.042903881679210087e+01
4.906578140471967941e+01
4.764949697882583735e+01
4.595695130892983116e+01
4.427066991413352781e+01
4.246353109847868268e+01
4.079886573871988986e+01
3.921157980842109936e+01
3.772630121770131950e+01
3.634521650670779991e+01
3.490330389402260636e+01
3.352059069569072847e+01
3.214014729249367974e+01
3.092327809903415670e+01
2.988576853121860566e+01
2.902352313158156960e+01
2.828925458663722026e+01
2.763101921369828773e+01
2.700371546285012414e+01
2.644586220827800815e+01
2.598975173978154984e+01
2.564173754360450985e+01
2.544382319894367939e+01
2.534153928243526721e+01
2.538812668673350714e+01
2.552645886452551949e+01
2.587584863590254969e+01
2.644825383922139395e+01
2.711907209150486864e+01
2.803654726079981785e+01
2.902776622976074350e+01
3.027255759418199688e+01
3.156620588832316798e+01
3.307193446275994120e+01
3.454416605359017467e+01
3.612095775660484520e+01
3.762366384023732735e+01
3.921415116700264747e+01
4.074919248822278206e+01
4.236983860207678987e+01
4.389484081250310510e+01
4.538901539672421137e+01
4.672019725386192590e+01
4.794543795955366505e+01
4.903188697580191047e+01
5.004289978589269339e+01
5.098036866875771267e+01
5.181570089549775560e+01
5.256614184600952200e+01
5.321114167303591813e+01
5.376202886683156379e+01
5.421544396037576519e+01
5.455201087312982366e+01
5.479117939251171521e+01
