7.657168134759621651e-03
5.502288752624610348e-03
7.495529335738156801e-03
1.032257563866383586e-02
1.303846304835726624e-02
1.546296584394398106e-02
1.758329224864946250e-02
1.941369925708398905e-02
2.099264967321982575e-02
1.826129547597990510e-02
1.375428407426823076e-02
1.312682594786833412e-02
1.975238553047638929e-02
2.723776328602023691e-02
3.374929732920970565e-02
3.355086578775495765e-02
2.309693372117643459e-02
1.869810362685733404e-02
1.906891644156089721e-02
1.983731913281677750e-02
2.215757149441089854e-02
2.794078954279899732e-02
3.327354404473982508e-02
3.820984937956992122e-02
3.032018927545314033e-02
2.655214669919238324e-02
4.335313131696486716e-02
7.539923657134202373e-02
8.932528814487475377e-02
8.969649979535272710e-02
7.529549280072346529e-02
7.523971245780117223e-02
5.795411228046552093e-02
5.454586731657347365e-02
7.735954286819216041e-02
1.154906051009107065e-01
1.462466149855564945e-01
1.355312984211143601e-01
1.268292162109519727e-01
1.135003928930187478e-01
1.079779032206691913e-01
6.009506351447482103e-02
1.011240450251447154e-01
1.224037810872878884e-01
9.717004482333534143e-02
5.889189466960118025e-02
1.111885809441449519e-01
9.395379530260658529e-02
6.576317501349897288e-02
7.456455013018843669e-02
7.529900751873558340e-02
2.212532170139100765e-02
2.629679917714652579e-02
2.962043243091983663e-02
4.413296014834382913e-02
9.189469596599483814e-02
1.254110577394186576e-01
1.382847796582534206e-01
1.149254930199862107e-01
9.415528596416569695e-02
7.394177213582726893e-02
5.940301101438485998e-02
4.955002472869143859e-02
4.258754646038874492e-02
2.721129321373800744e-02
4.868653570406644010e-02
8.455652955914816360e-02
1.135897936420015714e-01
1.262122230825120928e-01
1.257824134162391638e-01
9.151463482583865883e-02
6.287478052303807630e-02
6.237180327596356794e-02
6.820124876300578953e-02
7.577138046138923166e-02
9.815164878341321730e-02
1.218026450560922846e-01
1.211600543297360749e-01
1.031331781995124958e-01
7.128798314629034016e-02
5.118408215678096201e-02
5.337673638799267373e-02
7.752051861352581008e-02
1.255255516780392211e-01
1.551793779758364189e-01
1.447339519972287158e-01
1.116817402319528751e-01
6.511064284208535613e-02
3.657849620090444787e-02
4.038794186059924129e-02
7.632161164222490968e-02
1.405541745643088536e-01
1.889677073687641984e-01
1.860091743763949146e-01
1.500232857209756743e-01
8.415059386613858716e-02
4.661479384799040865e-02
4.788144091467558261e-02
9.391428441225486978e-02
1.473438130671074486e-01
1.719982439710141531e-01
1.732582412578838882e-01
1.553094298520975858e-01
1.505872283375552234e-01
1.469567146176035677e-01
1.437417651050441614e-01
1.406804286823828409e-01
1.431381425806392271e-01
1.192852937854422118e-01
9.099588728615486122e-02
1.164992465026074703e-01
1.720582346802050078e-01
2.004462302547436181e-01
1.987986563031468312e-01
1.620413856350522153e-01
1.317428635071372367e-01
1.174779185880521215e-01
1.257621710167572682e-01
1.411930888745416002e-01
1.629358480809846021e-01
1.782523244471631019e-01
1.787948648694131226e-01
1.694956709451943544e-01
1.513804235497526463e-01
1.384336627506568551e-01
1.343322710425313427e-01
1.411514938885111425e-01
1.640624904380611204e-01
1.922647406505425816e-01
2.085317992826077327e-01
2.089265632792321747e-01
1.972050123349602113e-01
1.969563647013434227e-01
2.053253192209331668e-01
2.117801934968787381e-01
2.174381969503338674e-01
2.185543321768353697e-01
2.144634381835883175e-01
1.966266327574141271e-01
1.891142960228403280e-01
2.130269201752010844e-01
2.526806127045836403e-01
2.882942902613844782e-01
2.902998181806374922e-01
2.352782477036028663e-01
1.807768664850475382e-01
1.626523583526590100e-01
1.769226498899680033e-01
2.367339100422801434e-01
3.112487543874942197e-01
3.546512731107087646e-01
3.490071280440243395e-01
2.787869862087112849e-01
2.177123486968826072e-01
2.013948964253198526e-01
2.308903780557288454e-01
2.780569637034487340e-01
3.407218512829192081e-01
3.829468809303907539e-01
3.700896314443630764e-01
3.316129108300506778e-01
2.798471995085426434e-01
2.550061872599210244e-01
2.627227294078093855e-01
2.800336290368171110e-01
3.117195774176934608e-01
3.400488290967524918e-01
3.536116929617811877e-01
3.583183169534520096e-01
3.577842452334860646e-01
3.556982759213083711e-01
3.406892393383051942e-01
3.186970106274739090e-01
3.046290336425014900e-01
3.061441365110921242e-01
3.335298283567031397e-01
3.693299164058022610e-01
3.908237045736571713e-01
3.804838783884132991e-01
3.597700600123974191e-01
3.409703494762991727e-01
3.377973793578348816e-01
3.521127829470162562e-01
3.654411951018705085e-01
3.774163348905148485e-01
3.845113553871536971e-01
3.897162010760682471e-01
3.966882827278699342e-01
4.028968975270329489e-01
4.109902599732383477e-01
4.274915833963167100e-01
4.496162280661619159e-01
4.702286657328007546e-01
4.733112662223400990e-01
4.507390665109914929e-01
4.285037749063362877e-01
4.240508006664623908e-01
4.431349092540581847e-01
4.689368303322847265e-01
4.867167260051123434e-01
4.902713433494456097e-01
4.711206749166909624e-01
4.557887856663326298e-01
4.564140764130275030e-01
4.714896256000113972e-01
4.963863706791513675e-01
5.164712346939516197e-01
5.274002263425946468e-01
5.294138640435287479e-01
5.197580500313582208e-01
5.101680405032738008e-01
5.003562531887003617e-01
4.984924254698656632e-01
5.074314320870445538e-01
5.291486257654764991e-01
5.654547699211847078e-01
5.962999936356028208e-01
6.074683733012525844e-01
5.877332815903809626e-01
5.630257038547974435e-01
5.421276645727077792e-01
5.348839087950473248e-01
5.323220699100594810e-01
5.400860929662204546e-01
5.685223072526970345e-01
6.057232015349502952e-01
6.319575211931810488e-01
6.392647777535220843e-01
6.195301643708238659e-01
5.982831734625168041e-01
5.801146128105656441e-01
5.788967747090428828e-01
5.999915024453846835e-01
6.292024737106013399e-01
6.544909930789420960e-01
6.599179044979610609e-01
6.580630928674621183e-01
6.561176566892937823e-01
6.598758035338088135e-01
6.730582933048445682e-01
6.834326269901151996e-01
6.812939128295805169e-01
6.741362233313753505e-01
6.641858902894129946e-01
6.633907917227220841e-01
6.811809101923584908e-01
7.057696167812623766e-01
7.233825206496006244e-01
7.251678123737221870e-01
7.080232319818184905e-01
6.936112368721977228e-01
6.899912700493391338e-01
6.967854730003776309e-01
7.198340720197538012e-01
7.443031919820309872e-01
7.623945612132146943e-01
7.681936016664354661e-01
7.677363678649398171e-01
7.665104480409773435e-01
7.670797143282894748e-01
7.740495062783322444e-01
7.822628357006293776e-01
7.863619840792723803e-01
7.890835049350480856e-01
7.889446771601225095e-01
7.892144484197561871e-01
7.897570752362083057e-01
7.887422396729808494e-01
7.814531683281155106e-01
7.734634281636075803e-01
7.747960395954860413e-01
7.881642841038661862e-01
8.164635838656614242e-01
8.385228051131883298e-01
8.410095106383577157e-01
8.245600959967988031e-01
8.066192101194403774e-01
8.023840510332568288e-01
8.084560872372599238e-01
8.285023063512617636e-01
8.460713983986044573e-01
8.564808809562826086e-01
8.641530255401875804e-01
8.719649379956341262e-01
8.833318537823540151e-01
8.984384904735661648e-01
9.078136937732158573e-01
9.067481843610881720e-01
9.005742213804256435e-01
8.934318704332692151e-01
8.914676174253106655e-01
9.015925902565413708e-01
9.190398026917331320e-01
9.354260478913607457e-01
9.399840926438809419e-01
9.327768097426361038e-01
9.209295592043509338e-01
9.192319439362625078e-01
9.311887245960670523e-01
9.473313802574840903e-01
9.582090574919495118e-01
9.628030848618058801e-01
9.584405698555962250e-01
9.495530153001253693e-01
9.443647996760838881e-01
9.472480063077568513e-01
9.604588416506351090e-01
9.778251429284942065e-01
9.964045501399169114e-01
1.005233088720193235e+00
9.943611372135076065e-01
9.768676522408192842e-01
9.616992255427733172e-01
9.666640938278352468e-01
9.854416680837634335e-01
1.012985108579074867e+00
1.028077823693060777e+00
1.021327213572423176e+00
1.007836744114392724e+00
9.946972737467297820e-01
9.926033501199386100e-01
1.006481862437879515e+00
1.021368102328778615e+00
1.029684621734072492e+00
1.031289051536987911e+00
1.033853382416370481e+00
1.040927371883769714e+00
1.050191511203670824e+00
1.056759448075639263e+00
1.057139830749626919e+00
1.056863015037682096e+00
1.059262728824444943e+00
1.069812112560101891e+00
1.078485147784945752e+00
1.079454951501569671e+00
1.075906701053604309e+00
1.074508146693742061e+00
1.081750655500485436e+00
1.100157961788015282e+00
1.114267429166360346e+00
1.112516914468809626e+00
1.105836755549896022e+00
1.095756738258679475e+00
1.091822111409028295e+00
1.091281264710239229e+00
1.091446089186274948e+00
1.090585959072558619e+00
1.095141770585959407e+00
1.114948779273737589e+00
1.139893051883721364e+00
1.159280293864480393e+00
1.160510928059449443e+00
1.139630033766176442e+00
1.124438772065892600e+00
1.127773817809529566e+00
1.146812722299497933e+00
1.161866067156616111e+00
1.157402224956939119e+00
1.142998300147681112e+00
1.131610974445258044e+00
1.130386662206258164e+00
1.143832426193601703e+00
1.157038719016350692e+00
1.158667146944122095e+00
1.156010201473149257e+00
1.151688521105617147e+00
1.153254002127048983e+00
1.169471375388336565e+00
1.186350238736386453e+00
1.200031516453992531e+00
1.203677556583785169e+00
1.198433218393606392e+00
1.191668999773022319e+00
1.186979343393788744e+00
1.191210604380606108e+00
1.197447729389692128e+00
1.205483740691024597e+00
1.210097520146849126e+00
1.209705022950149589e+00
1.208882195030138718e+00
1.205628840145604785e+00
1.204612552704218631e+00
1.205867249578486788e+00
1.203775744341581522e+00
1.197772969430590306e+00
1.197994860789248328e+00
1.212466251576662435e+00
1.234014596277050346e+00
1.250051252048952177e+00
1.250439059803853059e+00
1.228473775350750197e+00
1.204667983547184074e+00
1.190383855721694362e+00
1.193672997514535705e+00
1.219074514802370057e+00
1.242451494453760352e+00
1.254148895184625134e+00
1.250592845322015867e+00
1.243894397762925985e+00
1.238126099845795025e+00
1.238503459583128352e+00
1.243513266312894050e+00
1.248679103892465170e+00
1.251367653454435125e+00
1.255265011669880026e+00
1.264255945310615692e+00
1.273263716443690852e+00
1.282253113449951298e+00
1.289361565627158646e+00
1.292408292485216714e+00
1.292243075494605042e+00
1.289428030110902901e+00
1.284837365642963025e+00
1.282649986916044593e+00
1.286752947075535003e+00
1.292826664316257368e+00
1.297521243432950833e+00
1.295475418150219049e+00
1.285522214128656193e+00
1.274850314590634692e+00
1.264595093254123670e+00
1.263741810771756846e+00
1.269113417329336579e+00
1.276010423725276954e+00
1.282301314764900724e+00
1.290099037563130269e+00
1.300124537216005294e+00
1.310793487821688474e+00
1.322770790840129829e+00
1.329591825102891089e+00
1.325177719406471999e+00
1.315138480145167321e+00
1.305225776295137807e+00
1.300946349742835295e+00
1.307129559836899935e+00
1.318232948898031776e+00
1.329785568977114307e+00
1.337203821158140515e+00
1.338144208310796612e+00
1.328588608238867375e+00
1.319209897142597177e+00
1.310230610421531328e+00
1.303148050085129350e+00
1.296992322668001130e+00
1.290164937647472643e+00
1.286641435866793914e+00
1.290564216472207759e+00
1.306094169121406301e+00
1.323781290578391667e+00
1.338889601079555902e+00
1.346561725581888247e+00
1.335232958055294628e+00
1.321502903251321026e+00
1.309658096773631986e+00
1.310019500230545475e+00
1.320798363947619070e+00
1.330912917694144770e+00
1.337236294756823263e+00
1.336994503812178214e+00
1.338815267535263809e+00
1.340634290612230828e+00
1.343923664013099373e+00
1.347942682449965623e+00
1.350772229180324802e+00
1.350550037479017140e+00
1.348673533276098402e+00
1.345552633894181671e+00
1.346200512430737017e+00
1.350859900216864418e+00
1.353292454909239773e+00
1.350060430349745433e+00
1.342575686056785678e+00
1.331977011270449651e+00
1.327700661481408417e+00
1.330522750085159966e+00
1.341916042408657805e+00
1.352928415334111012e+00
1.357015126239134784e+00
1.353351250030519148e+00
1.348220950140831986e+00
1.348894396270787333e+00
1.359416846968686476e+00
1.372455395438366477e+00
1.378880021462660199e+00
1.376535131718733984e+00
1.358549224120631393e+00
1.343433316906471164e+00
1.337353797179924086e+00
1.339176156693133057e+00
1.349979342374564739e+00
1.357592833726030790e+00
1.356445073707545745e+00
1.352429913949922069e+00
1.350318488301410991e+00
1.353978231165233082e+00
1.369591155664051652e+00
1.383750174850485015e+00
1.386032457100031534e+00
1.371099831324369189e+00
1.354802821476062347e+00
1.340560909899635833e+00
1.334525828171063466e+00
1.342499843730497577e+00
1.356417189345098473e+00
1.367841446561127050e+00
1.373529844680911438e+00
1.368965529218202359e+00
1.362272241018117169e+00
1.356989580799704997e+00
1.356902941484797287e+00
1.363440446726355226e+00
1.371007065998889551e+00
1.373491661402406638e+00
1.371835182193530178e+00
1.361510290765830300e+00
1.350625990854951830e+00
1.343252659344971400e+00
1.343449532159736837e+00
1.349604182750318238e+00
1.356462652337625308e+00
1.360376816785167309e+00
1.357509921208238435e+00
1.352907696009244320e+00
1.347055509762567826e+00
1.345509983471087301e+00
1.349878924364266375e+00
1.354295272102828074e+00
1.354370001383027100e+00
1.351211275510934673e+00
1.345275576501259840e+00
1.340065494175832539e+00
1.340119162520814866e+00
1.343428593752753697e+00
1.348333518125255148e+00
1.348496606426372590e+00
1.344732710489341398e+00
1.337769843807522285e+00
1.331513282202545279e+00
1.329973898267849730e+00
1.329664862288290283e+00
1.329317706597999971e+00
1.329572581881084403e+00
1.330458708978793148e+00
1.332654163054592500e+00
1.336062686723535453e+00
1.337275030014706045e+00
1.339309541908525025e+00
1.339323257476942919e+00
1.339427506607154594e+00
1.340914360214588319e+00
1.342319699983285153e+00
1.342756888942125082e+00
1.339917078603614753e+00
1.336836524851892083e+00
1.333156454440669325e+00
1.331639692245824458e+00
1.329384975603315144e+00
1.329130529696138652e+00
1.328630453874644068e+00
1.331085290564470780e+00
1.337449933981213368e+00
1.346814890583065027e+00
1.352591216213584913e+00
1.350625385718340343e+00
1.340456934633370789e+00
1.330854380381959468e+00
1.326045933169350155e+00
1.335372394690395481e+00
1.347778060105496500e+00
1.357847971929249553e+00
1.359314828239390538e+00
1.351664427844975425e+00
1.344764618419451940e+00
1.337396958327320418e+00
1.334560207452386349e+00
1.331048005337640339e+00
1.331737918681578092e+00
1.333779855776690670e+00
1.336840077310733399e+00
1.340978928317426488e+00
1.344125716906492851e+00
1.345002788288588214e+00
1.342630029108733636e+00
1.339164257788685974e+00
1.334458589560029163e+00
1.330098001916015349e+00
1.325744489781212732e+00
1.322907736020782377e+00
1.325871048696114940e+00
1.328776317129595208e+00
1.331874760274850633e+00
1.333130761989558266e+00
1.330166914275457302e+00
1.324946078437273078e+00
1.322118589253509446e+00
1.326197769200464283e+00
1.334351540281691673e+00
1.342972466837755841e+00
1.346644639651202180e+00
1.340261316815740011e+00
1.334516321537825956e+00
1.330081969313012591e+00
1.329234336106962289e+00
1.335832474187816921e+00
1.344761171998557048e+00
1.350836555770914327e+00
1.353481854108275151e+00
1.346835266214511551e+00
1.336718234093869029e+00
1.330023608349038655e+00
1.330224679881173655e+00
1.339615875250314225e+00
1.351110180739141908e+00
1.358336097116688457e+00
1.362579460138398257e+00
1.360764944111754859e+00
1.355261754798170681e+00
1.349476487490865795e+00
1.342934486489828050e+00
1.341354789097245703e+00
1.341753233691386216e+00
1.344135171945675111e+00
1.344716289047651836e+00
1.342117335107197995e+00
1.336414570477888253e+00
1.332906261260068392e+00
1.335367193794968710e+00
1.340792327948883145e+00
1.347043603942293055e+00
1.353375863331764295e+00
1.356533772724383802e+00
1.357595749811721930e+00
1.352090840632530266e+00
1.341166218683988776e+00
1.331949155210047753e+00
1.329873533579818412e+00
1.333887926004980296e+00
1.340460657388199417e+00
1.343203951718227485e+00
1.335929530577867341e+00
1.325663674414077509e+00
1.321388727016394649e+00
1.324691854130447100e+00
1.342701391312148829e+00
1.363257875824995136e+00
1.376827635334936684e+00
1.379609169869150387e+00
1.369973162840681047e+00
1.355604885190768494e+00
1.341519180966001645e+00
1.333516412285170594e+00
1.331512947177223793e+00
1.333717224983792082e+00
1.334121215096551127e+00
1.333354125167439674e+00
1.333579365198453548e+00
1.339493162982675845e+00
1.347468384851153278e+00
1.357004493293201497e+00
1.363720721906440225e+00
1.363402818782959214e+00
1.360375352024092876e+00
1.352515000624326946e+00
1.347814594497773300e+00
1.343707160388416755e+00
1.341648069723834213e+00
1.340381495847851490e+00
1.327434284351421079e+00
1.270916661206445308e+00
1.180741993015456570e+00
1.040283976273625122e+00
9.582607329222573300e-01
1.186659396247040199e+00
1.645662617090653645e+00
2.255976499067068097e+00
2.819110809011000640e+00
3.438572577706024980e+00
4.078515854336909108e+00
4.860936361689905283e+00
5.651442090777632821e+00
6.486044695020052764e+00
7.236361932585458234e+00
7.909244682040870167e+00
8.498597929000515805e+00
9.069900738274286667e+00
9.615411938498716893e+00
1.018335575292742590e+01
1.070915270062472224e+01
1.119482033215795624e+01
1.162014641889639321e+01
1.201184563941599315e+01
1.234617977156298174e+01
1.257783309891516765e+01
1.268629733360831935e+01
1.259574885388860288e+01
1.244008895215709565e+01
1.235553089044600306e+01
1.241085799087257513e+01
1.252074140521948209e+01
1.262857574030470253e+01
1.266359228451870322e+01
1.257669973609326242e+01
1.246054293093651033e+01
1.233692371080446826e+01
1.223364337943593583e+01
1.213268896639119099e+01
1.201590451996209552e+01
1.184135893706523035e+01
1.165143363091359952e+01
1.143442368851202318e+01
1.123255794910740057e+01
1.103212801680721000e+01
1.083234654454993162e+01
1.059127063845369143e+01
1.033347239794944628e+01
1.002367986212654394e+01
9.718771262902006214e+00
9.410509075071516349e+00
9.135122129604964059e+00
8.895393886079979495e+00
8.673192549970810461e+00
8.462550018093985216e+00
8.242531577637400630e+00
8.023495896915560976e+00
7.794019689813332263e+00
7.588038434719003078e+00
7.391461304196689674e+00
7.219081826861629914e+00
7.064617485891818482e+00
6.925603042039353063e+00
6.800245304138840652e+00
6.691020452519395256e+00
6.604914082382921769e+00
6.545924596782032978e+00
6.528637729540926138e+00
6.542647279130902938e+00
6.594528572329643623e+00
6.661003798050601610e+00
6.743791427744211475e+00
6.834456016249847110e+00
6.931996309756039309e+00
7.050716546909068683e+00
7.179568179151834428e+00
7.339765457195697174e+00
7.497240987084935249e+00
7.672679360665884296e+00
7.839884015648755700e+00
8.018225824906565435e+00
8.197811486544038573e+00
8.399441283090833821e+00
8.601265561862113884e+00
8.820342492597340822e+00
9.025527148360449559e+00
9.225604540114730412e+00
9.405051325307821841e+00
9.554254423945829799e+00
9.665656186670231520e+00
9.707560069640209122e+00
9.711775258962182633e+00
9.669427231020076619e+00
9.627627648274724947e+00
9.579918133627277399e+00
9.511527396602451390e+00
9.426771974566339196e+00
9.298876003052683359e+00
9.167683458637304383e+00
9.040007094522145792e+00
8.940538729198905799e+00
8.882545458296350560e+00
8.842035250114021139e+00
8.810096328680229405e+00
8.767132360198312213e+00
8.692274466196701965e+00
8.605071953029909793e+00
8.486655915179960985e+00
8.363225498307391703e+00
8.201811341246859399e+00
8.018657371339397599e+00
7.760763306728629907e+00
7.472616677225498272e+00
7.109080730537160164e+00
6.750248973768360194e+00
6.382694980176594868e+00
6.082128078798140436e+00
5.867795734936340324e+00
5.747787278168293490e+00
5.668182000143269228e+00
5.622508097681588879e+00
5.585450090129874035e+00
5.587855537123163963e+00
5.632653875289894252e+00
5.758262079296430969e+00
5.914594440614894033e+00
6.116321238376596803e+00
6.316869175687741311e+00
6.560332727680251885e+00
6.835359820932768393e+00
7.219158542115327037e+00
7.630158859574385666e+00
8.110034264465175724e+00
8.564404400407823914e+00
9.017241327317849553e+00
9.445125105541356092e+00
9.892528479088193549e+00
1.032794972424144930e+01
1.079552187119213968e+01
1.124081184355502927e+01
1.168705298412923632e+01
1.210383048585297239e+01
1.249383459814159281e+01
1.286516458000707530e+01
1.320895760739611013e+01
1.355106892965433651e+01
1.386825282275436066e+01
1.417703799861923741e+01
1.445714325047755189e+01
1.471889434356578086e+01
1.495822423697672221e+01
1.517884176542358965e+01
1.536657714853030754e+01
1.553186332072587383e+01
1.567229578990812833e+01
1.579744929685074872e+01
1.590689414238075727e+01
1.601656012034473875e+01
1.611526229356093864e+01
1.620169289358513964e+01
1.627232227898276662e+01
1.631769514572546598e+01
1.634056976274108308e+01
1.633437467249816422e+01
1.632239723994041825e+01
1.629913412001441841e+01
1.628127088316751170e+01
1.624599609769790476e+01
1.619929215259757527e+01
1.612623203822306550e+01
1.605768698599323585e+01
1.599589386131782298e+01
1.595390220905711764e+01
1.592372472722993315e+01
1.589598112375176342e+01
1.586135644089089958e+01
1.581556202026161451e+01
1.577475968244476334e+01
1.574990565941832088e+01
1.574053111479801892e+01
1.574329588470165397e+01
1.574540787185382129e+01
1.574078245494844097e+01
1.573413308945338862e+01
1.573185695363244108e+01
1.573957123243937239e+01
1.577989446878984126e+01
1.583740626847125554e+01
1.592207296261985228e+01
1.600713947753534327e+01
1.608978469634952546e+01
1.615897005305675194e+01
1.623186300387952841e+01
1.631319995380797749e+01
1.642947620435809242e+01
1.655482795945042085e+01
1.669162945246786478e+01
1.681445367093931154e+01
1.691777635120856615e+01
1.700743407134754648e+01
1.709605624959937842e+01
1.718546273699143967e+01
1.728381503241376294e+01
1.738289541171895891e+01
1.746603105801611733e+01
1.754364825532251260e+01
1.761366053234120699e+01
1.767698158841385592e+01
1.773055910014838332e+01
1.776952338926568231e+01
1.779735204094232870e+01
1.781642189271024534e+01
1.783663136761576951e+01
1.786727035180173928e+01
1.789963616100535404e+01
1.793290876208080675e+01
1.795502472385955883e+01
1.795875961042174751e+01
1.795468548578357115e+01
1.794390863150617932e+01
1.793138846517879159e+01
1.791474140798882431e+01
1.789400956451299862e+01
1.787085921362060503e+01
1.785141139683918254e+01
1.783824198914129511e+01
1.782738590288074931e+01
1.781001572339637207e+01
1.778541841124278733e+01
1.775337193964216453e+01
1.772726772295575515e+01
1.770628909870770684e+01
1.768993633113107578e+01
1.767455671681642571e+01
1.765025952001674980e+01
1.762303029622298567e+01
1.759140374250686989e+01
1.756499351679689980e+01
1.753953888780178971e+01
1.751686785583617834e+01
1.749719622727742774e+01
1.747901066260656577e+01
1.745989180041460997e+01
1.744460479304249390e+01
1.742788768292506774e+01
1.741718325241922116e+01
1.740622435805620327e+01
1.739616109722038217e+01
1.738786591052666353e+01
1.738388579996887273e+01
1.739605558023106013e+01
1.741181298142123524e+01
1.743170987263076910e+01
1.744609657553328219e+01
1.745444829400254960e+01
1.747354339410668089e+01
1.751528855669521079e+01
1.757131292468434580e+01
1.764201883343548261e+01
1.770334428318816933e+01
1.775382366056237515e+01
1.779994755866986722e+01
1.785454680985608533e+01
1.791966745648452530e+01
1.798008205560547523e+01
1.803364209800035312e+01
1.806937073480843736e+01
1.809284366773944797e+01
1.811474026384916769e+01
1.814584926683004085e+01
1.817841369199827284e+01
1.820242187436580039e+01
1.821755416268999284e+01
1.821596791958265982e+01
1.820817136044332329e+01
1.819169623221767296e+01
1.816991134415358999e+01
1.812819966152220630e+01
1.808004224437815921e+01
1.801200448874791959e+01
1.794198291890555907e+01
1.787081840779693209e+01
1.780416063508754121e+01
1.773007174175767275e+01
1.765760608735275383e+01
1.758342018915418947e+01
1.751769580996161579e+01
1.746104643370271958e+01
1.741383722396657774e+01
1.736330824220292968e+01
1.731718592501515985e+01
1.727297260165594750e+01
1.723851173613634913e+01
1.721713454857095371e+01
1.720769269167042381e+01
1.720395114996198416e+01
1.720254682370454802e+01
1.720949936096141997e+01
1.722189557563776319e+01
1.723958313028853695e+01
1.726358412834255418e+01
1.728298537164845072e+01
1.730388981972539142e+01
1.732549947638204202e+01
1.734686860350695170e+01
1.736547333350515032e+01
1.737975302185014570e+01
1.738752988097256846e+01
1.739144490989411906e+01
1.739412504569793683e+01
1.739603773362552985e+01
1.738876284085458934e+01
1.735651045534114445e+01
1.731038235431931582e+01
1.724502894496317751e+01
1.718678623745481460e+01
1.713613551992283845e+01
1.709876568008098374e+01
1.706515616163033044e+01
1.703074609534458972e+01
1.698753432610582692e+01
1.694118027659318315e+01
1.689976945240201900e+01
1.687514556793260567e+01
1.685964796356312689e+01
1.685275982059265587e+01
1.684404981746946461e+01
1.682726704258792338e+01
1.681244348414274015e+01
1.680200084006310490e+01
1.679346510108033996e+01
1.678926024018820229e+01
1.678667797117116578e+01
1.679015833499419230e+01
1.679709940699945037e+01
1.681140001156565589e+01
1.682920316476467093e+01
1.684607879243948858e+01
1.685903962066262451e+01
1.686037210275274845e+01
1.685617679129661894e+01
1.683973198495960588e+01
1.682637312480874314e+01
1.682084488543993928e+01
1.682296999302220541e+01
1.682447246960001053e+01
1.681664606571757048e+01
1.678251251847911263e+01
1.673558463291381671e+01
1.666741180285324120e+01
1.659863800248139754e+01
1.652910012869255141e+01
1.647324755283882070e+01
1.643111796536190994e+01
1.640619804324554920e+01
1.638833040361123139e+01
1.637204887080484639e+01
1.635655153639292081e+01
1.633612541528482964e+01
1.631905213844033042e+01
1.631258819165216778e+01
1.631716030948426166e+01
1.633219786085029668e+01
1.634459463423900871e+01
1.635198167088651999e+01
1.635518867978976232e+01
1.636973603235018970e+01
1.639498214184015978e+01
1.642664917897883115e+01
1.645816784860267390e+01
1.648337705636238937e+01
1.651132480501723165e+01
1.655919639900690044e+01
1.661760434348754956e+01
1.668501908803334999e+01
1.674419338362170961e+01
1.679039799284856116e+01
1.683273359055740670e+01
1.687679388796562208e+01
1.692181224060496447e+01
1.697624298628833017e+01
1.702463079745797003e+01
1.705996442619885300e+01
1.707335538659861740e+01
1.707519251334136712e+01
1.707301195291956830e+01
1.707004875999235338e+01
1.706638448778247863e+01
1.705647531629638891e+01
1.702373179989791296e+01
1.697616088811548707e+01
1.691491820050778827e+01
1.685419670754982135e+01
1.679743907573103812e+01
1.674742873608459348e+01
1.669803694721214171e+01
1.664372401103945620e+01
1.658370413162681345e+01
1.653364789399224222e+01
1.649622573322226060e+01
1.646847475214958223e+01
1.644176863132660671e+01
1.640386663806942025e+01
1.634824483830099595e+01
1.629091621425785874e+01
1.622473188318553383e+01
1.616468535493621417e+01
1.610063019871554602e+01
1.603729286041177460e+01
1.597103939463412736e+01
1.590853283007234076e+01
1.585878754229302245e+01
1.581513209706416845e+01
1.577778853363621536e+01
1.573258324496701555e+01
1.568826813487751615e+01
1.563639650849348151e+01
1.559104780176031291e+01
1.555621903551682195e+01
1.553153638036635797e+01
1.551085829814432593e+01
1.548717437939744457e+01
1.544344108664455995e+01
1.539793901919921915e+01
1.534934283590410509e+01
1.531136016424256496e+01
1.528483356213431499e+01
1.525977451642192761e+01
1.522254337526838874e+01
1.518111301311317440e+01
1.512524496805787955e+01
1.507073261659635222e+01
1.502719757648564425e+01
1.499552988306082568e+01
1.498937491559112800e+01
1.499280239544255267e+01
1.500357536801730163e+01
1.501245593420314606e+01
1.502288548053145334e+01
1.503632910338471973e+01
1.505372655316849517e+01
1.506485775375378644e+01
1.506694349281974787e+01
1.505135155823950122e+01
1.502991238427879672e+01
1.500430950615970893e+01
1.498019604731846144e+01
1.495930695238138419e+01
1.493477437986578416e+01
1.489715289355338612e+01
1.485803846329363331e+01
1.481222675669120470e+01
1.477422366019037270e+01
1.474282270802855699e+01
1.471410411347190283e+01
1.468111932220414495e+01
1.464474210933104281e+01
1.460185637167309203e+01
1.455848986534747347e+01
1.450721077843769535e+01
1.445517482184140690e+01
1.438830459514179694e+01
1.432660349651051135e+01
1.427423672097548213e+01
1.423742540086936614e+01
1.421354091617047644e+01
1.418673932597251941e+01
1.415444877638900323e+01
1.411857893462709868e+01
1.409222301015405598e+01
1.407824666155344850e+01
1.408032368427421410e+01
1.408761743415024092e+01
1.409348955147746807e+01
1.409353108772373453e+01
1.408752168100924429e+01
1.407428568176437977e+01
1.406269863954306309e+01
1.406373620245530809e+01
1.407542457122339563e+01
1.411095959906319841e+01
1.415284973772924459e+01
1.419103585482737095e+01
1.422179376947609519e+01
1.423819979354113663e+01
1.424427496715732566e+01
1.424701072177340500e+01
1.424228716441845854e+01
1.422387005527879289e+01
1.420136295354533118e+01
1.417800597168644750e+01
1.415516253060985896e+01
1.412974376351528072e+01
1.409699158462920288e+01
1.405411889291874239e+01
1.401146713048540882e+01
1.398293424315182598e+01
1.395461526574297118e+01
1.390978154572196779e+01
1.384431086543063927e+01
1.373080604438121455e+01
1.361473535845498972e+01
1.351111657319333226e+01
1.343976947871442107e+01
1.340620944198554376e+01
1.337963876230260141e+01
1.334177045112267734e+01
1.328618396067375507e+01
1.323003991888010766e+01
1.318944048835552252e+01
1.316915640431502332e+01
1.316662423372305391e+01
1.316868409664422757e+01
1.316653507332936890e+01
1.316210464258739421e+01
1.315138234405457140e+01
1.314142107121996084e+01
1.312418294247110850e+01
1.310491396611190495e+01
1.307266935076945202e+01
1.303672072622482858e+01
1.299762112416490645e+01
1.297323755589095384e+01
1.297593377551408800e+01
1.299723353651050850e+01
1.303682756740452930e+01
1.307554489030799694e+01
1.311657138509810139e+01
1.315828038135017231e+01
1.321905847313390048e+01
1.327907835801187986e+01
1.334126661784275392e+01
1.338831123760261121e+01
1.341387799548515680e+01
1.343933997359298260e+01
1.346916137859190421e+01
1.351267384057702081e+01
1.354302637404665255e+01
1.353475925042103967e+01
1.349077033231410105e+01
1.340376258123633590e+01
1.331980117205003644e+01
1.325414212896771282e+01
1.320823274697254668e+01
1.318010527088619099e+01
1.314699742405172245e+01
1.309658200853468735e+01
1.304394146537706689e+01
1.300019074918467687e+01
1.297728827250938011e+01
1.297955397815114686e+01
1.297693736330115399e+01
1.296004698883929152e+01
1.293462752374953872e+01
1.291379001322439102e+01
1.291972279546069480e+01
1.297449385620737417e+01
1.303676865908845883e+01
1.309825689198130938e+01
1.313222929175179310e+01
1.314365847918487518e+01
1.315864488135410504e+01
1.320604869976149587e+01
1.327692633414506496e+01
1.337866635014920647e+01
1.346238828104000262e+01
1.351370665503663382e+01
1.353483824823198844e+01
1.355282054938426128e+01
1.359062860652776017e+01
1.364389174226711710e+01
1.370652049629244651e+01
1.376158960357913230e+01
1.380013696892481612e+01
1.382475557824421664e+01
1.383622943931456106e+01
1.384809964570151308e+01
1.386131381576295674e+01
1.387374406849901654e+01
1.387108660584118702e+01
1.386649781360116584e+01
1.386011130413783121e+01
1.386064426306707098e+01
1.387047318764179415e+01
1.388134403622856361e+01
1.389511418850999647e+01
1.390292338878008138e+01
1.390936525937055812e+01
1.392322332714078392e+01
1.396082137426135361e+01
1.400499304898873731e+01
1.405721488849137479e+01
1.410008394700890477e+01
1.412848027722599475e+01
1.415677381206903895e+01
1.418890736353227311e+01
1.425180687155092052e+01
1.432628938949380881e+01
1.442177041903382317e+01
1.450826037162442717e+01
1.458699014421367224e+01
1.466167879148088815e+01
1.475436801206801363e+01
1.484945907331763415e+01
1.494928720747830475e+01
1.503058465661622733e+01
1.509176858065078086e+01
1.513856052602191937e+01
1.519256402518733040e+01
1.525356540920840942e+01
1.533410609014268466e+01
1.541201972304450507e+01
1.547689303624810897e+01
1.552080625803373159e+01
1.554015138971158017e+01
1.555676540537855779e+01
1.557896183664063905e+01
1.559962162793392615e+01
1.561125539048034483e+01
1.560817727881849315e+01
1.558728501980312053e+01
1.556124852835238670e+01
1.552993969434668209e+01
1.549817468302423862e+01
1.544929389175197620e+01
1.538742591961431572e+01
1.532956801705869410e+01
1.528050832528973046e+01
1.524253814013050956e+01
1.521630004449403195e+01
1.519629397756439282e+01
1.517919311055983123e+01
1.516250100951993218e+01
1.515333484929733565e+01
1.514304240997452844e+01
1.513020099322880618e+01
1.511847242847930239e+01
1.510432998682760619e+01
1.509052825574155321e+01
1.507220739738482784e+01
1.505613345347257059e+01
1.504091250924730794e+01
1.503209403649628939e+01
1.503687062963848398e+01
1.505504649521429883e+01
1.509074627151828452e+01
1.513366404879331917e+01
1.518541805914253651e+01
1.523164173921184705e+01
1.526670524972277043e+01
1.529546361244878483e+01
1.531298471395774818e+01
1.532983457673020311e+01
1.534738185850478587e+01
1.536634616045387425e+01
1.538384437581058606e+01
1.538887400498640012e+01
1.538189894031990335e+01
1.536007012866728694e+01
1.533986802082624301e+01
1.532876275118571918e+01
1.533457750833164113e+01
1.535280242028052733e+01
1.537309846156871274e+01
1.538295805358723278e+01
1.538040768935206337e+01
1.535403564606276561e+01
1.532093869804428365e+01
1.527683457153979063e+01
1.523566824140036324e+01
1.520573194400848926e+01
1.518701133177449236e+01
1.518719314304244250e+01
1.519430642372059204e+01
1.520799977294141669e+01
1.522105986637767039e+01
1.523842393655597682e+01
1.525637076368829170e+01
1.527623540810647107e+01
1.529220743703061380e+01
1.530541697113424426e+01
1.531900330089541562e+01
1.533714463448780307e+01
1.535135484930550476e+01
1.536332094416050609e+01
1.536378275341943223e+01
1.536076467266348189e+01
1.535570409237990752e+01
1.535388736960726241e+01
1.535575092805240160e+01
1.535628449194968503e+01
1.535253942964119744e+01
1.534249844933719231e+01
1.531916130204913351e+01
1.528986666276101403e+01
1.526268089715425624e+01
1.524496699010922285e+01
1.524195933627211552e+01
1.524620628080300833e+01
1.525504206953054620e+01
1.526234565805072485e+01
1.526620968524684763e+01
1.527314686882083272e+01
1.528896895353243579e+01
1.530545821570660969e+01
1.532063735106644131e+01
1.532672979013188908e+01
1.532109990536175737e+01
1.531055141709708778e+01
1.529463542935863352e+01
1.528895809158110630e+01
1.529491270639205602e+01
1.531155668211107646e+01
1.534074152575269245e+01
1.536959631986436392e+01
1.539681278282839649e+01
1.541462768182647736e+01
1.542685969757951270e+01
1.544370324338699163e+01
1.546561343467321414e+01
1.549041356122554269e+01
1.551492243886804090e+01
1.553317476591523061e+01
1.555253999638905782e+01
1.557922455656259153e+01
1.561631794090527414e+01
1.566197967592754203e+01
1.569595454939099710e+01
1.569529198208706156e+01
1.567448469601870187e+01
1.562901522740162363e+01
1.559001562613736525e+01
1.557200735676502390e+01
1.557153815946159092e+01
1.558242676905794788e+01
1.558660786938061804e+01
1.557952960170888268e+01
1.557350481705650225e+01
1.557178788763962984e+01
1.556680980731631259e+01
1.555079471761722765e+01
1.552171087281202766e+01
1.546568308250520474e+01
1.540557575890136910e+01
1.534348791017742997e+01
1.528688431309063489e+01
1.523772026542632396e+01
1.518292927274331205e+01
1.512545853274726149e+01
1.506209210002209709e+01
1.499944268207992337e+01
1.494780990244771957e+01
1.490553886289096575e+01
1.486812635483543232e+01
1.482569558644840413e+01
1.477049160997597355e+01
1.471436703484743802e+01
1.465786453024473879e+01
1.461348401063338365e+01
1.458643660974016143e+01
1.456837621837230579e+01
1.455200522696025445e+01
1.452974907049167363e+01
1.449797166502517420e+01
1.446535016040565935e+01
1.443298991482178373e+01
1.441250142144620128e+01
1.440041164913536775e+01
1.439690403606231328e+01
1.439393913115347523e+01
1.438842730663751013e+01
1.437889539498170954e+01
1.436864943280656348e+01
1.435944341882225217e+01
1.434967706797899112e+01
1.433816846917428478e+01
1.433831793788638365e+01
1.434835131951151510e+01
1.437852764326407673e+01
1.441389216011748431e+01
1.444611979880316177e+01
1.446994481557440437e+01
1.447797827206562182e+01
1.447852039979505712e+01
1.448042868681278428e+01
1.449084229084018816e+01
1.452202710399167351e+01
1.455678855067103150e+01
1.460332901987588805e+01
1.464567028655852532e+01
1.467864595510466508e+01
1.469929635734016315e+01
1.471709487257594873e+01
1.473118512011879844e+01
1.474729232030732717e+01
1.476635565979400511e+01
1.478741801338788164e+01
1.480460135538258371e+01
1.481117063686969715e+01
1.480809191882057085e+01
1.478968901994140417e+01
1.475781579591906301e+01
1.470633054512762072e+01
1.465362528741966130e+01
1.459475278679119192e+01
1.453685792258139031e+01
1.448770214857473349e+01
1.444379676800891410e+01
1.440333996174911313e+01
1.436644322244525718e+01
1.433312014837791537e+01
1.430472668124301627e+01
1.427833948892616789e+01
1.425267487216608586e+01
1.423006900206378234e+01
1.420524579534468756e+01
1.418361843701796232e+01
1.416271493500562251e+01
1.414663538680870936e+01
1.414166788702778987e+01
1.413793286606559363e+01
1.413862857000742856e+01
1.413565538471380556e+01
1.412868738899324583e+01
1.412512634084122531e+01
1.413360024245289992e+01
1.414723074918814660e+01
1.416593317147823861e+01
1.418821272389688559e+01
1.420577020157378634e+01
1.422244769753448068e+01
1.424149358305654722e+01
1.426789065567323433e+01
1.430440716492828024e+01
1.433331532461868285e+01
1.434242997439120160e+01
1.432815216721044749e+01
1.430701266141526951e+01
1.427977059203660914e+01
1.425794663553968178e+01
1.424402131453593690e+01
1.423871120809704038e+01
1.424584189088491293e+01
1.425625617585171057e+01
1.426800703719951713e+01
1.426989163451030684e+01
1.425330128043109923e+01
1.422676806046502485e+01
1.419419993281025683e+01
1.417132579483652322e+01
1.416587065124482336e+01
1.416715437670370115e+01
1.417186370682321694e+01
1.416895007460817446e+01
1.415261226824748775e+01
1.413263065379261363e+01
1.411505130962764021e+01
1.410289891960457709e+01
1.410287453547466008e+01
1.410106462762231594e+01
1.409672275088284543e+01
1.409013514404922240e+01
1.408154176750802833e+01
1.407272968363603027e+01
1.406019434429536297e+01
1.403544603736127172e+01
1.400936874910575725e+01
1.398349248535515166e+01
1.396690800340825511e+01
1.396992220656711581e+01
1.398416758199997290e+01
1.400800949524216854e+01
1.402650610421089183e+01
1.403889319487704590e+01
1.404215191486453129e+01
1.403322175467345190e+01
1.402149981550489599e+01
1.400198529572099737e+01
1.398417924399394252e+01
1.397667094004526689e+01
1.397238538757274817e+01
1.397620965248923319e+01
1.397953451488058008e+01
1.398974986392367370e+01
1.399657910333896638e+01
1.400394508341550726e+01
1.401444237839382012e+01
1.402600012026742959e+01
1.403983055563035798e+01
1.405701230797989609e+01
1.406810645043901253e+01
1.406960181596838844e+01
1.406916899083442907e+01
1.407114756991130200e+01
1.407684030953673648e+01
1.408628671764103935e+01
1.410970800819091053e+01
1.415618041776700409e+01
1.432002048195244903e+01
1.462253377736079685e+01
1.531476780514402769e+01
1.626092759292559720e+01
1.769763712142519907e+01
1.925450623500776715e+01
2.106563547639149903e+01
2.288089914209503917e+01
2.498692851672243620e+01
2.718472507060037202e+01
2.981721581818816347e+01
3.247058490136323883e+01
3.532881374596496471e+01
3.798967639430482279e+01
4.060344445388842161e+01
4.300669178573466667e+01
4.540252824414414334e+01
4.764793975618670885e+01
4.988505320442080659e+01
5.191818555456281814e+01
5.381140409823768067e+01
5.549579857274162009e+01
5.696972998393243159e+01
5.829273109401832897e+01
5.945321266247847092e+01
6.046532402459217082e+01
6.130938185126356643e+01
6.197901481914083632e+01
6.250743488779363588e+01
6.288028240989753925e+01
6.315192842000620033e+01
6.323767359232682850e+01
6.316879595506911471e+01
6.274785418542298032e+01
6.211063476944813289e+01
6.101343784033123541e+01
5.975999263059734545e+01
5.813421871308223388e+01
5.646834906592684433e+01
5.451885582656196760e+01
5.255999105726878184e+01
5.031775305660141129e+01
4.809740696688732697e+01
4.567910077859350793e+01
4.323488638263720674e+01
4.098501552488633592e+01
3.881466662168976001e+01
3.686343312592585164e+01
3.502196575856599026e+01
3.335309364654901287e+01
3.175500514249167594e+01
3.030880222903044796e+01
2.896779321971121490e+01
2.780604699337694186e+01
2.679893258254266541e+01
2.593408913420750395e+01
2.518252660488637318e+01
2.452952193683456272e+01
2.396081802285791085e+01
2.348852902563854173e+01
2.314706259330055005e+01
2.292078977228954173e+01
2.288673094110911066e+01
2.298356041420296947e+01
2.333225114718077009e+01
2.392351928898148827e+01
2.461378313358357062e+01
2.552554742637823537e+01
2.648099875932601677e+01
2.763526101995054418e+01
2.882975054031748385e+01
3.025602492585984393e+01
3.170310707875703571e+01
3.333881137523683691e+01
3.491105532677562451e+01
3.655185787077648740e+01
3.809686506420524665e+01
3.968150090807434793e+01
4.117246034685605593e+01
4.267401719331951426e+01
4.404756268677175512e+01
4.535625435023288787e+01
4.653120031640491305e+01
4.763626139433949191e+01
4.862111168976525022e+01
4.953852579546646240e+01
5.035861795216402470e+01
5.111235198812920544e+01
5.179761031329038445e+01
5.239670357029032743e+01
5.290323932459441636e+01
5.331615191666239895e+01
5.361329318055849313e+01
5.383428066134050738e+01
5.395254822084891799e+01
5.400975173185122458e+01
5.394161396195288205e+01
5.379033371475937741e+01
5.343748608288550628e+01
5.297781226686275602e+01
5.227064692353719977e+01
5.148549014848320127e+01
5.047971746609135835e+01
4.945058936271443173e+01
4.827053008575683180e+01
4.710571754989629056e+01
4.583097067873593744e+01
4.459034340170427413e+01
4.325814722995543349e+01
4.197564286999180183e+01
4.063479890985458098e+01
3.929359120692939200e+01
3.805945533960542093e+01
3.685452037817857018e+01
3.576215048837607924e+01
3.472556656175919443e+01
3.379570352532555688e+01
3.293058982599678330e+01
3.216854632459643426e+01
3.147595093530548027e+01
3.086985289375849817e+01
3.032305234759142820e+01
2.984346230154574187e+01
2.942323785711354134e+01
2.907705570724515098e+01
2.883835241513010317e+01
2.868641002992769629e+01
2.867647567866864478e+01
2.874453793248680000e+01
2.896346713848338794e+01
2.925178793479268791e+01
2.971131623461466731e+01
3.033645586173740583e+01
3.101211558262382795e+01
3.183602447305868921e+01
3.266571902698264296e+01
3.359487014203125455e+01
3.451042586273595703e+01
3.553463073950035067e+01
3.655232491903615966e+01
3.767386798014918270e+01
3.875689312170586476e+01
3.987797100862587740e+01
4.092293641205403532e+01
4.196691617959159259e+01
4.293218734935587833e+01
4.389319191114635998e+01
4.478145599985283809e+01
4.564907279400539863e+01
4.642890322761575561e+01
4.715138354448993852e+01
4.778433542478075680e+01
4.835358782794544652e+01
4.885757738065461808e+01
4.932733674371867494e+01
4.974931127998416969e+01
5.010862378739044232e+01
5.039461171625842439e+01
5.061319982242678606e+01
5.075633410377805177e+01
5.085377457600184670e+01
5.088462523326290921e+01
5.087822583165067414e+01
5.078285146481771051e+01
5.062230334244572560e+01
5.030731321418355151e+01
4.991463842140816354e+01
4.934018468600431362e+01
4.871609879044621749e+01
4.793438625071261328e+01
4.713162202182392235e+01
4.620836757410742734e+01
4.529755833633949180e+01
4.430851068045219421e+01
4.335013748372220022e+01
4.232212790449192852e+01
4.125040780006527541e+01
4.023525326891848408e+01
3.919532813701901119e+01
3.823887399331945147e+01
3.731032066040845763e+01
3.647487136378401829e+01
3.569109923997766032e+01
3.498905682806422135e+01
3.432990938729192010e+01
3.374114360656975720e+01
3.319673738720047140e+01
3.271697524949576774e+01
3.227790721473525082e+01
3.189515254534541455e+01
3.155661820008693752e+01
3.127534064593159258e+01
3.106315655132964082e+01
3.091488488511218335e+01
3.086789672685010189e+01
3.089321173237484786e+01
3.104971580904159723e+01
3.127089916581845586e+01
3.161816620466809269e+01
3.207044183699242978e+01
3.255647839770014684e+01
3.316091093702101489e+01
3.378710936676005616e+01
3.452366358499130428e+01
3.526997063134275123e+01
3.612689486201103506e+01
3.698196983880576738e+01
3.794000708870066774e+01
3.886491055158384000e+01
3.984122739101311339e+01
4.075114676781754497e+01
4.167306875430116264e+01
4.253605493918833957e+01
4.339997393459285036e+01
4.419750839500523654e+01
4.494993946852326161e+01
4.561451289194372549e+01
4.621381383780883567e+01
4.673756383780189338e+01
4.722534100185668393e+01
4.768724302109016122e+01
4.810540711716542717e+01
4.849968362168642244e+01
4.884234165169264941e+01
4.912176488431177290e+01
4.933759773366195844e+01
4.947715369516415507e+01
4.957143475150191847e+01
4.961913241866888313e+01
4.963783838113207736e+01
4.959043898127936245e+01
4.949941864531128743e+01
4.929614278629934887e+01
4.903637502631924150e+01
4.863968915902074741e+01
4.819695851616567239e+01
4.760549047829169211e+01
4.697562689470495201e+01
4.620541384382277528e+01
4.542773984228973205e+01
4.454617889024899569e+01
4.367557182329448295e+01
4.273345531750777582e+01
4.175764840449697601e+01
4.084409748035665189e+01
3.991568486804901994e+01
3.905343939238557738e+01
3.818468216235769574e+01
3.737450003412036637e+01
3.657883821754479214e+01
3.585976822900649097e+01
3.518450340781708974e+01
3.459295784399541418e+01
3.405902493529145403e+01
3.358520582092309326e+01
3.314086315190602505e+01
3.274048091305780872e+01
3.235990859276264331e+01
3.202399434800975797e+01
3.173605645282117038e+01
3.151069016137234158e+01
3.136312568449585925e+01
3.127619881640360333e+01
3.128483980945235032e+01
3.135703242286449566e+01
3.155406272968241410e+01
3.186925937778612905e+01
3.222672677764658289e+01
3.269524715620575961e+01
3.318201047517191427e+01
3.377598036869668618e+01
3.438682995208910853e+01
3.511762846602097454e+01
3.585326629758963435e+01
3.668783704194643036e+01
3.750715081996739997e+01
3.839453977946511287e+01
3.925304730136418385e+01
4.015105124889043964e+01
4.100360320274037207e+01
4.186065099623811392e+01
4.265118535093272811e+01
4.341248165778888080e+01
4.410631606239044800e+01
4.478012173418593278e+01
4.540102806169075933e+01
4.599259107941307434e+01
4.652229125934226772e+01
4.698131382710496240e+01
4.738468718364639187e+01
4.774088480742467056e+01
4.806663922253635235e+01
4.835461350842483341e+01
4.858272260655564878e+01
4.875557641942480558e+01
4.885847553676133970e+01
4.893138792076327803e+01
4.896379720733953178e+01
4.896850739214053760e+01
4.891393288032654141e+01
4.880591119562974001e+01
4.857509811466271543e+01
4.828989671086812763e+01
4.788712679282915730e+01
4.744628415891528306e+01
4.689363877492013444e+01
4.630879546947669922e+01
4.560224716574592208e+01
4.488780491961574626e+01
4.408633603351702845e+01
4.323333979604738175e+01
4.240382931502284691e+01
4.152132823006898832e+01
4.067457854032107889e+01
3.980531643808376430e+01
3.899344005001167801e+01
3.819230585883565965e+01
3.745940166131274651e+01
3.675421581979519203e+01
3.612119542740660449e+01
3.552604408510262601e+01
3.499103562483028895e+01
3.448742331752234236e+01
3.402858337692072865e+01
3.357533585724766567e+01
3.316239828292641789e+01
3.276823438629037355e+01
3.242671542628963977e+01
3.214318325558809164e+01
3.191493984569698128e+01
3.175179025170670499e+01
3.165524461122137723e+01
3.160750748204208094e+01
3.164212863795008701e+01
3.172946014183439090e+01
3.193303848086906882e+01
3.218776931919726536e+01
3.256718718127174839e+01
3.298887213414380426e+01
3.352057775019905961e+01
3.406937838813836095e+01
3.471448757775527838e+01
3.536399526273041971e+01
3.610389548528443981e+01
3.683709985206441218e+01
3.765234209446709457e+01
3.844391198291149436e+01
3.928556193655861506e+01
4.008985459132110662e+01
4.091551645265442971e+01
4.169223091151813776e+01
4.246817967966214979e+01
4.318327185269830437e+01
4.387673989974472022e+01
4.452789316148582799e+01
4.511254205435130160e+01
4.565680533673058505e+01
4.614495617141107431e+01
4.659865805901273461e+01
4.700160632974239405e+01
4.736015617046823678e+01
4.766705503153267642e+01
4.791803788638337380e+01
4.811956509066881438e+01
4.825979687388192474e+01
4.836658246063877442e+01
4.842666901091893550e+01
4.846013047273254415e+01
4.843870565142543683e+01
4.838170420566191154e+01
4.823366890831071174e+01
4.803461893446968389e+01
4.773454272409537680e+01
4.739889340270477192e+01
4.696525399368562859e+01
4.649957387501382300e+01
4.591474075150683376e+01
4.522026792255075378e+01
4.451624475036787487e+01
4.372417100363203701e+01
4.295371271383298506e+01
4.213551858014170648e+01
4.135056663309414660e+01
4.051211761163714442e+01
3.971094252101033106e+01
3.888321175342514380e+01
3.811586084578532052e+01
3.736050020336348609e+01
3.666974470562865207e+01
3.600955373465747300e+01
3.541289048992402400e+01
3.485370184522108872e+01
3.435346015185978530e+01
3.388380288021344455e+01
3.345812065175084626e+01
3.305236683902507622e+01
3.268148654718588375e+01
3.233298441328215489e+01
3.202430793963085165e+01
3.177021473767007365e+01
3.157754926983285770e+01
3.143844068288544591e+01
3.137887113935606109e+01
3.136579289510517299e+01
3.144509680882637070e+01
3.157834235709161419e+01
3.182989636577979553e+01
3.213371467185373120e+01
3.256837584873174762e+01
3.304423136161170760e+01
3.365025448454338886e+01
3.427616297688828695e+01
3.500743613198356030e+01
3.572972552409068925e+01
3.651990670763764513e+01
3.728241938192325478e+01
3.810980323446742091e+01
3.891894930454361656e+01
3.978790089288148835e+01
4.061667810201767281e+01
4.144103853393697534e+01
4.221479937260748017e+01
4.291015893854653740e+01
4.358195153830118329e+01
4.420695353611266398e+01
4.482043505715811449e+01
4.536985837035471292e+01
4.586921501179148919e+01
4.629746370763520957e+01
4.668045940478781120e+01
4.702800234212704567e+01
4.735865364406330968e+01
4.765259218096161220e+01
4.789909542655170327e+01
4.808477466526496613e+01
